    650.3721        1.0121
    650.3763        1.0104
    650.3804        1.0082
    650.3846        1.0052
    650.3887        1.0005
    650.3929        0.9946
    650.3970        0.9892
    650.4011        0.9847
    650.4053        0.9800
    650.4094        0.9756
    650.4136        0.9750
    650.4177        0.9812
    650.4219        0.9927
    650.4260        1.0054
    650.4302        1.0156
    650.4343        1.0211
    650.4385        1.0220
    650.4426        1.0191
    650.4467        1.0139
    650.4509        1.0097
    650.4550        1.0110
    650.4592        1.0197
    650.4633        1.0327
    650.4675        1.0444
    650.4716        1.0509
    650.4758        1.0527
    650.4799        1.0527
    650.4841        1.0524
    650.4882        1.0489
    650.4924        1.0398
    650.4965        1.0276
    650.5006        1.0175
    650.5048        1.0119
    650.5089        1.0101
    650.5131        1.0104
    650.5172        1.0109
    650.5214        1.0085
    650.5255        1.0018
    650.5297        0.9940
    650.5338        0.9915
    650.5380        0.9992
    650.5421        1.0157
    650.5462        1.0323
    650.5504        1.0398
    650.5545        1.0367
    650.5587        1.0286
    650.5628        1.0206
    650.5670        1.0142
    650.5711        1.0099
    650.5753        1.0078
    650.5794        1.0060
    650.5836        1.0021
    650.5877        0.9968
    650.5919        0.9939
    650.5960        0.9952
    650.6001        0.9995
    650.6043        1.0053
    650.6084        1.0126
    650.6126        1.0195
    650.6167        1.0226
    650.6209        1.0205
    650.6250        1.0153
    650.6292        1.0079
    650.6333        0.9978
    650.6375        0.9874
    650.6416        0.9844
    650.6458        0.9932
    650.6499        1.0100
    650.6540        1.0275
    650.6582        1.0406
    650.6623        1.0481
    650.6665        1.0508
    650.6706        1.0519
    650.6748        1.0557
    650.6789        1.0631
    650.6831        1.0695
    650.6872        1.0692
    650.6914        1.0614
    650.6955        1.0508
    650.6996        1.0439
    650.7038        1.0447
    650.7079        1.0511
    650.7121        1.0583
    650.7162        1.0631
    650.7204        1.0656
    650.7245        1.0678
    650.7287        1.0690
    650.7328        1.0651
    650.7370        1.0544
    650.7411        1.0428
    650.7453        1.0371
    650.7494        1.0367
    650.7535        1.0357
    650.7577        1.0310
    650.7618        1.0240
    650.7660        1.0174
    650.7701        1.0139
    650.7743        1.0155
    650.7784        1.0217
    650.7826        1.0271
    650.7867        1.0262
    650.7909        1.0188
    650.7950        1.0112
    650.7992        1.0111
    650.8033        1.0211
    650.8074        1.0360
    650.8116        1.0469
    650.8157        1.0494
    650.8199        1.0456
    650.8240        1.0407
    650.8282        1.0375
    650.8323        1.0331
    650.8365        1.0232
    650.8406        1.0073
    650.8448        0.9905
    650.8489        0.9786
    650.8530        0.9746
    650.8572        0.9779
    650.8613        0.9855
    650.8655        0.9931
    650.8696        0.9971
    650.8738        0.9970
    650.8779        0.9961
    650.8821        0.9970
    650.8862        0.9994
    650.8904        1.0013
    650.8945        1.0016
    650.8987        1.0021
    650.9028        1.0054
    650.9069        1.0127
    650.9111        1.0216
    650.9152        1.0286
    650.9194        1.0316
    650.9235        1.0309
    650.9277        1.0287
    650.9318        1.0281
    650.9360        1.0313
    650.9401        1.0375
    650.9443        1.0421
    650.9484        1.0398
    650.9525        1.0283
    650.9567        1.0112
    650.9608        0.9962
    650.9650        0.9887
    650.9691        0.9878
    650.9733        0.9901
    650.9774        0.9954
    650.9816        1.0044
    650.9857        1.0159
    650.9899        1.0271
    650.9940        1.0354
    650.9982        1.0391
    651.0023        1.0375
    651.0064        1.0344
    651.0106        1.0382
    651.0147        1.0537
    651.0189        1.0735
    651.0230        1.0845
    651.0272        1.0793
    651.0313        1.0612
    651.0355        1.0404
    651.0396        1.0250
    651.0438        1.0156
    651.0479        1.0093
    651.0521        1.0065
    651.0562        1.0101
    651.0603        1.0203
    651.0645        1.0327
    651.0686        1.0419
    651.0728        1.0454
    651.0769        1.0441
    651.0811        1.0412
    651.0852        1.0386
    651.0894        1.0360
    651.0935        1.0320
    651.0977        1.0264
    651.1018        1.0215
    651.1059        1.0203
    651.1101        1.0233
    651.1142        1.0277
    651.1184        1.0307
    651.1225        1.0325
    651.1267        1.0361
    651.1308        1.0438
    651.1350        1.0526
    651.1391        1.0565
    651.1433        1.0545
    651.1474        1.0513
    651.1516        1.0502
    651.1557        1.0489
    651.1598        1.0443
    651.1640        1.0364
    651.1681        1.0274
    651.1723        1.0191
    651.1764        1.0131
    651.1806        1.0104
    651.1847        1.0082
    651.1889        1.0010
    651.1930        0.9865
    651.1972        0.9698
    651.2013        0.9586
    651.2055        0.9575
    651.2096        0.9664
    651.2137        0.9825
    651.2179        1.0010
    651.2220        1.0171
    651.2262        1.0273
    651.2303        1.0306
    651.2345        1.0291
    651.2386        1.0268
    651.2428        1.0258
    651.2469        1.0240
    651.2511        1.0188
    651.2552        1.0111
    651.2593        1.0056
    651.2635        1.0074
    651.2676        1.0171
    651.2718        1.0295
    651.2759        1.0382
    651.2801        1.0419
    651.2842        1.0431
    651.2884        1.0443
    651.2925        1.0465
    651.2967        1.0484
    651.3008        1.0484
    651.3050        1.0457
    651.3091        1.0412
    651.3132        1.0365
    651.3174        1.0331
    651.3215        1.0313
    651.3257        1.0304
    651.3298        1.0305
    651.3340        1.0303
    651.3381        1.0271
    651.3423        1.0194
    651.3464        1.0105
    651.3506        1.0073
    651.3547        1.0142
    651.3588        1.0287
    651.3630        1.0422
    651.3671        1.0471
    651.3713        1.0443
    651.3754        1.0401
    651.3796        1.0378
    651.3837        1.0349
    651.3879        1.0271
    651.3920        1.0143
    651.3962        1.0021
    651.4003        0.9976
    651.4045        1.0034
    651.4086        1.0150
    651.4127        1.0259
    651.4169        1.0313
    651.4210        1.0307
    651.4252        1.0262
    651.4293        1.0205
    651.4335        1.0148
    651.4376        1.0091
    651.4418        1.0028
    651.4459        0.9949
    651.4501        0.9843
    651.4542        0.9716
    651.4584        0.9585
    651.4625        0.9471
    651.4666        0.9380
    651.4708        0.9308
    651.4749        0.9245
    651.4791        0.9200
    651.4832        0.9199
    651.4874        0.9262
    651.4915        0.9384
    651.4957        0.9533
    651.4998        0.9676
    651.5040        0.9799
    651.5081        0.9917
    651.5122        1.0036
    651.5164        1.0134
    651.5205        1.0187
    651.5247        1.0196
    651.5288        1.0168
    651.5330        1.0111
    651.5371        1.0052
    651.5413        1.0036
    651.5454        1.0087
    651.5496        1.0174
    651.5537        1.0248
    651.5579        1.0283
    651.5620        1.0283
    651.5661        1.0262
    651.5703        1.0224
    651.5744        1.0153
    651.5786        1.0041
    651.5827        0.9908
    651.5869        0.9788
    651.5910        0.9713
    651.5952        0.9702
    651.5993        0.9760
    651.6035        0.9848
    651.6076        0.9886
    651.6118        0.9812
    651.6159        0.9637
    651.6200        0.9416
    651.6242        0.9190
    651.6283        0.8978
    651.6325        0.8787
    651.6366        0.8633
    651.6408        0.8531
    651.6449        0.8490
    651.6491        0.8501
    651.6532        0.8540
    651.6574        0.8584
    651.6615        0.8624
    651.6656        0.8676
    651.6698        0.8759
    651.6739        0.8871
    651.6781        0.8998
    651.6822        0.9134
    651.6864        0.9268
    651.6905        0.9365
    651.6947        0.9389
    651.6988        0.9346
    651.7030        0.9283
    651.7071        0.9248
    651.7113        0.9263
    651.7154        0.9324
    651.7195        0.9413
    651.7237        0.9521
    651.7278        0.9655
    651.7320        0.9829
    651.7361        1.0042
    651.7403        1.0263
    651.7444        1.0438
    651.7486        1.0516
    651.7527        1.0490
    651.7569        1.0409
    651.7610        1.0342
    651.7651        1.0309
    651.7693        1.0284
    651.7734        1.0240
    651.7776        1.0174
    651.7817        1.0100
    651.7859        1.0036
    651.7900        1.0010
    651.7942        1.0042
    651.7983        1.0106
    651.8025        1.0143
    651.8066        1.0131
    651.8108        1.0106
    651.8149        1.0112
    651.8190        1.0158
    651.8232        1.0215
    651.8273        1.0250
    651.8315        1.0262
    651.8356        1.0281
    651.8398        1.0327
    651.8439        1.0389
    651.8481        1.0448
    651.8522        1.0499
    651.8564        1.0553
    651.8605        1.0613
    651.8647        1.0648
    651.8688        1.0611
    651.8729        1.0521
    651.8771        1.0463
    651.8812        1.0486
    651.8854        1.0548
    651.8895        1.0588
    651.8937        1.0601
    651.8978        1.0608
    651.9020        1.0600
    651.9061        1.0555
    651.9103        1.0467
    651.9144        1.0350
    651.9185        1.0224
    651.9227        1.0086
    651.9268        0.9916
    651.9310        0.9714
    651.9351        0.9523
    651.9393        0.9397
    651.9434        0.9355
    651.9476        0.9373
    651.9517        0.9414
    651.9559        0.9476
    651.9600        0.9606
    651.9642        0.9827
    651.9683        1.0090
    651.9724        1.0313
    651.9766        1.0452
    651.9807        1.0500
    651.9849        1.0469
    651.9890        1.0398
    651.9932        1.0345
    651.9973        1.0348
    652.0015        1.0384
    652.0056        1.0397
    652.0098        1.0362
    652.0139        1.0294
    652.0181        1.0238
    652.0222        1.0230
    652.0263        1.0270
    652.0305        1.0337
    652.0346        1.0414
    652.0388        1.0482
    652.0429        1.0515
    652.0471        1.0513
    652.0512        1.0510
    652.0554        1.0542
    652.0595        1.0600
    652.0637        1.0650
    652.0678        1.0671
    652.0719        1.0660
    652.0761        1.0606
    652.0802        1.0498
    652.0844        1.0356
    652.0885        1.0233
    652.0927        1.0191
    652.0968        1.0237
    652.1010        1.0303
    652.1051        1.0302
    652.1093        1.0229
    652.1134        1.0144
    652.1176        1.0101
    652.1217        1.0100
    652.1258        1.0099
    652.1300        1.0070
    652.1341        1.0035
    652.1383        1.0043
    652.1424        1.0114
    652.1466        1.0229
    652.1507        1.0355
    652.1549        1.0476
    652.1590        1.0587
    652.1632        1.0666
    652.1673        1.0669
    652.1714        1.0552
    652.1756        1.0331
    652.1797        1.0078
    652.1839        0.9868
    652.1880        0.9748
    652.1922        0.9735
    652.1963        0.9816
    652.2005        0.9938
    652.2046        1.0035
    652.2088        1.0066
    652.2129        1.0043
    652.2171        1.0015
    652.2212        1.0024
    652.2253        1.0070
    652.2295        1.0121
    652.2336        1.0156
    652.2378        1.0183
    652.2419        1.0203
    652.2461        1.0204
    652.2502        1.0190
    652.2544        1.0189
    652.2585        1.0214
    652.2627        1.0251
    652.2668        1.0285
    652.2710        1.0316
    652.2751        1.0330
    652.2792        1.0297
    652.2834        1.0217
    652.2875        1.0136
    652.2917        1.0105
    652.2958        1.0143
    652.3000        1.0235
    652.3041        1.0351
    652.3083        1.0446
    652.3124        1.0471
    652.3166        1.0399
    652.3207        1.0246
    652.3248        1.0061
    652.3290        0.9904
    652.3331        0.9817
    652.3373        0.9803
    652.3414        0.9822
    652.3456        0.9816
    652.3497        0.9772
    652.3539        0.9737
    652.3580        0.9756
    652.3622        0.9819
    652.3663        0.9866
    652.3705        0.9848
    652.3746        0.9752
    652.3787        0.9625
    652.3829        0.9538
    652.3870        0.9541
    652.3912        0.9622
    652.3953        0.9708
    652.3995        0.9750
    652.4036        0.9773
    652.4078        0.9841
    652.4119        0.9979
    652.4161        1.0152
    652.4202        1.0300
    652.4243        1.0404
    652.4285        1.0506
    652.4326        1.0635
    652.4368        1.0746
    652.4409        1.0764
    652.4451        1.0671
    652.4492        1.0528
    652.4534        1.0428
    652.4575        1.0413
    652.4617        1.0430
    652.4658        1.0418
    652.4700        1.0383
    652.4741        1.0366
    652.4782        1.0372
    652.4824        1.0377
    652.4865        1.0368
    652.4907        1.0347
    652.4948        1.0323
    652.4990        1.0306
    652.5031        1.0307
    652.5073        1.0325
    652.5114        1.0346
    652.5156        1.0361
    652.5197        1.0381
    652.5239        1.0411
    652.5280        1.0432
    652.5321        1.0418
    652.5363        1.0366
    652.5404        1.0304
    652.5446        1.0260
    652.5487        1.0243
    652.5529        1.0238
    652.5570        1.0217
    652.5612        1.0162
    652.5653        1.0068
    652.5695        0.9954
    652.5736        0.9851
    652.5777        0.9795
    652.5819        0.9813
    652.5860        0.9903
    652.5902        1.0034
    652.5943        1.0160
    652.5985        1.0253
    652.6026        1.0329
    652.6068        1.0406
    652.6109        1.0472
    652.6151        1.0488
    652.6192        1.0444
    652.6234        1.0366
    652.6275        1.0295
    652.6316        1.0268
    652.6358        1.0299
    652.6399        1.0377
    652.6441        1.0469
    652.6482        1.0546
    652.6524        1.0607
    652.6565        1.0664
    652.6607        1.0707
    652.6648        1.0710
    652.6690        1.0662
    652.6731        1.0583
    652.6773        1.0502
    652.6814        1.0440
    652.6855        1.0392
    652.6897        1.0350
    652.6938        1.0327
    652.6980        1.0326
    652.7021        1.0319
    652.7063        1.0266
    652.7104        1.0179
    652.7146        1.0123
    652.7187        1.0145
    652.7229        1.0234
    652.7270        1.0333
    652.7311        1.0381
    652.7353        1.0354
    652.7394        1.0270
    652.7436        1.0174
    652.7477        1.0102
    652.7519        1.0063
    652.7560        1.0039
    652.7602        1.0002
    652.7643        0.9943
    652.7685        0.9888
    652.7726        0.9883
    652.7768        0.9952
    652.7809        1.0073
    652.7850        1.0201
    652.7892        1.0287
    652.7933        1.0302
    652.7975        1.0245
    652.8016        1.0148
    652.8058        1.0053
    652.8099        0.9990
    652.8141        0.9966
    652.8182        0.9980
    652.8224        1.0028
    652.8265        1.0083
    652.8306        1.0108
    652.8348        1.0089
    652.8389        1.0053
    652.8431        1.0035
    652.8472        1.0051
    652.8514        1.0078
    652.8555        1.0088
    652.8597        1.0096
    652.8638        1.0147
    652.8680        1.0254
    652.8721        1.0364
    652.8763        1.0414
    652.8804        1.0386
    652.8845        1.0319
    652.8887        1.0275
    652.8928        1.0281
    652.8970        1.0316
    652.9011        1.0342
    652.9053        1.0341
    652.9094        1.0320
    652.9136        1.0301
    652.9177        1.0309
    652.9219        1.0366
    652.9260        1.0478
    652.9302        1.0632
    652.9343        1.0785
    652.9384        1.0886
    652.9426        1.0911
    652.9467        1.0880
    652.9509        1.0825
    652.9550        1.0761
    652.9592        1.0687
    652.9633        1.0597
    652.9675        1.0490
    652.9716        1.0363
    652.9758        1.0225
    652.9799        1.0100
    652.9840        1.0033
    652.9882        1.0057
    652.9923        1.0138
    652.9965        1.0187
    653.0006        1.0150
    653.0048        1.0075
    653.0089        1.0049
    653.0131        1.0114
    653.0172        1.0235
    653.0214        1.0333
    653.0255        1.0354
    653.0297        1.0308
    653.0338        1.0242
    653.0379        1.0196
    653.0421        1.0177
    653.0462        1.0169
    653.0504        1.0142
    653.0545        1.0076
    653.0587        0.9983
    653.0628        0.9900
    653.0670        0.9856
    653.0711        0.9846
    653.0753        0.9849
    653.0794        0.9854
    653.0836        0.9870
    653.0877        0.9911
    653.0918        0.9982
    653.0960        1.0073
    653.1001        1.0171
    653.1043        1.0268
    653.1084        1.0346
    653.1126        1.0377
    653.1167        1.0370
    653.1209        1.0375
    653.1250        1.0427
    653.1292        1.0489
    653.1333        1.0486
    653.1374        1.0386
    653.1416        1.0239
    653.1457        1.0152
    653.1499        1.0183
    653.1540        1.0280
    653.1582        1.0356
    653.1623        1.0382
    653.1665        1.0378
    653.1706        1.0373
    653.1748        1.0390
    653.1789        1.0443
    653.1831        1.0516
    653.1872        1.0549
    653.1913        1.0481
    653.1955        1.0303
    653.1996        1.0067
    653.2038        0.9854
    653.2079        0.9715
    653.2121        0.9638
    653.2162        0.9586
    653.2204        0.9541
    653.2245        0.9507
    653.2287        0.9475
    653.2328        0.9433
    653.2369        0.9382
    653.2411        0.9350
    653.2452        0.9393
    653.2494        0.9548
    653.2535        0.9792
    653.2577        1.0064
    653.2618        1.0299
    653.2660        1.0452
    653.2701        1.0510
    653.2743        1.0483
    653.2784        1.0399
    653.2826        1.0286
    653.2867        1.0164
    653.2908        1.0059
    653.2950        1.0002
    653.2991        1.0019
    653.3033        1.0105
    653.3074        1.0228
    653.3116        1.0348
    653.3157        1.0422
    653.3199        1.0426
    653.3240        1.0385
    653.3282        1.0377
    653.3323        1.0458
    653.3365        1.0596
    653.3406        1.0707
    653.3447        1.0740
    653.3489        1.0691
    653.3530        1.0580
    653.3572        1.0437
    653.3613        1.0300
    653.3655        1.0210
    653.3696        1.0191
    653.3738        1.0219
    653.3779        1.0230
    653.3821        1.0180
    653.3862        1.0096
    653.3903        1.0029
    653.3945        0.9978
    653.3986        0.9917
    653.4028        0.9853
    653.4069        0.9822
    653.4111        0.9847
    653.4152        0.9910
    653.4194        0.9966
    653.4235        0.9987
    653.4277        0.9991
    653.4318        1.0010
    653.4360        1.0054
    653.4401        1.0098
    653.4442        1.0115
    653.4484        1.0108
    653.4525        1.0105
    653.4567        1.0126
    653.4608        1.0144
    653.4650        1.0132
    653.4691        1.0112
    653.4733        1.0121
    653.4774        1.0153
    653.4816        1.0168
    653.4857        1.0149
    653.4899        1.0106
    653.4940        1.0050
    653.4981        0.9988
    653.5023        0.9938
    653.5064        0.9923
    653.5106        0.9957
    653.5147        1.0030
    653.5189        1.0106
    653.5230        1.0155
    653.5272        1.0182
    653.5313        1.0208
    653.5355        1.0243
    653.5396        1.0284
    653.5437        1.0327
    653.5479        1.0348
    653.5520        1.0304
    653.5562        1.0185
    653.5603        1.0057
    653.5645        1.0001
    653.5686        1.0024
    653.5728        1.0077
    653.5769        1.0135
    653.5811        1.0198
    653.5852        1.0244
    653.5894        1.0244
    653.5935        1.0208
    653.5976        1.0196
    653.6018        1.0267
    653.6059        1.0418
    653.6101        1.0572
    653.6142        1.0640
    653.6184        1.0611
    653.6225        1.0541
    653.6267        1.0477
    653.6308        1.0419
    653.6350        1.0331
    653.6391        1.0189
    653.6432        1.0015
    653.6474        0.9859
    653.6515        0.9758
    653.6557        0.9719
    653.6598        0.9725
    653.6640        0.9756
    653.6681        0.9795
    653.6723        0.9840
    653.6764        0.9907
    653.6806        0.9996
    653.6847        1.0080
    653.6889        1.0136
    653.6930        1.0186
    653.6971        1.0267
    653.7013        1.0360
    653.7054        1.0410
    653.7096        1.0390
    653.7137        1.0314
    653.7179        1.0207
    653.7220        1.0092
    653.7262        0.9995
    653.7303        0.9928
    653.7345        0.9879
    653.7386        0.9824
    653.7428        0.9762
    653.7469        0.9712
    653.7510        0.9692
    653.7552        0.9718
    653.7593        0.9814
    653.7635        0.9978
    653.7676        1.0144
    653.7718        1.0233
    653.7759        1.0229
    653.7801        1.0187
    653.7842        1.0170
    653.7884        1.0202
    653.7925        1.0267
    653.7966        1.0327
    653.8008        1.0343
    653.8049        1.0303
    653.8091        1.0225
    653.8132        1.0148
    653.8174        1.0102
    653.8215        1.0102
    653.8257        1.0157
    653.8298        1.0252
    653.8340        1.0348
    653.8381        1.0404
    653.8423        1.0425
    653.8464        1.0445
    653.8505        1.0487
    653.8547        1.0543
    653.8588        1.0590
    653.8630        1.0613
    653.8671        1.0608
    653.8713        1.0571
    653.8754        1.0489
    653.8796        1.0350
    653.8837        1.0159
    653.8879        0.9958
    653.8920        0.9809
    653.8962        0.9764
    653.9003        0.9833
    653.9044        0.9975
    653.9086        1.0117
    653.9127        1.0202
    653.9169        1.0226
    653.9210        1.0226
    653.9252        1.0233
    653.9293        1.0240
    653.9335        1.0207
    653.9376        1.0117
    653.9418        1.0009
    653.9459        0.9950
    653.9500        0.9958
    653.9542        0.9992
    653.9583        1.0007
    653.9625        0.9999
    653.9666        1.0017
    653.9708        1.0100
    653.9749        1.0209
    653.9791        1.0257
    653.9832        1.0200
    653.9874        1.0088
    653.9915        1.0022
    653.9957        1.0062
    653.9998        1.0156
    654.0039        1.0200
    654.0081        1.0148
    654.0122        1.0043
    654.0164        0.9952
    654.0205        0.9908
    654.0247        0.9910
    654.0288        0.9934
    654.0330        0.9954
    654.0371        0.9964
    654.0413        0.9975
    654.0454        1.0003
    654.0495        1.0050
    654.0537        1.0099
    654.0578        1.0137
    654.0620        1.0164
    654.0661        1.0197
    654.0703        1.0253
    654.0744        1.0330
    654.0786        1.0404
    654.0827        1.0443
    654.0869        1.0418
    654.0910        1.0319
    654.0952        1.0166
    654.0993        1.0014
    654.1034        0.9919
    654.1076        0.9897
    654.1117        0.9914
    654.1159        0.9922
    654.1200        0.9892
    654.1242        0.9825
    654.1283        0.9747
    654.1325        0.9693
    654.1366        0.9693
    654.1408        0.9768
    654.1449        0.9899
    654.1491        1.0021
    654.1532        1.0080
    654.1573        1.0088
    654.1615        1.0092
    654.1656        1.0094
    654.1698        1.0073
    654.1739        1.0039
    654.1781        1.0028
    654.1822        1.0042
    654.1864        1.0062
    654.1905        1.0087
    654.1947        1.0121
    654.1988        1.0128
    654.2029        1.0062
    654.2071        0.9925
    654.2112        0.9765
    654.2154        0.9620
    654.2195        0.9503
    654.2237        0.9419
    654.2278        0.9384
    654.2320        0.9416
    654.2361        0.9518
    654.2403        0.9657
    654.2444        0.9791
    654.2486        0.9908
    654.2527        1.0028
    654.2568        1.0168
    654.2610        1.0296
    654.2651        1.0333
    654.2693        1.0229
    654.2734        1.0038
    654.2776        0.9866
    654.2817        0.9769
    654.2859        0.9735
    654.2900        0.9732
    654.2942        0.9751
    654.2983        0.9796
    654.3025        0.9869
    654.3066        0.9956
    654.3107        1.0036
    654.3149        1.0100
    654.3190        1.0147
    654.3232        1.0187
    654.3273        1.0220
    654.3315        1.0233
    654.3356        1.0213
    654.3398        1.0159
    654.3439        1.0082
    654.3481        0.9993
    654.3522        0.9895
    654.3563        0.9782
    654.3605        0.9638
    654.3646        0.9441
    654.3688        0.9184
    654.3729        0.8900
    654.3771        0.8644
    654.3812        0.8460
    654.3854        0.8369
    654.3895        0.8369
    654.3937        0.8451
    654.3978        0.8602
    654.4020        0.8816
    654.4061        0.9086
    654.4102        0.9370
    654.4144        0.9582
    654.4185        0.9655
    654.4227        0.9615
    654.4268        0.9555
    654.4310        0.9562
    654.4351        0.9668
    654.4393        0.9839
    654.4434        1.0016
    654.4476        1.0148
    654.4517        1.0210
    654.4558        1.0199
    654.4600        1.0148
    654.4641        1.0114
    654.4683        1.0127
    654.4724        1.0150
    654.4766        1.0125
    654.4807        1.0040
    654.4849        0.9933
    654.4890        0.9856
    654.4932        0.9834
    654.4973        0.9851
    654.5015        0.9875
    654.5056        0.9888
    654.5097        0.9899
    654.5139        0.9933
    654.5180        1.0010
    654.5222        1.0118
    654.5263        1.0227
    654.5305        1.0304
    654.5346        1.0321
    654.5388        1.0261
    654.5429        1.0132
    654.5471        0.9971
    654.5512        0.9824
    654.5554        0.9723
    654.5595        0.9677
    654.5636        0.9676
    654.5678        0.9700
    654.5719        0.9725
    654.5761        0.9744
    654.5802        0.9771
    654.5844        0.9806
    654.5885        0.9813
    654.5927        0.9760
    654.5968        0.9666
    654.6010        0.9585
    654.6051        0.9567
    654.6092        0.9619
    654.6134        0.9712
    654.6175        0.9805
    654.6217        0.9868
    654.6258        0.9869
    654.6300        0.9780
    654.6341        0.9635
    654.6383        0.9541
    654.6424        0.9562
    654.6466        0.9647
    654.6507        0.9718
    654.6549        0.9788
    654.6590        0.9912
    654.6631        1.0081
    654.6673        1.0230
    654.6714        1.0303
    654.6756        1.0296
    654.6797        1.0253
    654.6839        1.0212
    654.6880        1.0166
    654.6922        1.0097
    654.6963        1.0025
    654.7005        0.9986
    654.7046        0.9994
    654.7088        1.0027
    654.7129        1.0038
    654.7170        0.9981
    654.7212        0.9838
    654.7253        0.9646
    654.7295        0.9480
    654.7336        0.9403
    654.7378        0.9416
    654.7419        0.9467
    654.7461        0.9496
    654.7502        0.9469
    654.7544        0.9406
    654.7585        0.9354
    654.7626        0.9352
    654.7668        0.9397
    654.7709        0.9440
    654.7751        0.9431
    654.7792        0.9364
    654.7834        0.9280
    654.7875        0.9235
    654.7917        0.9259
    654.7958        0.9336
    654.8000        0.9423
    654.8041        0.9493
    654.8083        0.9549
    654.8124        0.9614
    654.8165        0.9701
    654.8207        0.9793
    654.8248        0.9845
    654.8290        0.9817
    654.8331        0.9716
    654.8373        0.9591
    654.8414        0.9482
    654.8456        0.9377
    654.8497        0.9249
    654.8539        0.9092
    654.8580        0.8930
    654.8621        0.8796
    654.8663        0.8737
    654.8704        0.8785
    654.8746        0.8918
    654.8787        0.9059
    654.8829        0.9162
    654.8870        0.9254
    654.8912        0.9384
    654.8953        0.9552
    654.8995        0.9697
    654.9036        0.9740
    654.9078        0.9660
    654.9119        0.9529
    654.9160        0.9464
    654.9202        0.9543
    654.9243        0.9727
    654.9285        0.9891
    654.9326        0.9957
    654.9368        0.9961
    654.9409        0.9973
    654.9451        1.0010
    654.9492        1.0055
    654.9534        1.0081
    654.9575        1.0066
    654.9617        1.0000
    654.9658        0.9917
    654.9699        0.9881
    654.9741        0.9914
    654.9782        0.9978
    654.9824        1.0017
    654.9865        1.0009
    654.9907        0.9959
    654.9948        0.9876
    654.9990        0.9765
    655.0031        0.9641
    655.0073        0.9535
    655.0114        0.9480
    655.0155        0.9465
    655.0197        0.9448
    655.0238        0.9416
    655.0280        0.9407
    655.0321        0.9455
    655.0363        0.9562
    655.0404        0.9712
    655.0446        0.9883
    655.0487        1.0032
    655.0529        1.0114
    655.0570        1.0119
    655.0612        1.0089
    655.0653        1.0083
    655.0694        1.0131
    655.0736        1.0205
    655.0777        1.0240
    655.0819        1.0196
    655.0860        1.0088
    655.0902        0.9972
    655.0943        0.9895
    655.0985        0.9863
    655.1026        0.9847
    655.1068        0.9827
    655.1109        0.9804
    655.1150        0.9781
    655.1192        0.9762
    655.1233        0.9752
    655.1275        0.9750
    655.1316        0.9736
    655.1358        0.9693
    655.1399        0.9647
    655.1441        0.9655
    655.1482        0.9742
    655.1524        0.9879
    655.1565        1.0015
    655.1607        1.0115
    655.1648        1.0174
    655.1689        1.0198
    655.1731        1.0177
    655.1772        1.0102
    655.1814        0.9994
    655.1855        0.9899
    655.1897        0.9844
    655.1938        0.9835
    655.1980        0.9870
    655.2021        0.9936
    655.2063        0.9993
    655.2104        0.9991
    655.2146        0.9914
    655.2187        0.9791
    655.2228        0.9685
    655.2270        0.9637
    655.2311        0.9630
    655.2353        0.9598
    655.2394        0.9478
    655.2436        0.9256
    655.2477        0.8988
    655.2519        0.8755
    655.2560        0.8614
    655.2602        0.8581
    655.2643        0.8642
    655.2684        0.8763
    655.2726        0.8896
    655.2767        0.8996
    655.2809        0.9047
    655.2850        0.9080
    655.2892        0.9157
    655.2933        0.9305
    655.2975        0.9467
    655.3016        0.9558
    655.3058        0.9546
    655.3099        0.9473
    655.3141        0.9417
    655.3182        0.9444
    655.3223        0.9571
    655.3265        0.9757
    655.3306        0.9919
    655.3348        0.9979
    655.3389        0.9914
    655.3431        0.9765
    655.3472        0.9602
    655.3514        0.9484
    655.3555        0.9420
    655.3597        0.9385
    655.3638        0.9348
    655.3680        0.9297
    655.3721        0.9240
    655.3762        0.9207
    655.3804        0.9235
    655.3845        0.9324
    655.3887        0.9421
    655.3928        0.9473
    655.3970        0.9480
    655.4011        0.9480
    655.4053        0.9500
    655.4094        0.9528
    655.4136        0.9541
    655.4177        0.9542
    655.4218        0.9577
    655.4260        0.9672
    655.4301        0.9793
    655.4343        0.9890
    655.4384        0.9951
    655.4426        0.9973
    655.4467        0.9937
    655.4509        0.9848
    655.4550        0.9765
    655.4592        0.9752
    655.4633        0.9818
    655.4675        0.9925
    655.4716        1.0021
    655.4757        1.0083
    655.4799        1.0115
    655.4840        1.0135
    655.4882        1.0143
    655.4923        1.0128
    655.4965        1.0083
    655.5006        1.0028
    655.5048        1.0002
    655.5089        1.0023
    655.5131        1.0070
    655.5172        1.0105
    655.5213        1.0111
    655.5255        1.0088
    655.5296        1.0043
    655.5338        0.9988
    655.5379        0.9938
    655.5421        0.9907
    655.5462        0.9901
    655.5504        0.9925
    655.5545        0.9988
    655.5587        1.0088
    655.5628        1.0204
    655.5670        1.0290
    655.5711        1.0319
    655.5752        1.0332
    655.5794        1.0412
    655.5835        1.0586
    655.5877        1.0791
    655.5918        1.0947
    655.5960        1.1021
    655.6001        1.1026
    655.6043        1.0989
    655.6084        1.0935
    655.6126        1.0882
    655.6167        1.0842
    655.6209        1.0816
    655.6250        1.0799
    655.6291        1.0787
    655.6333        1.0782
    655.6374        1.0797
    655.6416        1.0840
    655.6457        1.0908
    655.6499        1.0990
    655.6540        1.1078
    655.6582        1.1164
    655.6623        1.1241
    655.6665        1.1290
    655.6706        1.1301
    655.6747        1.1288
    655.6789        1.1283
    655.6830        1.1308
    655.6872        1.1361
    655.6913        1.1432
    655.6955        1.1504
    655.6996        1.1553
    655.7038        1.1558
    655.7079        1.1521
    655.7121        1.1471
    655.7162        1.1443
    655.7204        1.1455
    655.7245        1.1497
    655.7286        1.1556
    655.7328        1.1642
    655.7369        1.1789
    655.7411        1.2031
    655.7452        1.2369
    655.7494        1.2754
    655.7535        1.3105
    655.7577        1.3339
    655.7618        1.3434
    655.7660        1.3441
    655.7701        1.3445
    655.7743        1.3495
    655.7784        1.3579
    655.7825        1.3654
    655.7867        1.3708
    655.7908        1.3784
    655.7950        1.3937
    655.7991        1.4172
    655.8033        1.4438
    655.8074        1.4680
    655.8116        1.4869
    655.8157        1.5022
    655.8199        1.5178
    655.8240        1.5363
    655.8281        1.5577
    655.8323        1.5796
    655.8364        1.5985
    655.8406        1.6124
    655.8447        1.6238
    655.8489        1.6392
    655.8530        1.6621
    655.8572        1.6888
    655.8613        1.7140
    655.8655        1.7381
    655.8696        1.7653
    655.8738        1.7981
    655.8779        1.8352
    655.8820        1.8725
    655.8862        1.9054
    655.8903        1.9316
    655.8945        1.9524
    655.8986        1.9721
    655.9028        1.9922
    655.9069        2.0100
    655.9111        2.0233
    655.9152        2.0347
    655.9194        2.0491
    655.9235        2.0688
    655.9276        2.0919
    655.9318        2.1142
    655.9359        2.1335
    655.9401        2.1514
    655.9442        2.1725
    655.9484        2.2007
    655.9525        2.2371
    655.9567        2.2785
    655.9608        2.3177
    655.9650        2.3480
    655.9691        2.3680
    655.9733        2.3824
    655.9774        2.3962
    655.9815        2.4105
    655.9857        2.4238
    655.9898        2.4366
    655.9940        2.4524
    655.9981        2.4757
    656.0023        2.5065
    656.0064        2.5381
    656.0106        2.5608
    656.0147        2.5674
    656.0189        2.5575
    656.0230        2.5382
    656.0272        2.5226
    656.0313        2.5219
    656.0354        2.5381
    656.0396        2.5644
    656.0437        2.5928
    656.0479        2.6185
    656.0520        2.6378
    656.0562        2.6485
    656.0603        2.6533
    656.0645        2.6598
    656.0686        2.6740
    656.0728        2.6949
    656.0769        2.7147
    656.0810        2.7243
    656.0852        2.7206
    656.0893        2.7070
    656.0935        2.6902
    656.0976        2.6762
    656.1018        2.6690
    656.1059        2.6682
    656.1101        2.6680
    656.1142        2.6607
    656.1184        2.6438
    656.1225        2.6212
    656.1267        2.6002
    656.1308        2.5860
    656.1349        2.5796
    656.1391        2.5782
    656.1432        2.5780
    656.1474        2.5763
    656.1515        2.5719
    656.1557        2.5636
    656.1598        2.5497
    656.1640        2.5293
    656.1681        2.5044
    656.1723        2.4792
    656.1764        2.4577
    656.1806        2.4433
    656.1847        2.4383
    656.1888        2.4425
    656.1930        2.4512
    656.1971        2.4570
    656.2013        2.4537
    656.2054        2.4409
    656.2096        2.4248
    656.2137        2.4125
    656.2179        2.4063
    656.2220        2.4046
    656.2262        2.4057
    656.2303        2.4091
    656.2344        2.4145
    656.2386        2.4216
    656.2427        2.4298
    656.2469        2.4398
    656.2510        2.4532
    656.2552        2.4716
    656.2593        2.4942
    656.2635        2.5188
    656.2676        2.5434
    656.2718        2.5694
    656.2759        2.6005
    656.2801        2.6360
    656.2842        2.6679
    656.2883        2.6887
    656.2925        2.6986
    656.2966        2.7048
    656.3008        2.7148
    656.3049        2.7312
    656.3091        2.7504
    656.3132        2.7658
    656.3174        2.7726
    656.3215        2.7691
    656.3257        2.7578
    656.3298        2.7446
    656.3339        2.7350
    656.3381        2.7292
    656.3422        2.7216
    656.3464        2.7072
    656.3505        2.6867
    656.3547        2.6652
    656.3588        2.6475
    656.3630        2.6352
    656.3671        2.6266
    656.3713        2.6178
    656.3754        2.6052
    656.3796        2.5859
    656.3837        2.5592
    656.3878        2.5259
    656.3920        2.4874
    656.3961        2.4442
    656.4003        2.3958
    656.4044        2.3428
    656.4086        2.2886
    656.4127        2.2401
    656.4169        2.2040
    656.4210        2.1838
    656.4252        2.1787
    656.4293        2.1855
    656.4335        2.2002
    656.4376        2.2174
    656.4417        2.2317
    656.4459        2.2404
    656.4500        2.2434
    656.4542        2.2410
    656.4583        2.2320
    656.4625        2.2146
    656.4666        2.1891
    656.4708        2.1594
    656.4749        2.1305
    656.4791        2.1040
    656.4832        2.0787
    656.4873        2.0537
    656.4915        2.0303
    656.4956        2.0103
    656.4998        1.9945
    656.5039        1.9804
    656.5081        1.9638
    656.5122        1.9410
    656.5164        1.9129
    656.5205        1.8842
    656.5247        1.8592
    656.5288        1.8366
    656.5330        1.8141
    656.5371        1.7925
    656.5412        1.7733
    656.5454        1.7548
    656.5495        1.7348
    656.5537        1.7145
    656.5578        1.6950
    656.5620        1.6742
    656.5661        1.6500
    656.5703        1.6240
    656.5744        1.5997
    656.5786        1.5784
    656.5827        1.5591
    656.5869        1.5403
    656.5910        1.5204
    656.5951        1.4990
    656.5993        1.4771
    656.6034        1.4566
    656.6076        1.4387
    656.6117        1.4229
    656.6159        1.4081
    656.6200        1.3945
    656.6242        1.3812
    656.6283        1.3665
    656.6325        1.3494
    656.6366        1.3320
    656.6407        1.3190
    656.6449        1.3142
    656.6490        1.3166
    656.6532        1.3197
    656.6573        1.3170
    656.6615        1.3064
    656.6656        1.2908
    656.6698        1.2745
    656.6739        1.2597
    656.6781        1.2461
    656.6822        1.2340
    656.6864        1.2248
    656.6905        1.2180
    656.6946        1.2099
    656.6988        1.1963
    656.7029        1.1768
    656.7071        1.1558
    656.7112        1.1386
    656.7154        1.1256
    656.7195        1.1136
    656.7237        1.1017
    656.7278        1.0924
    656.7320        1.0873
    656.7361        1.0854
    656.7402        1.0856
    656.7444        1.0892
    656.7485        1.0988
    656.7527        1.1141
    656.7568        1.1291
    656.7610        1.1372
    656.7651        1.1378
    656.7693        1.1330
    656.7734        1.1216
    656.7776        1.1027
    656.7817        1.0818
    656.7859        1.0655
    656.7900        1.0544
    656.7941        1.0465
    656.7983        1.0441
    656.8024        1.0499
    656.8066        1.0599
    656.8107        1.0677
    656.8149        1.0719
    656.8190        1.0731
    656.8232        1.0693
    656.8273        1.0599
    656.8315        1.0501
    656.8356        1.0457
    656.8398        1.0450
    656.8439        1.0428
    656.8480        1.0357
    656.8522        1.0243
    656.8563        1.0106
    656.8605        0.9971
    656.8646        0.9855
    656.8688        0.9758
    656.8729        0.9667
    656.8771        0.9573
    656.8812        0.9493
    656.8854        0.9459
    656.8895        0.9499
    656.8936        0.9605
    656.8978        0.9736
    656.9019        0.9846
    656.9061        0.9907
    656.9102        0.9914
    656.9144        0.9876
    656.9185        0.9825
    656.9227        0.9791
    656.9268        0.9757
    656.9310        0.9677
    656.9351        0.9550
    656.9393        0.9438
    656.9434        0.9396
    656.9475        0.9419
    656.9517        0.9471
    656.9558        0.9524
    656.9600        0.9561
    656.9641        0.9574
    656.9683        0.9573
    656.9724        0.9576
    656.9766        0.9596
    656.9807        0.9627
    656.9849        0.9659
    656.9890        0.9684
    656.9932        0.9698
    656.9973        0.9700
    657.0014        0.9690
    657.0056        0.9678
    657.0097        0.9674
    657.0139        0.9687
    657.0180        0.9717
    657.0222        0.9759
    657.0263        0.9817
    657.0305        0.9892
    657.0346        0.9971
    657.0388        1.0027
    657.0429        1.0027
    657.0470        0.9956
    657.0512        0.9826
    657.0553        0.9676
    657.0595        0.9546
    657.0636        0.9458
    657.0678        0.9409
    657.0719        0.9392
    657.0761        0.9411
    657.0802        0.9463
    657.0844        0.9520
    657.0885        0.9547
    657.0927        0.9543
    657.0968        0.9530
    657.1009        0.9530
    657.1051        0.9536
    657.1092        0.9521
    657.1134        0.9481
    657.1175        0.9454
    657.1217        0.9476
    657.1258        0.9540
    657.1300        0.9604
    657.1341        0.9640
    657.1383        0.9650
    657.1424        0.9651
    657.1465        0.9639
    657.1507        0.9588
    657.1548        0.9491
    657.1590        0.9390
    657.1631        0.9334
    657.1673        0.9335
    657.1714        0.9360
    657.1756        0.9353
    657.1797        0.9271
    657.1839        0.9122
    657.1880        0.8964
    657.1922        0.8855
    657.1963        0.8786
    657.2004        0.8693
    657.2046        0.8564
    657.2087        0.8462
    657.2129        0.8454
    657.2170        0.8546
    657.2212        0.8695
    657.2253        0.8852
    657.2295        0.8981
    657.2336        0.9068
    657.2378        0.9116
    657.2419        0.9137
    657.2461        0.9154
    657.2502        0.9190
    657.2543        0.9254
    657.2585        0.9344
    657.2626        0.9443
    657.2668        0.9530
    657.2709        0.9588
    657.2751        0.9615
    657.2792        0.9627
    657.2834        0.9649
    657.2875        0.9697
    657.2917        0.9779
    657.2958        0.9886
    657.2999        0.9981
    657.3041        0.9998
    657.3082        0.9902
    657.3124        0.9744
    657.3165        0.9607
    657.3207        0.9539
    657.3248        0.9534
    657.3290        0.9567
    657.3331        0.9608
    657.3373        0.9629
    657.3414        0.9616
    657.3456        0.9576
    657.3497        0.9534
    657.3538        0.9511
    657.3580        0.9508
    657.3621        0.9511
    657.3663        0.9508
    657.3704        0.9505
    657.3746        0.9515
    657.3787        0.9536
    657.3829        0.9564
    657.3870        0.9602
    657.3912        0.9650
    657.3953        0.9695
    657.3995        0.9711
    657.4036        0.9670
    657.4077        0.9569
    657.4119        0.9438
    657.4160        0.9315
    657.4202        0.9243
    657.4243        0.9265
    657.4285        0.9404
    657.4326        0.9619
    657.4368        0.9817
    657.4409        0.9928
    657.4451        0.9940
    657.4492        0.9879
    657.4533        0.9771
    657.4575        0.9638
    657.4616        0.9484
    657.4658        0.9294
    657.4699        0.9063
    657.4741        0.8829
    657.4782        0.8661
    657.4824        0.8603
    657.4865        0.8648
    657.4907        0.8751
    657.4948        0.8865
    657.4990        0.8962
    657.5031        0.9047
    657.5072        0.9142
    657.5114        0.9255
    657.5155        0.9370
    657.5197        0.9467
    657.5238        0.9554
    657.5280        0.9635
    657.5321        0.9677
    657.5363        0.9655
    657.5404        0.9604
    657.5446        0.9585
    657.5487        0.9620
    657.5528        0.9691
    657.5570        0.9773
    657.5611        0.9843
    657.5653        0.9881
    657.5694        0.9884
    657.5736        0.9872
    657.5777        0.9871
    657.5819        0.9889
    657.5860        0.9906
    657.5902        0.9891
    657.5943        0.9832
    657.5985        0.9749
    657.6026        0.9672
    657.6067        0.9612
    657.6109        0.9570
    657.6150        0.9542
    657.6192        0.9523
    657.6233        0.9514
    657.6275        0.9522
    657.6316        0.9561
    657.6358        0.9618
    657.6399        0.9656
    657.6441        0.9642
    657.6482        0.9578
    657.6524        0.9511
    657.6565        0.9495
    657.6606        0.9545
    657.6648        0.9631
    657.6689        0.9706
    657.6731        0.9740
    657.6772        0.9714
    657.6814        0.9645
    657.6855        0.9594
    657.6897        0.9615
    657.6938        0.9692
    657.6980        0.9756
    657.7021        0.9771
    657.7062        0.9758
    657.7104        0.9760
    657.7145        0.9793
    657.7187        0.9836
    657.7228        0.9848
    657.7270        0.9805
    657.7311        0.9726
    657.7353        0.9666
    657.7394        0.9651
    657.7436        0.9644
    657.7477        0.9614
    657.7519        0.9591
    657.7560        0.9621
    657.7601        0.9688
    657.7643        0.9756
    657.7684        0.9825
    657.7726        0.9911
    657.7767        0.9992
    657.7809        1.0021
    657.7850        0.9969
    657.7892        0.9867
    657.7933        0.9783
    657.7975        0.9758
    657.8016        0.9763
    657.8057        0.9760
    657.8099        0.9752
    657.8140        0.9763
    657.8182        0.9796
    657.8223        0.9824
    657.8265        0.9816
    657.8306        0.9775
    657.8348        0.9739
    657.8389        0.9728
    657.8431        0.9733
    657.8472        0.9744
    657.8514        0.9769
    657.8555        0.9808
    657.8596        0.9849
    657.8638        0.9891
    657.8679        0.9938
    657.8721        0.9969
    657.8762        0.9939
    657.8804        0.9844
    657.8845        0.9727
    657.8887        0.9647
    657.8928        0.9629
    657.8970        0.9662
    657.9011        0.9712
    657.9053        0.9758
    657.9094        0.9793
    657.9135        0.9815
    657.9177        0.9828
    657.9218        0.9844
    657.9260        0.9879
    657.9301        0.9942
    657.9343        1.0027
    657.9384        1.0117
    657.9426        1.0172
    657.9467        1.0145
    657.9509        1.0029
    657.9550        0.9888
    657.9591        0.9797
    657.9633        0.9769
    657.9674        0.9761
    657.9716        0.9735
    657.9757        0.9682
    657.9799        0.9635
    657.9840        0.9651
    657.9882        0.9769
    657.9923        0.9964
    657.9965        1.0143
    658.0006        1.0215
    658.0048        1.0165
    658.0089        1.0054
    658.0130        0.9957
    658.0172        0.9912
    658.0213        0.9903
    658.0255        0.9891
    658.0296        0.9857
    658.0338        0.9802
    658.0379        0.9736
    658.0421        0.9671
    658.0462        0.9613
    658.0504        0.9558
    658.0545        0.9500
    658.0587        0.9444
    658.0628        0.9416
    658.0669        0.9449
    658.0711        0.9548
    658.0752        0.9665
    658.0794        0.9725
    658.0835        0.9702
    658.0877        0.9634
    658.0918        0.9579
    658.0960        0.9555
    658.1001        0.9514
    658.1043        0.9406
    658.1084        0.9257
    658.1125        0.9157
    658.1167        0.9182
    658.1208        0.9331
    658.1250        0.9525
    658.1291        0.9679
    658.1333        0.9762
    658.1374        0.9787
    658.1416        0.9771
    658.1457        0.9730
    658.1499        0.9700
    658.1540        0.9707
    658.1582        0.9741
    658.1623        0.9776
    658.1664        0.9798
    658.1706        0.9829
    658.1747        0.9903
    658.1789        1.0015
    658.1830        1.0109
    658.1872        1.0136
    658.1913        1.0098
    658.1955        1.0035
    658.1996        0.9968
    658.2038        0.9893
    658.2079        0.9807
    658.2120        0.9753
    658.2162        0.9792
    658.2203        0.9920
    658.2245        1.0047
    658.2286        1.0087
    658.2328        1.0036
    658.2369        0.9952
    658.2411        0.9903
    658.2452        0.9925
    658.2494        1.0008
    658.2535        1.0107
    658.2577        1.0168
    658.2618        1.0170
    658.2659        1.0122
    658.2701        1.0043
    658.2742        0.9949
    658.2784        0.9859
    658.2825        0.9798
    658.2867        0.9778
    658.2908        0.9797
    658.2950        0.9835
    658.2991        0.9865
    658.3033        0.9861
    658.3074        0.9825
    658.3116        0.9792
    658.3157        0.9796
    658.3198        0.9833
    658.3240        0.9862
    658.3281        0.9846
    658.3323        0.9786
    658.3364        0.9722
    658.3406        0.9674
    658.3447        0.9619
    658.3489        0.9546
    658.3530        0.9500
    658.3572        0.9527
    658.3613        0.9619
    658.3654        0.9736
    658.3696        0.9853
    658.3737        0.9959
    658.3779        1.0038
    658.3820        1.0082
    658.3862        1.0105
    658.3903        1.0134
    658.3945        1.0182
    658.3986        1.0235
    658.4028        1.0261
    658.4069        1.0239
    658.4111        1.0177
    658.4152        1.0100
    658.4193        1.0029
    658.4235        0.9983
    658.4276        0.9970
    658.4318        0.9990
    658.4359        1.0039
    658.4401        1.0111
    658.4442        1.0189
    658.4484        1.0234
    658.4525        1.0192
    658.4567        1.0043
    658.4608        0.9835
    658.4650        0.9674
    658.4691        0.9643
    658.4732        0.9731
    658.4774        0.9862
    658.4815        0.9969
    658.4857        1.0015
    658.4898        0.9982
    658.4940        0.9898
    658.4981        0.9848
    658.5023        0.9885
    658.5064        0.9963
    658.5106        1.0003
    658.5147        0.9994
    658.5188        0.9978
    658.5230        0.9992
    658.5271        1.0030
    658.5313        1.0062
    658.5354        1.0076
    658.5396        1.0090
    658.5437        1.0097
    658.5479        1.0060
    658.5520        0.9972
    658.5562        0.9892
    658.5603        0.9881
    658.5645        0.9937
    658.5686        1.0018
    658.5727        1.0080
    658.5769        1.0098
    658.5810        1.0062
    658.5852        0.9976
    658.5893        0.9869
    658.5935        0.9803
    658.5976        0.9820
    658.6018        0.9890
    658.6059        0.9933
    658.6101        0.9913
    658.6142        0.9866
    658.6183        0.9835
    658.6225        0.9822
    658.6266        0.9800
    658.6308        0.9752
    658.6349        0.9696
    658.6391        0.9651
    658.6432        0.9597
    658.6474        0.9505
    658.6515        0.9391
    658.6557        0.9315
    658.6598        0.9323
    658.6640        0.9392
    658.6681        0.9443
    658.6722        0.9420
    658.6764        0.9357
    658.6805        0.9335
    658.6847        0.9400
    658.6888        0.9535
    658.6930        0.9674
    658.6971        0.9759
    658.7013        0.9773
    658.7054        0.9748
    658.7096        0.9734
    658.7137        0.9752
    658.7179        0.9780
    658.7220        0.9799
    658.7261        0.9816
    658.7303        0.9849
    658.7344        0.9907
    658.7386        0.9980
    658.7427        1.0054
    658.7469        1.0107
    658.7510        1.0121
    658.7552        1.0086
    658.7593        1.0021
    658.7635        0.9966
    658.7676        0.9952
    658.7717        0.9957
    658.7759        0.9929
    658.7800        0.9840
    658.7842        0.9727
    658.7883        0.9665
    658.7925        0.9716
    658.7966        0.9870
    658.8008        1.0041
    658.8049        1.0115
    658.8091        1.0059
    658.8132        0.9967
    658.8174        0.9962
    658.8215        1.0067
    658.8256        1.0211
    658.8298        1.0320
    658.8339        1.0359
    658.8381        1.0326
    658.8422        1.0233
    658.8464        1.0105
    658.8505        0.9982
    658.8547        0.9916
    658.8588        0.9925
    658.8630        0.9973
    658.8671        1.0009
    658.8713        1.0005
    658.8754        0.9965
    658.8795        0.9907
    658.8837        0.9855
    658.8878        0.9830
    658.8920        0.9828
    658.8961        0.9829
    658.9003        0.9828
    658.9044        0.9841
    658.9086        0.9871
    658.9127        0.9901
    658.9169        0.9918
    658.9210        0.9926
    658.9251        0.9933
    658.9293        0.9939
    658.9334        0.9946
    658.9376        0.9958
    658.9417        0.9964
    658.9459        0.9952
    658.9500        0.9918
    658.9542        0.9885
    658.9583        0.9896
    658.9625        0.9974
    658.9666        1.0092
    658.9708        1.0198
    658.9749        1.0260
    658.9790        1.0285
    658.9832        1.0308
    658.9873        1.0361
    658.9915        1.0446
    658.9956        1.0533
    658.9998        1.0577
    659.0039        1.0550
    659.0081        1.0460
    659.0122        1.0327
    659.0164        1.0166
    659.0205        1.0013
    659.0246        0.9920
    659.0288        0.9912
    659.0329        0.9956
    659.0371        0.9999
    659.0412        1.0015
    659.0454        1.0004
    659.0495        0.9979
    659.0537        0.9956
    659.0578        0.9949
    659.0620        0.9958
    659.0661        0.9963
    659.0703        0.9930
    659.0744        0.9840
    659.0785        0.9716
    659.0827        0.9618
    659.0868        0.9596
    659.0910        0.9662
    659.0951        0.9784
    659.0993        0.9915
    659.1034        1.0011
    659.1076        1.0042
    659.1117        0.9995
    659.1159        0.9901
    659.1200        0.9816
    659.1242        0.9773
    659.1283        0.9739
    659.1324        0.9687
    659.1366        0.9656
    659.1407        0.9695
    659.1449        0.9779
    659.1490        0.9849
    659.1532        0.9887
    659.1573        0.9910
    659.1615        0.9930
    659.1656        0.9956
    659.1698        1.0004
    659.1739        1.0091
    659.1780        1.0221
    659.1822        1.0368
    659.1863        1.0481
    659.1905        1.0508
    659.1946        1.0436
    659.1988        1.0321
    659.2029        1.0253
    659.2071        1.0271
    659.2112        1.0335
    659.2154        1.0381
    659.2195        1.0372
    659.2237        1.0309
    659.2278        1.0224
    659.2319        1.0157
    659.2361        1.0139
    659.2402        1.0160
    659.2444        1.0181
    659.2485        1.0166
    659.2527        1.0107
    659.2568        1.0034
    659.2610        0.9980
    659.2651        0.9943
    659.2693        0.9910
    659.2734        0.9881
    659.2776        0.9875
    659.2817        0.9904
    659.2858        0.9966
    659.2900        1.0044
    659.2941        1.0105
    659.2983        1.0108
    659.3024        1.0020
    659.3066        0.9847
    659.3107        0.9648
    659.3149        0.9507
    659.3190        0.9483
    659.3232        0.9562
    659.3273        0.9681
    659.3314        0.9774
    659.3356        0.9811
    659.3397        0.9802
    659.3439        0.9779
    659.3480        0.9774
    659.3522        0.9814
    659.3563        0.9908
    659.3605        1.0047
    659.3646        1.0192
    659.3688        1.0301
    659.3729        1.0344
    659.3771        1.0321
    659.3812        1.0256
    659.3853        1.0182
    659.3895        1.0116
    659.3936        1.0048
    659.3978        0.9959
    659.4019        0.9856
    659.4061        0.9769
    659.4102        0.9734
    659.4144        0.9762
    659.4185        0.9833
    659.4227        0.9920
    659.4268        1.0002
    659.4309        1.0064
    659.4351        1.0088
    659.4392        1.0062
    659.4434        0.9997
    659.4475        0.9918
    659.4517        0.9846
    659.4558        0.9798
    659.4600        0.9790
    659.4641        0.9828
    659.4683        0.9905
    659.4724        0.9995
    659.4766        1.0075
    659.4807        1.0140
    659.4848        1.0196
    659.4890        1.0239
    659.4931        1.0253
    659.4973        1.0234
    659.5014        1.0196
    659.5056        1.0144
    659.5097        1.0079
    659.5139        1.0023
    659.5180        1.0008
    659.5222        1.0043
    659.5263        1.0110
    659.5305        1.0182
    659.5346        1.0232
    659.5387        1.0231
    659.5429        1.0156
    659.5470        1.0024
    659.5512        0.9890
    659.5553        0.9824
    659.5595        0.9861
    659.5636        0.9973
    659.5678        1.0101
    659.5719        1.0188
    659.5761        1.0193
    659.5802        1.0100
    659.5843        0.9943
    659.5885        0.9805
    659.5926        0.9749
    659.5968        0.9772
    659.6009        0.9838
    659.6051        0.9925
    659.6092        1.0020
    659.6134        1.0114
    659.6175        1.0206
    659.6217        1.0299
    659.6258        1.0354
    659.6300        1.0322
    659.6341        1.0218
    659.6382        1.0127
    659.6424        1.0119
    659.6465        1.0183
    659.6507        1.0252
    659.6548        1.0278
    659.6590        1.0271
    659.6631        1.0273
    659.6673        1.0301
    659.6714        1.0328
    659.6756        1.0319
    659.6797        1.0271
    659.6839        1.0217
    659.6880        1.0191
    659.6921        1.0191
    659.6963        1.0184
    659.7004        1.0140
    659.7046        1.0049
    659.7087        0.9925
    659.7129        0.9813
    659.7170        0.9767
    659.7212        0.9793
    659.7253        0.9838
    659.7295        0.9846
    659.7336        0.9819
    659.7377        0.9796
    659.7419        0.9804
    659.7460        0.9842
    659.7502        0.9889
    659.7543        0.9915
    659.7585        0.9915
    659.7626        0.9924
    659.7668        0.9989
    659.7709        1.0106
    659.7751        1.0221
    659.7792        1.0286
    659.7834        1.0288
    659.7875        1.0230
    659.7916        1.0136
    659.7958        1.0066
    659.7999        1.0083
    659.8041        1.0190
    659.8082        1.0324
    659.8124        1.0412
    659.8165        1.0420
    659.8207        1.0364
    659.8248        1.0301
    659.8290        1.0283
    659.8331        1.0318
    659.8372        1.0351
    659.8414        1.0313
    659.8455        1.0181
    659.8497        0.9983
    659.8538        0.9784
    659.8580        0.9648
    659.8621        0.9611
    659.8663        0.9659
    659.8704        0.9745
    659.8746        0.9839
    659.8787        0.9946
    659.8829        1.0067
    659.8870        1.0164
    659.8911        1.0183
    659.8953        1.0101
    659.8994        0.9948
    659.9036        0.9795
    659.9077        0.9700
    659.9119        0.9685
    659.9160        0.9742
    659.9202        0.9824
    659.9243        0.9853
    659.9285        0.9777
    659.9326        0.9629
    659.9368        0.9500
    659.9409        0.9456
    659.9450        0.9483
    659.9492        0.9506
    659.9533        0.9480
    659.9575        0.9446
    659.9616        0.9484
    659.9658        0.9624
    659.9699        0.9812
    659.9741        0.9957
    659.9782        1.0005
    659.9824        0.9982
    659.9865        0.9943
    659.9906        0.9912
    659.9948        0.9900
    659.9989        0.9917
    660.0031        0.9956
    660.0072        0.9984
    660.0114        0.9977
    660.0155        0.9943
    660.0197        0.9888
    660.0238        0.9810
    660.0280        0.9714
    660.0321        0.9628
    660.0363        0.9592
    660.0404        0.9621
    660.0445        0.9699
    660.0487        0.9778
    660.0528        0.9826
    660.0570        0.9852
    660.0611        0.9907
    660.0653        1.0015
    660.0694        1.0126
    660.0736        1.0175
    660.0777        1.0162
    660.0819        1.0141
    660.0860        1.0144
    660.0901        1.0161
    660.0943        1.0161
    660.0984        1.0130
    660.1026        1.0080
    660.1067        1.0046
    660.1109        1.0053
    660.1150        1.0092
    660.1192        1.0132
    660.1233        1.0173
    660.1275        1.0249
    660.1316        1.0373
    660.1358        1.0496
    660.1399        1.0559
    660.1440        1.0545
    660.1482        1.0476
    660.1523        1.0388
    660.1565        1.0305
    660.1606        1.0226
    660.1648        1.0120
    660.1689        0.9965
    660.1731        0.9780
    660.1772        0.9621
    660.1814        0.9541
    660.1855        0.9563
    660.1897        0.9682
    660.1938        0.9869
    660.1979        1.0074
    660.2021        1.0233
    660.2062        1.0292
    660.2104        1.0247
    660.2145        1.0159
    660.2187        1.0086
    660.2228        1.0038
    660.2270        1.0013
    660.2311        1.0032
    660.2353        1.0107
    660.2394        1.0195
    660.2435        1.0244
    660.2477        1.0241
    660.2518        1.0213
    660.2560        1.0189
    660.2601        1.0183
    660.2643        1.0191
    660.2684        1.0202
    660.2726        1.0198
    660.2767        1.0157
    660.2809        1.0068
    660.2850        0.9946
    660.2892        0.9840
    660.2933        0.9802
    660.2974        0.9839
    660.3016        0.9899
    660.3057        0.9920
    660.3099        0.9901
    660.3140        0.9881
    660.3182        0.9892
    660.3223        0.9931
    660.3265        0.9988
    660.3306        1.0059
    660.3348        1.0141
    660.3389        1.0219
    660.3431        1.0259
    660.3472        1.0238
    660.3513        1.0170
    660.3555        1.0089
    660.3596        1.0025
    660.3638        0.9997
    660.3679        1.0009
    660.3721        1.0040
    660.3762        1.0063
    660.3804        1.0072
    660.3845        1.0090
    660.3887        1.0130
    660.3928        1.0176
    660.3969        1.0203
    660.4011        1.0206
    660.4052        1.0203
    660.4094        1.0211
    660.4135        1.0230
    660.4177        1.0245
    660.4218        1.0236
    660.4260        1.0200
    660.4301        1.0156
    660.4343        1.0141
    660.4384        1.0194
    660.4426        1.0317
    660.4467        1.0454
    660.4508        1.0529
    660.4550        1.0507
    660.4591        1.0405
    660.4633        1.0278
    660.4674        1.0177
    660.4716        1.0126
    660.4757        1.0126
    660.4799        1.0170
    660.4840        1.0241
    660.4882        1.0312
    660.4923        1.0345
    660.4964        1.0314
    660.5006        1.0235
    660.5047        1.0166
    660.5089        1.0154
    660.5130        1.0202
    660.5172        1.0269
    660.5213        1.0313
    660.5255        1.0331
    660.5296        1.0344
    660.5338        1.0357
    660.5379        1.0343
    660.5421        1.0259
    660.5462        1.0089
    660.5503        0.9863
    660.5545        0.9650
    660.5586        0.9526
    660.5628        0.9527
    660.5669        0.9626
    660.5711        0.9769
    660.5752        0.9918
    660.5794        1.0053
    660.5835        1.0151
    660.5877        1.0178
    660.5918        1.0114
    660.5960        0.9990
    660.6001        0.9886
    660.6042        0.9860
    660.6084        0.9897
    660.6125        0.9940
    660.6167        0.9952
    660.6208        0.9954
    660.6250        0.9996
    660.6291        1.0110
    660.6333        1.0270
    660.6374        1.0417
    660.6416        1.0499
    660.6457        1.0501
    660.6498        1.0438
    660.6540        1.0338
    660.6581        1.0221
    660.6623        1.0112
    660.6664        1.0039
    660.6706        1.0024
    660.6747        1.0064
    660.6789        1.0118
    660.6830        1.0142
    660.6872        1.0125
    660.6913        1.0099
    660.6955        1.0115
    660.6996        1.0185
    660.7037        1.0265
    660.7079        1.0297
    660.7120        1.0258
    660.7162        1.0172
    660.7203        1.0080
    660.7245        1.0023
    660.7286        1.0020
    660.7328        1.0060
    660.7369        1.0102
    660.7411        1.0099
    660.7452        1.0040
    660.7494        0.9970
    660.7535        0.9960
    660.7576        1.0044
    660.7618        1.0172
    660.7659        1.0232
    660.7701        1.0147
    660.7742        0.9955
    660.7784        0.9782
    660.7825        0.9735
    660.7867        0.9822
    660.7908        0.9959
    660.7950        1.0057
