    650.0197        1.0451
    650.0238        1.0428
    650.0280        1.0398
    650.0321        1.0361
    650.0363        1.0320
    650.0404        1.0283
    650.0446        1.0255
    650.0487        1.0239
    650.0529        1.0233
    650.0570        1.0234
    650.0612        1.0235
    650.0653        1.0230
    650.0695        1.0216
    650.0736        1.0193
    650.0777        1.0167
    650.0819        1.0141
    650.0860        1.0119
    650.0902        1.0100
    650.0943        1.0082
    650.0985        1.0061
    650.1026        1.0038
    650.1068        1.0013
    650.1109        0.9988
    650.1151        0.9970
    650.1192        0.9957
    650.1234        0.9948
    650.1275        0.9942
    650.1316        0.9935
    650.1358        0.9927
    650.1399        0.9923
    650.1441        0.9924
    650.1482        0.9929
    650.1524        0.9943
    650.1565        0.9959
    650.1607        0.9977
    650.1648        0.9997
    650.1690        1.0014
    650.1731        1.0028
    650.1772        1.0034
    650.1814        1.0033
    650.1855        1.0027
    650.1897        1.0020
    650.1938        1.0015
    650.1980        1.0016
    650.2021        1.0023
    650.2063        1.0037
    650.2104        1.0055
    650.2146        1.0075
    650.2187        1.0089
    650.2229        1.0094
    650.2270        1.0082
    650.2311        1.0053
    650.2353        1.0011
    650.2394        0.9965
    650.2436        0.9922
    650.2477        0.9886
    650.2519        0.9861
    650.2560        0.9844
    650.2602        0.9833
    650.2643        0.9826
    650.2685        0.9824
    650.2726        0.9825
    650.2767        0.9831
    650.2809        0.9842
    650.2850        0.9858
    650.2892        0.9879
    650.2933        0.9910
    650.2975        0.9951
    650.3016        1.0000
    650.3058        1.0058
    650.3099        1.0115
    650.3141        1.0165
    650.3182        1.0196
    650.3224        1.0204
    650.3265        1.0186
    650.3306        1.0146
    650.3348        1.0092
    650.3389        1.0035
    650.3431        0.9982
    650.3472        0.9942
    650.3514        0.9918
    650.3555        0.9909
    650.3597        0.9912
    650.3638        0.9923
    650.3680        0.9935
    650.3721        0.9943
    650.3763        0.9939
    650.3804        0.9921
    650.3845        0.9888
    650.3887        0.9837
    650.3928        0.9776
    650.3970        0.9712
    650.4011        0.9657
    650.4053        0.9617
    650.4094        0.9599
    650.4136        0.9604
    650.4177        0.9624
    650.4219        0.9653
    650.4260        0.9680
    650.4301        0.9701
    650.4343        0.9720
    650.4384        0.9741
    650.4426        0.9776
    650.4467        0.9829
    650.4509        0.9904
    650.4550        0.9996
    650.4592        1.0099
    650.4633        1.0201
    650.4675        1.0291
    650.4716        1.0358
    650.4758        1.0395
    650.4799        1.0400
    650.4840        1.0377
    650.4882        1.0341
    650.4923        1.0304
    650.4965        1.0278
    650.5006        1.0271
    650.5048        1.0283
    650.5089        1.0307
    650.5131        1.0334
    650.5172        1.0352
    650.5214        1.0357
    650.5255        1.0349
    650.5297        1.0329
    650.5338        1.0306
    650.5379        1.0284
    650.5421        1.0264
    650.5462        1.0243
    650.5504        1.0216
    650.5545        1.0180
    650.5587        1.0135
    650.5628        1.0086
    650.5670        1.0040
    650.5711        1.0002
    650.5753        0.9977
    650.5794        0.9968
    650.5835        0.9969
    650.5877        0.9982
    650.5918        1.0000
    650.5960        1.0025
    650.6001        1.0053
    650.6043        1.0087
    650.6084        1.0127
    650.6126        1.0167
    650.6167        1.0207
    650.6209        1.0243
    650.6250        1.0270
    650.6292        1.0284
    650.6333        1.0282
    650.6374        1.0263
    650.6416        1.0227
    650.6457        1.0179
    650.6499        1.0127
    650.6540        1.0084
    650.6582        1.0058
    650.6623        1.0055
    650.6665        1.0074
    650.6706        1.0107
    650.6748        1.0145
    650.6789        1.0178
    650.6830        1.0201
    650.6872        1.0214
    650.6913        1.0215
    650.6955        1.0206
    650.6996        1.0184
    650.7038        1.0149
    650.7079        1.0101
    650.7121        1.0045
    650.7162        0.9986
    650.7204        0.9935
    650.7245        0.9894
    650.7287        0.9866
    650.7328        0.9850
    650.7369        0.9842
    650.7411        0.9844
    650.7452        0.9852
    650.7494        0.9863
    650.7535        0.9874
    650.7577        0.9877
    650.7618        0.9867
    650.7660        0.9844
    650.7701        0.9809
    650.7743        0.9771
    650.7784        0.9743
    650.7826        0.9733
    650.7867        0.9749
    650.7908        0.9792
    650.7950        0.9859
    650.7991        0.9937
    650.8033        1.0014
    650.8074        1.0077
    650.8116        1.0117
    650.8157        1.0128
    650.8199        1.0111
    650.8240        1.0069
    650.8282        1.0002
    650.8323        0.9915
    650.8364        0.9815
    650.8406        0.9709
    650.8447        0.9608
    650.8489        0.9525
    650.8530        0.9471
    650.8572        0.9450
    650.8613        0.9463
    650.8655        0.9507
    650.8696        0.9572
    650.8738        0.9647
    650.8779        0.9719
    650.8821        0.9780
    650.8862        0.9827
    650.8903        0.9860
    650.8945        0.9889
    650.8986        0.9927
    650.9028        0.9985
    650.9069        1.0068
    650.9111        1.0174
    650.9152        1.0292
    650.9194        1.0403
    650.9235        1.0496
    650.9277        1.0557
    650.9318        1.0588
    650.9360        1.0597
    650.9401        1.0594
    650.9442        1.0589
    650.9484        1.0591
    650.9525        1.0599
    650.9567        1.0610
    650.9608        1.0619
    650.9650        1.0617
    650.9691        1.0600
    650.9733        1.0565
    650.9774        1.0513
    650.9816        1.0451
    650.9857        1.0389
    650.9898        1.0339
    650.9940        1.0306
    650.9981        1.0290
    651.0023        1.0283
    651.0064        1.0277
    651.0106        1.0262
    651.0147        1.0237
    651.0189        1.0203
    651.0230        1.0172
    651.0272        1.0147
    651.0313        1.0134
    651.0355        1.0131
    651.0396        1.0136
    651.0437        1.0141
    651.0479        1.0144
    651.0520        1.0140
    651.0562        1.0128
    651.0603        1.0107
    651.0645        1.0079
    651.0686        1.0045
    651.0728        1.0014
    651.0769        0.9988
    651.0811        0.9971
    651.0852        0.9965
    651.0893        0.9973
    651.0935        0.9993
    651.0976        1.0022
    651.1018        1.0061
    651.1059        1.0106
    651.1101        1.0149
    651.1142        1.0192
    651.1184        1.0232
    651.1225        1.0271
    651.1267        1.0308
    651.1308        1.0342
    651.1350        1.0364
    651.1391        1.0368
    651.1432        1.0348
    651.1474        1.0303
    651.1515        1.0236
    651.1557        1.0155
    651.1598        1.0068
    651.1640        0.9981
    651.1681        0.9894
    651.1723        0.9808
    651.1764        0.9722
    651.1806        0.9635
    651.1847        0.9554
    651.1889        0.9484
    651.1930        0.9428
    651.1971        0.9387
    651.2013        0.9359
    651.2054        0.9340
    651.2096        0.9327
    651.2137        0.9323
    651.2179        0.9330
    651.2220        0.9351
    651.2262        0.9389
    651.2303        0.9446
    651.2345        0.9517
    651.2386        0.9597
    651.2427        0.9679
    651.2469        0.9756
    651.2510        0.9819
    651.2552        0.9866
    651.2593        0.9896
    651.2635        0.9916
    651.2676        0.9927
    651.2718        0.9936
    651.2759        0.9944
    651.2801        0.9951
    651.2842        0.9957
    651.2884        0.9963
    651.2925        0.9972
    651.2966        0.9985
    651.3008        1.0005
    651.3049        1.0028
    651.3091        1.0046
    651.3132        1.0052
    651.3174        1.0038
    651.3215        1.0001
    651.3257        0.9946
    651.3298        0.9887
    651.3340        0.9836
    651.3381        0.9803
    651.3423        0.9794
    651.3464        0.9807
    651.3505        0.9837
    651.3547        0.9879
    651.3588        0.9930
    651.3630        0.9988
    651.3671        1.0045
    651.3713        1.0096
    651.3754        1.0132
    651.3796        1.0146
    651.3837        1.0136
    651.3879        1.0103
    651.3920        1.0050
    651.3961        0.9984
    651.4003        0.9917
    651.4044        0.9852
    651.4086        0.9795
    651.4127        0.9747
    651.4169        0.9705
    651.4210        0.9671
    651.4252        0.9641
    651.4293        0.9610
    651.4335        0.9571
    651.4376        0.9511
    651.4418        0.9423
    651.4459        0.9301
    651.4500        0.9150
    651.4542        0.8982
    651.4583        0.8813
    651.4625        0.8664
    651.4666        0.8552
    651.4708        0.8494
    651.4749        0.8495
    651.4791        0.8559
    651.4832        0.8673
    651.4874        0.8818
    651.4915        0.8975
    651.4956        0.9128
    651.4998        0.9266
    651.5039        0.9390
    651.5081        0.9504
    651.5122        0.9616
    651.5164        0.9726
    651.5205        0.9832
    651.5247        0.9927
    651.5288        1.0001
    651.5330        1.0046
    651.5371        1.0058
    651.5413        1.0036
    651.5454        0.9987
    651.5495        0.9919
    651.5537        0.9840
    651.5578        0.9757
    651.5620        0.9675
    651.5661        0.9596
    651.5703        0.9526
    651.5744        0.9469
    651.5786        0.9432
    651.5827        0.9419
    651.5869        0.9430
    651.5910        0.9461
    651.5952        0.9503
    651.5993        0.9545
    651.6034        0.9574
    651.6076        0.9577
    651.6117        0.9543
    651.6159        0.9469
    651.6200        0.9347
    651.6242        0.9185
    651.6283        0.8987
    651.6325        0.8766
    651.6366        0.8538
    651.6408        0.8316
    651.6449        0.8121
    651.6490        0.7966
    651.6532        0.7865
    651.6573        0.7826
    651.6615        0.7850
    651.6656        0.7932
    651.6698        0.8063
    651.6739        0.8228
    651.6781        0.8410
    651.6822        0.8595
    651.6864        0.8768
    651.6905        0.8921
    651.6947        0.9052
    651.6988        0.9161
    651.7029        0.9252
    651.7071        0.9327
    651.7112        0.9385
    651.7154        0.9428
    651.7195        0.9458
    651.7237        0.9484
    651.7278        0.9517
    651.7320        0.9572
    651.7361        0.9650
    651.7403        0.9749
    651.7444        0.9855
    651.7486        0.9954
    651.7527        1.0036
    651.7568        1.0088
    651.7610        1.0107
    651.7651        1.0092
    651.7693        1.0051
    651.7734        0.9990
    651.7776        0.9920
    651.7817        0.9854
    651.7859        0.9796
    651.7900        0.9750
    651.7942        0.9714
    651.7983        0.9687
    651.8024        0.9665
    651.8066        0.9650
    651.8107        0.9643
    651.8149        0.9643
    651.8190        0.9654
    651.8232        0.9677
    651.8273        0.9708
    651.8315        0.9748
    651.8356        0.9789
    651.8398        0.9824
    651.8439        0.9843
    651.8481        0.9842
    651.8522        0.9822
    651.8563        0.9787
    651.8605        0.9744
    651.8646        0.9703
    651.8688        0.9668
    651.8729        0.9643
    651.8771        0.9633
    651.8812        0.9639
    651.8854        0.9657
    651.8895        0.9683
    651.8937        0.9707
    651.8978        0.9716
    651.9019        0.9703
    651.9061        0.9663
    651.9102        0.9597
    651.9144        0.9513
    651.9185        0.9418
    651.9227        0.9319
    651.9268        0.9227
    651.9310        0.9149
    651.9351        0.9090
    651.9393        0.9057
    651.9434        0.9052
    651.9476        0.9076
    651.9517        0.9126
    651.9558        0.9200
    651.9600        0.9292
    651.9641        0.9400
    651.9683        0.9518
    651.9724        0.9638
    651.9766        0.9756
    651.9807        0.9862
    651.9849        0.9954
    651.9890        1.0025
    651.9932        1.0074
    651.9973        1.0101
    652.0015        1.0108
    652.0056        1.0103
    652.0097        1.0091
    652.0139        1.0081
    652.0180        1.0079
    652.0222        1.0087
    652.0263        1.0101
    652.0305        1.0117
    652.0346        1.0129
    652.0388        1.0133
    652.0429        1.0127
    652.0471        1.0112
    652.0512        1.0090
    652.0553        1.0066
    652.0595        1.0041
    652.0636        1.0019
    652.0678        1.0002
    652.0719        0.9989
    652.0761        0.9976
    652.0802        0.9961
    652.0844        0.9942
    652.0885        0.9919
    652.0927        0.9899
    652.0968        0.9888
    652.1010        0.9892
    652.1051        0.9911
    652.1092        0.9945
    652.1134        0.9988
    652.1175        1.0037
    652.1217        1.0094
    652.1258        1.0159
    652.1300        1.0233
    652.1341        1.0310
    652.1383        1.0383
    652.1424        1.0439
    652.1466        1.0467
    652.1507        1.0463
    652.1549        1.0427
    652.1590        1.0369
    652.1631        1.0302
    652.1673        1.0235
    652.1714        1.0177
    652.1756        1.0133
    652.1797        1.0102
    652.1839        1.0084
    652.1880        1.0075
    652.1922        1.0075
    652.1963        1.0082
    652.2005        1.0095
    652.2046        1.0111
    652.2087        1.0127
    652.2129        1.0141
    652.2170        1.0151
    652.2212        1.0157
    652.2253        1.0160
    652.2295        1.0161
    652.2336        1.0158
    652.2378        1.0150
    652.2419        1.0131
    652.2461        1.0104
    652.2502        1.0070
    652.2544        1.0036
    652.2585        1.0010
    652.2626        0.9997
    652.2668        1.0004
    652.2709        1.0027
    652.2751        1.0063
    652.2792        1.0106
    652.2834        1.0148
    652.2875        1.0181
    652.2917        1.0201
    652.2958        1.0202
    652.3000        1.0183
    652.3041        1.0147
    652.3082        1.0101
    652.3124        1.0052
    652.3165        1.0010
    652.3207        0.9981
    652.3248        0.9963
    652.3290        0.9948
    652.3331        0.9927
    652.3373        0.9890
    652.3414        0.9830
    652.3456        0.9748
    652.3497        0.9650
    652.3539        0.9543
    652.3580        0.9433
    652.3621        0.9324
    652.3663        0.9220
    652.3704        0.9128
    652.3746        0.9057
    652.3787        0.9015
    652.3829        0.9013
    652.3870        0.9050
    652.3912        0.9122
    652.3953        0.9221
    652.3995        0.9332
    652.4036        0.9446
    652.4078        0.9551
    652.4119        0.9641
    652.4160        0.9709
    652.4202        0.9757
    652.4243        0.9784
    652.4285        0.9795
    652.4326        0.9797
    652.4368        0.9793
    652.4409        0.9793
    652.4451        0.9798
    652.4492        0.9810
    652.4534        0.9833
    652.4575        0.9866
    652.4616        0.9908
    652.4658        0.9957
    652.4699        1.0009
    652.4741        1.0059
    652.4782        1.0101
    652.4824        1.0138
    652.4865        1.0171
    652.4907        1.0205
    652.4948        1.0246
    652.4990        1.0294
    652.5031        1.0345
    652.5073        1.0389
    652.5114        1.0412
    652.5155        1.0407
    652.5197        1.0367
    652.5238        1.0294
    652.5280        1.0200
    652.5321        1.0098
    652.5363        1.0003
    652.5404        0.9926
    652.5446        0.9870
    652.5487        0.9834
    652.5529        0.9812
    652.5570        0.9799
    652.5612        0.9789
    652.5653        0.9785
    652.5694        0.9787
    652.5736        0.9799
    652.5777        0.9823
    652.5819        0.9860
    652.5860        0.9907
    652.5902        0.9958
    652.5943        1.0011
    652.5985        1.0061
    652.6026        1.0107
    652.6068        1.0150
    652.6109        1.0192
    652.6150        1.0232
    652.6192        1.0268
    652.6233        1.0300
    652.6275        1.0324
    652.6316        1.0341
    652.6358        1.0355
    652.6399        1.0366
    652.6441        1.0375
    652.6482        1.0384
    652.6524        1.0387
    652.6565        1.0378
    652.6607        1.0353
    652.6648        1.0312
    652.6689        1.0260
    652.6731        1.0206
    652.6772        1.0157
    652.6814        1.0116
    652.6855        1.0084
    652.6897        1.0058
    652.6938        1.0039
    652.6980        1.0026
    652.7021        1.0018
    652.7063        1.0013
    652.7104        1.0007
    652.7145        0.9998
    652.7187        0.9984
    652.7228        0.9967
    652.7270        0.9951
    652.7311        0.9941
    652.7353        0.9942
    652.7394        0.9953
    652.7436        0.9971
    652.7477        0.9995
    652.7519        1.0020
    652.7560        1.0044
    652.7602        1.0069
    652.7643        1.0091
    652.7684        1.0109
    652.7726        1.0122
    652.7767        1.0126
    652.7809        1.0118
    652.7850        1.0099
    652.7892        1.0070
    652.7933        1.0032
    652.7975        0.9989
    652.8016        0.9946
    652.8058        0.9907
    652.8099        0.9879
    652.8141        0.9866
    652.8182        0.9875
    652.8223        0.9905
    652.8265        0.9948
    652.8306        0.9994
    652.8348        1.0032
    652.8389        1.0055
    652.8431        1.0063
    652.8472        1.0063
    652.8514        1.0065
    652.8555        1.0077
    652.8597        1.0100
    652.8638        1.0132
    652.8679        1.0164
    652.8721        1.0188
    652.8762        1.0204
    652.8804        1.0209
    652.8845        1.0208
    652.8887        1.0203
    652.8928        1.0193
    652.8970        1.0183
    652.9011        1.0170
    652.9053        1.0157
    652.9094        1.0143
    652.9136        1.0130
    652.9177        1.0121
    652.9218        1.0115
    652.9260        1.0113
    652.9301        1.0120
    652.9343        1.0135
    652.9384        1.0160
    652.9426        1.0191
    652.9467        1.0226
    652.9509        1.0260
    652.9550        1.0285
    652.9592        1.0297
    652.9633        1.0290
    652.9674        1.0263
    652.9716        1.0218
    652.9757        1.0161
    652.9799        1.0105
    652.9840        1.0057
    652.9882        1.0029
    652.9923        1.0023
    652.9965        1.0039
    653.0006        1.0072
    653.0048        1.0110
    653.0089        1.0147
    653.0131        1.0175
    653.0172        1.0187
    653.0213        1.0179
    653.0255        1.0146
    653.0296        1.0090
    653.0338        1.0018
    653.0379        0.9937
    653.0421        0.9865
    653.0462        0.9807
    653.0504        0.9771
    653.0545        0.9756
    653.0587        0.9757
    653.0628        0.9763
    653.0670        0.9765
    653.0711        0.9758
    653.0752        0.9743
    653.0794        0.9729
    653.0835        0.9726
    653.0877        0.9739
    653.0918        0.9772
    653.0960        0.9817
    653.1001        0.9868
    653.1043        0.9916
    653.1084        0.9954
    653.1126        0.9982
    653.1167        1.0005
    653.1208        1.0031
    653.1250        1.0068
    653.1291        1.0121
    653.1333        1.0186
    653.1374        1.0258
    653.1416        1.0321
    653.1457        1.0366
    653.1499        1.0388
    653.1540        1.0389
    653.1582        1.0377
    653.1623        1.0361
    653.1665        1.0347
    653.1706        1.0336
    653.1747        1.0328
    653.1789        1.0317
    653.1830        1.0300
    653.1872        1.0270
    653.1913        1.0222
    653.1955        1.0149
    653.1996        1.0046
    653.2038        0.9912
    653.2079        0.9755
    653.2121        0.9583
    653.2162        0.9415
    653.2204        0.9268
    653.2245        0.9154
    653.2286        0.9081
    653.2328        0.9048
    653.2369        0.9048
    653.2411        0.9071
    653.2452        0.9112
    653.2494        0.9167
    653.2535        0.9242
    653.2577        0.9342
    653.2618        0.9470
    653.2660        0.9617
    653.2701        0.9770
    653.2742        0.9908
    653.2784        1.0012
    653.2825        1.0071
    653.2867        1.0088
    653.2908        1.0077
    653.2950        1.0053
    653.2991        1.0032
    653.3033        1.0021
    653.3074        1.0020
    653.3116        1.0026
    653.3157        1.0032
    653.3199        1.0033
    653.3240        1.0027
    653.3281        1.0014
    653.3323        0.9997
    653.3364        0.9976
    653.3406        0.9952
    653.3447        0.9928
    653.3489        0.9903
    653.3530        0.9875
    653.3572        0.9843
    653.3613        0.9808
    653.3655        0.9771
    653.3696        0.9736
    653.3737        0.9706
    653.3779        0.9685
    653.3820        0.9668
    653.3862        0.9655
    653.3903        0.9640
    653.3945        0.9621
    653.3986        0.9600
    653.4028        0.9578
    653.4069        0.9564
    653.4111        0.9560
    653.4152        0.9570
    653.4194        0.9590
    653.4235        0.9617
    653.4276        0.9643
    653.4318        0.9667
    653.4359        0.9692
    653.4401        0.9716
    653.4442        0.9740
    653.4484        0.9763
    653.4525        0.9785
    653.4567        0.9802
    653.4608        0.9820
    653.4650        0.9844
    653.4691        0.9877
    653.4733        0.9922
    653.4774        0.9976
    653.4815        1.0031
    653.4857        1.0081
    653.4898        1.0117
    653.4940        1.0135
    653.4981        1.0132
    653.5023        1.0108
    653.5064        1.0069
    653.5106        1.0021
    653.5147        0.9975
    653.5189        0.9939
    653.5230        0.9919
    653.5271        0.9916
    653.5313        0.9927
    653.5354        0.9949
    653.5396        0.9976
    653.5437        1.0005
    653.5479        1.0033
    653.5520        1.0059
    653.5562        1.0084
    653.5603        1.0103
    653.5645        1.0119
    653.5686        1.0129
    653.5728        1.0135
    653.5769        1.0137
    653.5810        1.0138
    653.5852        1.0141
    653.5893        1.0146
    653.5935        1.0154
    653.5976        1.0161
    653.6018        1.0168
    653.6059        1.0173
    653.6101        1.0173
    653.6142        1.0170
    653.6184        1.0162
    653.6225        1.0146
    653.6267        1.0125
    653.6308        1.0097
    653.6349        1.0064
    653.6391        1.0028
    653.6432        0.9989
    653.6474        0.9949
    653.6515        0.9906
    653.6557        0.9862
    653.6598        0.9818
    653.6640        0.9778
    653.6681        0.9747
    653.6723        0.9732
    653.6764        0.9735
    653.6805        0.9757
    653.6847        0.9792
    653.6888        0.9833
    653.6930        0.9870
    653.6971        0.9895
    653.7013        0.9905
    653.7054        0.9900
    653.7096        0.9880
    653.7137        0.9852
    653.7179        0.9816
    653.7220        0.9778
    653.7262        0.9746
    653.7303        0.9726
    653.7344        0.9722
    653.7386        0.9739
    653.7427        0.9774
    653.7469        0.9817
    653.7510        0.9862
    653.7552        0.9899
    653.7593        0.9926
    653.7635        0.9945
    653.7676        0.9959
    653.7718        0.9977
    653.7759        1.0003
    653.7800        1.0039
    653.7842        1.0078
    653.7883        1.0115
    653.7925        1.0138
    653.7966        1.0144
    653.8008        1.0130
    653.8049        1.0101
    653.8091        1.0064
    653.8132        1.0021
    653.8174        0.9974
    653.8215        0.9928
    653.8257        0.9882
    653.8298        0.9842
    653.8339        0.9813
    653.8381        0.9798
    653.8422        0.9805
    653.8464        0.9830
    653.8505        0.9871
    653.8547        0.9918
    653.8588        0.9964
    653.8630        1.0008
    653.8671        1.0048
    653.8713        1.0092
    653.8754        1.0142
    653.8796        1.0203
    653.8837        1.0270
    653.8878        1.0337
    653.8920        1.0393
    653.8961        1.0429
    653.9003        1.0438
    653.9044        1.0415
    653.9086        1.0359
    653.9127        1.0282
    653.9169        1.0192
    653.9210        1.0105
    653.9252        1.0035
    653.9293        0.9984
    653.9334        0.9949
    653.9376        0.9922
    653.9417        0.9892
    653.9459        0.9852
    653.9500        0.9804
    653.9542        0.9754
    653.9583        0.9710
    653.9625        0.9683
    653.9666        0.9676
    653.9708        0.9693
    653.9749        0.9730
    653.9791        0.9785
    653.9832        0.9850
    653.9873        0.9916
    653.9915        0.9974
    653.9956        1.0021
    653.9998        1.0051
    654.0039        1.0069
    654.0081        1.0081
    654.0122        1.0091
    654.0164        1.0102
    654.0205        1.0112
    654.0247        1.0118
    654.0288        1.0115
    654.0330        1.0100
    654.0371        1.0076
    654.0412        1.0046
    654.0454        1.0017
    654.0495        0.9994
    654.0537        0.9980
    654.0578        0.9976
    654.0620        0.9980
    654.0661        0.9992
    654.0703        1.0011
    654.0744        1.0039
    654.0786        1.0075
    654.0827        1.0114
    654.0868        1.0153
    654.0910        1.0186
    654.0951        1.0211
    654.0993        1.0226
    654.1034        1.0233
    654.1076        1.0230
    654.1117        1.0218
    654.1159        1.0203
    654.1200        1.0187
    654.1242        1.0176
    654.1283        1.0170
    654.1325        1.0166
    654.1366        1.0159
    654.1407        1.0141
    654.1449        1.0109
    654.1490        1.0062
    654.1532        1.0008
    654.1573        0.9953
    654.1615        0.9905
    654.1656        0.9866
    654.1698        0.9839
    654.1739        0.9825
    654.1781        0.9823
    654.1822        0.9831
    654.1863        0.9844
    654.1905        0.9850
    654.1946        0.9841
    654.1988        0.9809
    654.2029        0.9755
    654.2071        0.9684
    654.2112        0.9607
    654.2154        0.9532
    654.2195        0.9468
    654.2237        0.9416
    654.2278        0.9377
    654.2320        0.9352
    654.2361        0.9344
    654.2402        0.9358
    654.2444        0.9398
    654.2485        0.9461
    654.2527        0.9541
    654.2568        0.9626
    654.2610        0.9707
    654.2651        0.9776
    654.2693        0.9828
    654.2734        0.9867
    654.2776        0.9892
    654.2817        0.9907
    654.2859        0.9911
    654.2900        0.9905
    654.2941        0.9887
    654.2983        0.9860
    654.3024        0.9827
    654.3066        0.9791
    654.3107        0.9757
    654.3149        0.9730
    654.3190        0.9708
    654.3232        0.9690
    654.3273        0.9672
    654.3315        0.9652
    654.3356        0.9623
    654.3397        0.9584
    654.3439        0.9529
    654.3480        0.9455
    654.3522        0.9358
    654.3563        0.9242
    654.3605        0.9112
    654.3646        0.8979
    654.3688        0.8853
    654.3729        0.8749
    654.3771        0.8674
    654.3812        0.8633
    654.3854        0.8625
    654.3895        0.8648
    654.3936        0.8698
    654.3978        0.8773
    654.4019        0.8871
    654.4061        0.8985
    654.4102        0.9112
    654.4144        0.9242
    654.4185        0.9365
    654.4227        0.9477
    654.4268        0.9568
    654.4310        0.9637
    654.4351        0.9682
    654.4393        0.9710
    654.4434        0.9724
    654.4475        0.9733
    654.4517        0.9740
    654.4558        0.9752
    654.4600        0.9772
    654.4641        0.9798
    654.4683        0.9831
    654.4724        0.9870
    654.4766        0.9917
    654.4807        0.9967
    654.4849        1.0020
    654.4890        1.0069
    654.4931        1.0104
    654.4973        1.0119
    654.5014        1.0110
    654.5056        1.0078
    654.5097        1.0032
    654.5139        0.9981
    654.5180        0.9938
    654.5222        0.9911
    654.5263        0.9897
    654.5305        0.9892
    654.5346        0.9887
    654.5388        0.9872
    654.5429        0.9844
    654.5470        0.9805
    654.5512        0.9764
    654.5553        0.9731
    654.5595        0.9715
    654.5636        0.9716
    654.5678        0.9728
    654.5719        0.9736
    654.5761        0.9730
    654.5802        0.9705
    654.5844        0.9668
    654.5885        0.9635
    654.5926        0.9620
    654.5968        0.9633
    654.6009        0.9673
    654.6051        0.9729
    654.6092        0.9787
    654.6134        0.9834
    654.6175        0.9864
    654.6217        0.9875
    654.6258        0.9868
    654.6300        0.9850
    654.6341        0.9819
    654.6383        0.9778
    654.6424        0.9728
    654.6465        0.9673
    654.6507        0.9620
    654.6548        0.9577
    654.6590        0.9550
    654.6631        0.9541
    654.6673        0.9551
    654.6714        0.9575
    654.6756        0.9607
    654.6797        0.9639
    654.6839        0.9668
    654.6880        0.9690
    654.6922        0.9700
    654.6963        0.9699
    654.7004        0.9687
    654.7046        0.9667
    654.7087        0.9650
    654.7129        0.9641
    654.7170        0.9648
    654.7212        0.9671
    654.7253        0.9705
    654.7295        0.9737
    654.7336        0.9755
    654.7378        0.9745
    654.7419        0.9695
    654.7460        0.9609
    654.7502        0.9496
    654.7543        0.9374
    654.7585        0.9264
    654.7626        0.9184
    654.7668        0.9142
    654.7709        0.9138
    654.7751        0.9171
    654.7792        0.9230
    654.7834        0.9305
    654.7875        0.9383
    654.7917        0.9453
    654.7958        0.9507
    654.7999        0.9540
    654.8041        0.9553
    654.8082        0.9549
    654.8124        0.9533
    654.8165        0.9507
    654.8207        0.9473
    654.8248        0.9429
    654.8290        0.9371
    654.8331        0.9298
    654.8373        0.9208
    654.8414        0.9106
    654.8456        0.9001
    654.8497        0.8908
    654.8538        0.8843
    654.8580        0.8818
    654.8621        0.8838
    654.8663        0.8899
    654.8704        0.8992
    654.8746        0.9101
    654.8787        0.9210
    654.8829        0.9310
    654.8870        0.9394
    654.8912        0.9465
    654.8953        0.9527
    654.8994        0.9588
    654.9036        0.9650
    654.9077        0.9714
    654.9119        0.9776
    654.9160        0.9830
    654.9202        0.9876
    654.9243        0.9913
    654.9285        0.9946
    654.9326        0.9976
    654.9368        1.0004
    654.9409        1.0024
    654.9451        1.0034
    654.9492        1.0033
    654.9533        1.0026
    654.9575        1.0017
    654.9616        1.0009
    654.9658        1.0004
    654.9699        1.0003
    654.9741        1.0001
    654.9782        0.9996
    654.9824        0.9983
    654.9865        0.9966
    654.9907        0.9947
    654.9948        0.9928
    654.9989        0.9914
    655.0031        0.9905
    655.0072        0.9899
    655.0114        0.9891
    655.0155        0.9878
    655.0197        0.9857
    655.0238        0.9829
    655.0280        0.9796
    655.0321        0.9764
    655.0363        0.9735
    655.0404        0.9713
    655.0446        0.9700
    655.0487        0.9697
    655.0528        0.9703
    655.0570        0.9713
    655.0611        0.9725
    655.0653        0.9734
    655.0694        0.9742
    655.0736        0.9749
    655.0777        0.9759
    655.0819        0.9775
    655.0860        0.9793
    655.0902        0.9811
    655.0943        0.9825
    655.0985        0.9832
    655.1026        0.9835
    655.1067        0.9838
    655.1109        0.9844
    655.1150        0.9855
    655.1192        0.9870
    655.1233        0.9885
    655.1275        0.9898
    655.1316        0.9909
    655.1358        0.9920
    655.1399        0.9936
    655.1441        0.9957
    655.1482        0.9982
    655.1523        1.0002
    655.1565        1.0009
    655.1606        0.9995
    655.1648        0.9961
    655.1689        0.9910
    655.1731        0.9854
    655.1772        0.9805
    655.1814        0.9774
    655.1855        0.9762
    655.1897        0.9765
    655.1938        0.9777
    655.1980        0.9790
    655.2021        0.9797
    655.2062        0.9794
    655.2104        0.9780
    655.2145        0.9752
    655.2187        0.9709
    655.2228        0.9643
    655.2270        0.9555
    655.2311        0.9444
    655.2353        0.9319
    655.2394        0.9188
    655.2436        0.9059
    655.2477        0.8940
    655.2519        0.8833
    655.2560        0.8746
    655.2601        0.8687
    655.2643        0.8663
    655.2684        0.8682
    655.2726        0.8748
    655.2767        0.8857
    655.2809        0.9000
    655.2850        0.9169
    655.2892        0.9350
    655.2933        0.9530
    655.2975        0.9695
    655.3016        0.9837
    655.3057        0.9946
    655.3099        1.0021
    655.3140        1.0062
    655.3182        1.0076
    655.3223        1.0070
    655.3265        1.0051
    655.3306        1.0027
    655.3348        0.9999
    655.3389        0.9971
    655.3431        0.9941
    655.3472        0.9913
    655.3514        0.9885
    655.3555        0.9860
    655.3596        0.9839
    655.3638        0.9821
    655.3679        0.9808
    655.3721        0.9800
    655.3762        0.9797
    655.3804        0.9803
    655.3845        0.9823
    655.3887        0.9856
    655.3928        0.9902
    655.3970        0.9959
    655.4011        1.0020
    655.4052        1.0083
    655.4094        1.0139
    655.4135        1.0187
    655.4177        1.0229
    655.4218        1.0264
    655.4260        1.0295
    655.4301        1.0324
    655.4343        1.0352
    655.4384        1.0381
    655.4426        1.0412
    655.4467        1.0440
    655.4509        1.0464
    655.4550        1.0477
    655.4591        1.0479
    655.4633        1.0472
    655.4674        1.0461
    655.4716        1.0454
    655.4757        1.0456
    655.4799        1.0468
    655.4840        1.0491
    655.4882        1.0522
    655.4923        1.0556
    655.4965        1.0593
    655.5006        1.0631
    655.5048        1.0671
    655.5089        1.0715
    655.5130        1.0764
    655.5172        1.0816
    655.5213        1.0868
    655.5255        1.0916
    655.5296        1.0959
    655.5338        1.0995
    655.5379        1.1028
    655.5421        1.1061
    655.5462        1.1098
    655.5504        1.1141
    655.5545        1.1187
    655.5586        1.1234
    655.5628        1.1281
    655.5669        1.1323
    655.5711        1.1361
    655.5752        1.1396
    655.5794        1.1430
    655.5835        1.1464
    655.5877        1.1496
    655.5918        1.1523
    655.5960        1.1541
    655.6001        1.1550
    655.6043        1.1554
    655.6084        1.1560
    655.6125        1.1581
    655.6167        1.1624
    655.6208        1.1695
    655.6250        1.1793
    655.6291        1.1909
    655.6333        1.2034
    655.6374        1.2160
    655.6416        1.2280
    655.6457        1.2391
    655.6499        1.2492
    655.6540        1.2585
    655.6581        1.2667
    655.6623        1.2743
    655.6664        1.2810
    655.6706        1.2869
    655.6747        1.2917
    655.6789        1.2949
    655.6830        1.2963
    655.6872        1.2956
    655.6913        1.2929
    655.6955        1.2888
    655.6996        1.2842
    655.7038        1.2803
    655.7079        1.2783
    655.7120        1.2794
    655.7162        1.2841
    655.7203        1.2929
    655.7245        1.3054
    655.7286        1.3205
    655.7328        1.3372
    655.7369        1.3540
    655.7411        1.3701
    655.7452        1.3851
    655.7494        1.3991
    655.7535        1.4118
    655.7577        1.4231
    655.7618        1.4331
    655.7659        1.4416
    655.7701        1.4486
    655.7742        1.4549
    655.7784        1.4608
    655.7825        1.4668
    655.7867        1.4732
    655.7908        1.4797
    655.7950        1.4864
    655.7991        1.4932
    655.8033        1.5000
    655.8074        1.5073
    655.8115        1.5154
    655.8157        1.5245
    655.8198        1.5345
    655.8240        1.5447
    655.8281        1.5547
    655.8323        1.5640
    655.8364        1.5721
    655.8406        1.5796
    655.8447        1.5865
    655.8489        1.5931
    655.8530        1.5996
    655.8572        1.6056
    655.8613        1.6112
    655.8654        1.6167
    655.8696        1.6222
    655.8737        1.6282
    655.8779        1.6349
    655.8820        1.6424
    655.8862        1.6501
    655.8903        1.6578
    655.8945        1.6645
    655.8986        1.6700
    655.9028        1.6737
    655.9069        1.6754
    655.9111        1.6756
    655.9152        1.6747
    655.9193        1.6733
    655.9235        1.6719
    655.9276        1.6706
    655.9318        1.6688
    655.9359        1.6661
    655.9401        1.6616
    655.9442        1.6553
    655.9484        1.6472
    655.9525        1.6380
    655.9567        1.6285
    655.9608        1.6196
    655.9649        1.6118
    655.9691        1.6051
    655.9732        1.5996
    655.9774        1.5949
    655.9815        1.5901
    655.9857        1.5846
    655.9898        1.5771
    655.9940        1.5666
    655.9981        1.5522
    656.0023        1.5338
    656.0064        1.5119
    656.0106        1.4880
    656.0147        1.4636
    656.0188        1.4403
    656.0230        1.4190
    656.0271        1.3996
    656.0313        1.3817
    656.0354        1.3640
    656.0396        1.3456
    656.0437        1.3260
    656.0479        1.3053
    656.0520        1.2843
    656.0562        1.2643
    656.0603        1.2467
    656.0644        1.2325
    656.0686        1.2214
    656.0727        1.2127
    656.0769        1.2047
    656.0810        1.1960
    656.0852        1.1856
    656.0893        1.1730
    656.0935        1.1588
    656.0976        1.1437
    656.1018        1.1290
    656.1059        1.1154
    656.1101        1.1031
    656.1142        1.0924
    656.1183        1.0828
    656.1225        1.0740
    656.1266        1.0654
    656.1308        1.0570
    656.1349        1.0491
    656.1391        1.0417
    656.1432        1.0350
    656.1474        1.0283
    656.1515        1.0213
    656.1557        1.0135
    656.1598        1.0043
    656.1640        0.9940
    656.1681        0.9829
    656.1722        0.9719
    656.1764        0.9618
    656.1805        0.9534
    656.1847        0.9471
    656.1888        0.9428
    656.1930        0.9398
    656.1971        0.9371
    656.2013        0.9346
    656.2054        0.9320
    656.2096        0.9296
    656.2137        0.9282
    656.2178        0.9281
    656.2220        0.9296
    656.2261        0.9324
    656.2303        0.9364
    656.2344        0.9415
    656.2386        0.9475
    656.2427        0.9550
    656.2469        0.9644
    656.2510        0.9759
    656.2552        0.9895
    656.2593        1.0044
    656.2635        1.0199
    656.2676        1.0348
    656.2717        1.0486
    656.2759        1.0609
    656.2800        1.0718
    656.2842        1.0816
    656.2883        1.0903
    656.2925        1.0984
    656.2966        1.1058
    656.3008        1.1128
    656.3049        1.1196
    656.3091        1.1268
    656.3132        1.1350
    656.3174        1.1443
    656.3215        1.1547
    656.3256        1.1657
    656.3298        1.1768
    656.3339        1.1875
    656.3381        1.1981
    656.3422        1.2090
    656.3464        1.2209
    656.3505        1.2340
    656.3547        1.2482
    656.3588        1.2632
    656.3630        1.2781
    656.3671        1.2921
    656.3712        1.3039
    656.3754        1.3127
    656.3795        1.3173
    656.3837        1.3175
    656.3878        1.3138
    656.3920        1.3076
    656.3961        1.3012
    656.4003        1.2968
    656.4044        1.2962
    656.4086        1.3010
    656.4127        1.3117
    656.4169        1.3281
    656.4210        1.3494
    656.4251        1.3742
    656.4293        1.4010
    656.4334        1.4289
    656.4376        1.4569
    656.4417        1.4844
    656.4459        1.5111
    656.4500        1.5363
    656.4542        1.5597
    656.4583        1.5808
    656.4625        1.5989
    656.4666        1.6139
    656.4707        1.6255
    656.4749        1.6336
    656.4790        1.6384
    656.4832        1.6403
    656.4873        1.6397
    656.4915        1.6371
    656.4956        1.6335
    656.4998        1.6296
    656.5039        1.6261
    656.5081        1.6237
    656.5122        1.6223
    656.5164        1.6219
    656.5205        1.6218
    656.5246        1.6216
    656.5288        1.6207
    656.5329        1.6189
    656.5371        1.6165
    656.5412        1.6133
    656.5454        1.6091
    656.5495        1.6043
    656.5537        1.5989
    656.5578        1.5933
    656.5620        1.5883
    656.5661        1.5841
    656.5703        1.5807
    656.5744        1.5776
    656.5785        1.5740
    656.5827        1.5698
    656.5868        1.5647
    656.5910        1.5595
    656.5951        1.5546
    656.5993        1.5506
    656.6034        1.5475
    656.6076        1.5450
    656.6117        1.5425
    656.6159        1.5389
    656.6200        1.5341
    656.6241        1.5278
    656.6283        1.5203
    656.6324        1.5123
    656.6366        1.5043
    656.6407        1.4964
    656.6449        1.4890
    656.6490        1.4815
    656.6532        1.4736
    656.6573        1.4653
    656.6615        1.4566
    656.6656        1.4478
    656.6698        1.4394
    656.6739        1.4315
    656.6780        1.4240
    656.6822        1.4165
    656.6863        1.4090
    656.6905        1.4012
    656.6946        1.3935
    656.6988        1.3861
    656.7029        1.3793
    656.7071        1.3731
    656.7112        1.3672
    656.7154        1.3611
    656.7195        1.3543
    656.7237        1.3466
    656.7278        1.3380
    656.7319        1.3286
    656.7361        1.3186
    656.7402        1.3085
    656.7444        1.2988
    656.7485        1.2901
    656.7527        1.2826
    656.7568        1.2765
    656.7610        1.2709
    656.7651        1.2653
    656.7693        1.2588
    656.7734        1.2511
    656.7775        1.2422
    656.7817        1.2331
    656.7858        1.2245
    656.7900        1.2171
    656.7941        1.2116
    656.7983        1.2075
    656.8024        1.2048
    656.8066        1.2027
    656.8107        1.2004
    656.8149        1.1975
    656.8190        1.1936
    656.8232        1.1885
    656.8273        1.1826
    656.8314        1.1757
    656.8356        1.1680
    656.8397        1.1591
    656.8439        1.1487
    656.8480        1.1367
    656.8522        1.1236
    656.8563        1.1103
    656.8605        1.0973
    656.8646        1.0855
    656.8688        1.0751
    656.8729        1.0663
    656.8770        1.0592
    656.8812        1.0539
    656.8853        1.0505
    656.8895        1.0491
    656.8936        1.0494
    656.8978        1.0512
    656.9019        1.0540
    656.9061        1.0574
    656.9102        1.0608
    656.9144        1.0637
    656.9185        1.0654
    656.9227        1.0659
    656.9268        1.0650
    656.9309        1.0631
    656.9351        1.0604
    656.9392        1.0577
    656.9434        1.0553
    656.9475        1.0534
    656.9517        1.0523
    656.9558        1.0520
    656.9600        1.0527
    656.9641        1.0540
    656.9683        1.0557
    656.9724        1.0571
    656.9766        1.0575
    656.9807        1.0560
    656.9848        1.0523
    656.9890        1.0465
    656.9931        1.0395
    656.9973        1.0325
    657.0014        1.0269
    657.0056        1.0235
    657.0097        1.0226
    657.0139        1.0243
    657.0180        1.0278
    657.0222        1.0324
    657.0263        1.0371
    657.0304        1.0412
    657.0346        1.0439
    657.0387        1.0447
    657.0429        1.0431
    657.0470        1.0392
    657.0512        1.0338
    657.0553        1.0275
    657.0595        1.0214
    657.0636        1.0163
    657.0678        1.0122
    657.0719        1.0091
    657.0761        1.0068
    657.0802        1.0050
    657.0843        1.0039
    657.0885        1.0031
    657.0926        1.0028
    657.0968        1.0027
    657.1009        1.0026
    657.1051        1.0028
    657.1092        1.0035
    657.1134        1.0050
    657.1175        1.0073
    657.1217        1.0100
    657.1258        1.0122
    657.1300        1.0133
    657.1341        1.0129
    657.1382        1.0107
    657.1424        1.0068
    657.1465        1.0018
    657.1507        0.9956
    657.1548        0.9887
    657.1590        0.9816
    657.1631        0.9746
    657.1673        0.9682
    657.1714        0.9623
    657.1756        0.9566
    657.1797        0.9505
    657.1838        0.9435
    657.1880        0.9360
    657.1921        0.9283
    657.1963        0.9214
    657.2004        0.9161
    657.2046        0.9132
    657.2087        0.9129
    657.2129        0.9150
    657.2170        0.9193
    657.2212        0.9254
    657.2253        0.9329
    657.2295        0.9411
    657.2336        0.9494
    657.2377        0.9573
    657.2419        0.9643
    657.2460        0.9700
    657.2502        0.9745
    657.2543        0.9778
    657.2585        0.9802
    657.2626        0.9818
    657.2668        0.9829
    657.2709        0.9840
    657.2751        0.9851
    657.2792        0.9862
    657.2833        0.9871
    657.2875        0.9876
    657.2916        0.9878
    657.2958        0.9882
    657.2999        0.9890
    657.3041        0.9905
    657.3082        0.9926
    657.3124        0.9946
    657.3165        0.9959
    657.3207        0.9958
    657.3248        0.9939
    657.3290        0.9905
    657.3331        0.9860
    657.3372        0.9814
    657.3414        0.9773
    657.3455        0.9742
    657.3497        0.9725
    657.3538        0.9721
    657.3580        0.9730
    657.3621        0.9749
    657.3663        0.9774
    657.3704        0.9801
    657.3746        0.9823
    657.3787        0.9836
    657.3829        0.9840
    657.3870        0.9835
    657.3911        0.9825
    657.3953        0.9814
    657.3994        0.9806
    657.4036        0.9801
    657.4077        0.9800
    657.4119        0.9799
    657.4160        0.9797
    657.4202        0.9790
    657.4243        0.9773
    657.4285        0.9741
    657.4326        0.9690
    657.4367        0.9622
    657.4409        0.9541
    657.4450        0.9451
    657.4492        0.9359
    657.4533        0.9266
    657.4575        0.9168
    657.4616        0.9061
    657.4658        0.8940
    657.4699        0.8809
    657.4741        0.8676
    657.4782        0.8559
    657.4824        0.8477
    657.4865        0.8446
    657.4906        0.8475
    657.4948        0.8560
    657.4989        0.8688
    657.5031        0.8837
    657.5072        0.8987
    657.5114        0.9121
    657.5155        0.9232
    657.5197        0.9319
    657.5238        0.9388
    657.5280        0.9448
    657.5321        0.9503
    657.5363        0.9556
    657.5404        0.9610
    657.5445        0.9662
    657.5487        0.9709
    657.5528        0.9748
    657.5570        0.9771
    657.5611        0.9777
    657.5653        0.9766
    657.5694        0.9746
    657.5736        0.9722
    657.5777        0.9701
    657.5819        0.9688
    657.5860        0.9682
    657.5901        0.9680
    657.5943        0.9677
    657.5984        0.9670
    657.6026        0.9658
    657.6067        0.9643
    657.6109        0.9629
    657.6150        0.9621
    657.6192        0.9622
    657.6233        0.9632
    657.6275        0.9649
    657.6316        0.9668
    657.6358        0.9685
    657.6399        0.9697
    657.6440        0.9703
    657.6482        0.9700
    657.6523        0.9689
    657.6565        0.9669
    657.6606        0.9646
    657.6648        0.9623
    657.6689        0.9608
    657.6731        0.9603
    657.6772        0.9610
    657.6814        0.9626
    657.6855        0.9645
    657.6896        0.9663
    657.6938        0.9681
    657.6979        0.9700
    657.7021        0.9722
    657.7062        0.9748
    657.7104        0.9776
    657.7145        0.9802
    657.7187        0.9819
    657.7228        0.9827
    657.7270        0.9822
    657.7311        0.9804
    657.7353        0.9771
    657.7394        0.9722
    657.7435        0.9655
    657.7477        0.9572
    657.7518        0.9482
    657.7560        0.9397
    657.7601        0.9329
    657.7643        0.9291
    657.7684        0.9288
    657.7726        0.9320
    657.7767        0.9378
    657.7809        0.9450
    657.7850        0.9523
    657.7892        0.9587
    657.7933        0.9635
    657.7974        0.9666
    657.8016        0.9684
    657.8057        0.9690
    657.8099        0.9685
    657.8140        0.9671
    657.8182        0.9648
    657.8223        0.9620
    657.8265        0.9592
    657.8306        0.9570
    657.8348        0.9557
    657.8389        0.9557
    657.8430        0.9569
    657.8472        0.9592
    657.8513        0.9623
    657.8555        0.9659
    657.8596        0.9692
    657.8638        0.9715
    657.8679        0.9722
    657.8721        0.9709
    657.8762        0.9677
    657.8804        0.9634
    657.8845        0.9588
    657.8887        0.9552
    657.8928        0.9535
    657.8969        0.9538
    657.9011        0.9558
    657.9052        0.9586
    657.9094        0.9614
    657.9135        0.9634
    657.9177        0.9645
    657.9218        0.9652
    657.9260        0.9662
    657.9301        0.9681
    657.9343        0.9711
    657.9384        0.9748
    657.9425        0.9785
    657.9467        0.9816
    657.9508        0.9834
    657.9550        0.9839
    657.9591        0.9831
    657.9633        0.9814
    657.9674        0.9789
    657.9716        0.9761
    657.9757        0.9728
    657.9799        0.9691
    657.9840        0.9651
    657.9882        0.9607
    657.9923        0.9562
    657.9964        0.9519
    658.0006        0.9486
    658.0047        0.9470
    658.0089        0.9476
    658.0130        0.9502
    658.0172        0.9542
    658.0213        0.9587
    658.0255        0.9628
    658.0296        0.9655
    658.0338        0.9664
    658.0379        0.9651
    658.0421        0.9619
    658.0462        0.9571
    658.0503        0.9514
    658.0545        0.9460
    658.0586        0.9416
    658.0628        0.9387
    658.0669        0.9371
    658.0711        0.9360
    658.0752        0.9343
    658.0794        0.9315
    658.0835        0.9277
    658.0877        0.9237
    658.0918        0.9202
    658.0959        0.9179
    658.1001        0.9175
    658.1042        0.9190
    658.1084        0.9226
    658.1125        0.9281
    658.1167        0.9352
    658.1208        0.9432
    658.1250        0.9510
    658.1291        0.9579
    658.1333        0.9632
    658.1374        0.9667
    658.1416        0.9682
    658.1457        0.9679
    658.1498        0.9659
    658.1540        0.9628
    658.1581        0.9592
    658.1623        0.9558
    658.1664        0.9531
    658.1706        0.9519
    658.1747        0.9521
    658.1789        0.9533
    658.1830        0.9550
    658.1872        0.9562
    658.1913        0.9565
    658.1955        0.9557
    658.1996        0.9542
    658.2037        0.9524
    658.2079        0.9508
    658.2120        0.9497
    658.2162        0.9495
    658.2203        0.9504
    658.2245        0.9525
    658.2286        0.9556
    658.2328        0.9589
    658.2369        0.9615
    658.2411        0.9625
    658.2452        0.9614
    658.2493        0.9579
    658.2535        0.9525
    658.2576        0.9464
    658.2618        0.9406
    658.2659        0.9361
    658.2701        0.9334
    658.2742        0.9331
    658.2784        0.9349
    658.2825        0.9384
    658.2867        0.9430
    658.2908        0.9479
    658.2950        0.9522
    658.2991        0.9548
    658.3032        0.9549
    658.3074        0.9522
    658.3115        0.9471
    658.3157        0.9407
    658.3198        0.9343
    658.3240        0.9289
    658.3281        0.9252
    658.3323        0.9229
    658.3364        0.9220
    658.3406        0.9220
    658.3447        0.9224
    658.3488        0.9231
    658.3530        0.9246
    658.3571        0.9271
    658.3613        0.9314
    658.3654        0.9377
    658.3696        0.9457
    658.3737        0.9546
    658.3779        0.9635
    658.3820        0.9711
    658.3862        0.9764
    658.3903        0.9795
    658.3945        0.9806
    658.3986        0.9803
    658.4027        0.9792
    658.4069        0.9775
    658.4110        0.9756
    658.4152        0.9735
    658.4193        0.9713
    658.4235        0.9693
    658.4276        0.9677
    658.4318        0.9666
    658.4359        0.9662
    658.4401        0.9663
    658.4442        0.9667
    658.4484        0.9669
    658.4525        0.9664
    658.4566        0.9646
    658.4608        0.9612
    658.4649        0.9567
    658.4691        0.9517
    658.4732        0.9472
    658.4774        0.9442
    658.4815        0.9434
    658.4857        0.9451
    658.4898        0.9490
    658.4940        0.9543
    658.4981        0.9603
    658.5022        0.9663
    658.5064        0.9718
    658.5105        0.9768
    658.5147        0.9817
    658.5188        0.9861
    658.5230        0.9900
    658.5271        0.9928
    658.5313        0.9943
    658.5354        0.9943
    658.5396        0.9932
    658.5437        0.9920
    658.5479        0.9915
    658.5520        0.9922
    658.5561        0.9941
    658.5603        0.9963
    658.5644        0.9980
    658.5686        0.9980
    658.5727        0.9957
    658.5769        0.9910
    658.5810        0.9844
    658.5852        0.9765
    658.5893        0.9683
    658.5935        0.9609
    658.5976        0.9548
    658.6018        0.9502
    658.6059        0.9469
    658.6100        0.9443
    658.6142        0.9421
    658.6183        0.9398
    658.6225        0.9374
    658.6266        0.9350
    658.6308        0.9327
    658.6349        0.9304
    658.6391        0.9282
    658.6432        0.9262
    658.6474        0.9250
    658.6515        0.9253
    658.6556        0.9280
    658.6598        0.9333
    658.6639        0.9412
    658.6681        0.9507
    658.6722        0.9607
    658.6764        0.9696
    658.6805        0.9762
    658.6847        0.9798
    658.6888        0.9800
    658.6930        0.9775
    658.6971        0.9734
    658.7013        0.9691
    658.7054        0.9658
    658.7095        0.9649
    658.7137        0.9665
    658.7178        0.9706
    658.7220        0.9765
    658.7261        0.9832
    658.7303        0.9899
    658.7344        0.9958
    658.7386        1.0002
    658.7427        1.0029
    658.7469        1.0040
    658.7510        1.0036
    658.7551        1.0026
    658.7593        1.0013
    658.7634        1.0005
    658.7676        1.0003
    658.7717        1.0009
    658.7759        1.0021
    658.7800        1.0033
    658.7842        1.0043
    658.7883        1.0049
    658.7925        1.0049
    658.7966        1.0045
    658.8008        1.0037
    658.8049        1.0027
    658.8090        1.0013
    658.8132        0.9998
    658.8173        0.9982
    658.8215        0.9966
    658.8256        0.9953
    658.8298        0.9941
    658.8339        0.9928
    658.8381        0.9913
    658.8422        0.9895
    658.8464        0.9878
    658.8505        0.9868
    658.8547        0.9870
    658.8588        0.9890
    658.8629        0.9932
    658.8671        0.9994
    658.8712        1.0068
    658.8754        1.0147
    658.8795        1.0213
    658.8837        1.0259
    658.8878        1.0276
    658.8920        1.0262
    658.8961        1.0221
    658.9003        1.0160
    658.9044        1.0088
    658.9085        1.0015
    658.9127        0.9948
    658.9168        0.9896
    658.9210        0.9861
    658.9251        0.9847
    658.9293        0.9853
    658.9334        0.9877
    658.9376        0.9908
    658.9417        0.9943
    658.9459        0.9974
    658.9500        0.9998
    658.9542        1.0013
    658.9583        1.0020
    658.9624        1.0018
    658.9666        1.0009
    658.9707        0.9996
    658.9749        0.9979
    658.9790        0.9961
    658.9832        0.9945
    658.9873        0.9932
    658.9915        0.9922
    658.9956        0.9916
    658.9998        0.9912
    659.0039        0.9911
    659.0081        0.9911
    659.0122        0.9915
    659.0163        0.9923
    659.0205        0.9934
    659.0246        0.9947
    659.0288        0.9958
    659.0329        0.9961
    659.0371        0.9954
    659.0412        0.9936
    659.0454        0.9908
    659.0495        0.9875
    659.0537        0.9842
    659.0578        0.9819
    659.0619        0.9812
    659.0661        0.9830
    659.0702        0.9871
    659.0744        0.9931
    659.0785        0.9998
    659.0827        1.0061
    659.0868        1.0110
    659.0910        1.0143
    659.0951        1.0160
    659.0993        1.0165
    659.1034        1.0163
    659.1076        1.0157
    659.1117        1.0150
    659.1158        1.0142
    659.1200        1.0134
    659.1241        1.0126
    659.1283        1.0122
    659.1324        1.0124
    659.1366        1.0136
    659.1407        1.0156
    659.1449        1.0184
    659.1490        1.0214
    659.1532        1.0243
    659.1573        1.0268
    659.1614        1.0285
    659.1656        1.0292
    659.1697        1.0291
    659.1739        1.0282
    659.1780        1.0269
    659.1822        1.0255
    659.1863        1.0243
    659.1905        1.0237
    659.1946        1.0234
    659.1988        1.0234
    659.2029        1.0235
    659.2071        1.0232
    659.2112        1.0224
    659.2153        1.0208
    659.2195        1.0183
    659.2236        1.0152
    659.2278        1.0118
    659.2319        1.0084
    659.2361        1.0058
    659.2402        1.0042
    659.2444        1.0040
    659.2485        1.0049
    659.2527        1.0065
    659.2568        1.0080
    659.2610        1.0088
    659.2651        1.0084
    659.2692        1.0065
    659.2734        1.0030
    659.2775        0.9983
    659.2817        0.9930
    659.2858        0.9880
    659.2900        0.9842
    659.2941        0.9822
    659.2983        0.9826
    659.3024        0.9854
    659.3066        0.9903
    659.3107        0.9966
    659.3148        1.0035
    659.3190        1.0101
    659.3231        1.0156
    659.3273        1.0198
    659.3314        1.0223
    659.3356        1.0231
    659.3397        1.0223
    659.3439        1.0201
    659.3480        1.0170
    659.3522        1.0133
    659.3563        1.0096
    659.3605        1.0069
    659.3646        1.0053
    659.3687        1.0050
    659.3729        1.0057
    659.3770        1.0066
    659.3812        1.0071
    659.3853        1.0064
    659.3895        1.0045
    659.3936        1.0015
    659.3978        0.9978
    659.4019        0.9939
    659.4061        0.9903
    659.4102        0.9870
    659.4144        0.9840
    659.4185        0.9812
    659.4226        0.9785
    659.4268        0.9759
    659.4309        0.9741
    659.4351        0.9738
    659.4392        0.9754
    659.4434        0.9793
    659.4475        0.9849
    659.4517        0.9912
    659.4558        0.9970
    659.4600        1.0012
    659.4641        1.0028
    659.4682        1.0020
    659.4724        0.9991
    659.4765        0.9952
    659.4807        0.9916
    659.4848        0.9895
    659.4890        0.9896
    659.4931        0.9925
    659.4973        0.9980
    659.5014        1.0054
    659.5056        1.0135
    659.5097        1.0211
    659.5139        1.0269
    659.5180        1.0302
    659.5221        1.0309
    659.5263        1.0294
    659.5304        1.0260
    659.5346        1.0216
    659.5387        1.0162
    659.5429        1.0104
    659.5470        1.0039
    659.5512        0.9967
    659.5553        0.9889
    659.5595        0.9810
    659.5636        0.9739
    659.5677        0.9684
    659.5719        0.9649
    659.5760        0.9634
    659.5802        0.9636
    659.5843        0.9648
    659.5885        0.9664
    659.5926        0.9681
    659.5968        0.9701
    659.6009        0.9726
    659.6051        0.9759
    659.6092        0.9799
    659.6134        0.9842
    659.6175        0.9882
    659.6216        0.9915
    659.6258        0.9941
    659.6299        0.9961
    659.6341        0.9977
    659.6382        0.9993
    659.6424        1.0009
    659.6465        1.0026
    659.6507        1.0042
    659.6548        1.0059
    659.6590        1.0075
    659.6631        1.0089
    659.6673        1.0097
    659.6714        1.0095
    659.6755        1.0079
    659.6797        1.0048
    659.6838        1.0006
    659.6880        0.9962
    659.6921        0.9926
    659.6963        0.9909
    659.7004        0.9916
    659.7046        0.9951
    659.7087        1.0010
    659.7129        1.0086
    659.7170        1.0173
    659.7211        1.0259
    659.7253        1.0336
    659.7294        1.0395
    659.7336        1.0428
    659.7377        1.0431
    659.7419        1.0405
    659.7460        1.0359
    659.7502        1.0305
    659.7543        1.0256
    659.7585        1.0222
    659.7626        1.0204
    659.7668        1.0197
    659.7709        1.0191
    659.7750        1.0180
    659.7792        1.0162
    659.7833        1.0140
    659.7875        1.0118
    659.7916        1.0100
    659.7958        1.0088
    659.7999        1.0082
    659.8041        1.0080
    659.8082        1.0080
    659.8124        1.0084
    659.8165        1.0092
    659.8207        1.0104
    659.8248        1.0118
    659.8289        1.0131
    659.8331        1.0139
    659.8372        1.0142
    659.8414        1.0139
    659.8455        1.0133
    659.8497        1.0128
    659.8538        1.0126
    659.8580        1.0128
    659.8621        1.0132
    659.8663        1.0135
    659.8704        1.0133
    659.8745        1.0122
    659.8787        1.0101
    659.8828        1.0073
    659.8870        1.0041
    659.8911        1.0010
    659.8953        0.9986
    659.8994        0.9969
    659.9036        0.9959
    659.9077        0.9956
    659.9119        0.9959
    659.9160        0.9965
    659.9202        0.9972
    659.9243        0.9976
    659.9284        0.9976
    659.9326        0.9968
    659.9367        0.9955
    659.9409        0.9939
    659.9450        0.9921
    659.9492        0.9906
    659.9533        0.9898
    659.9575        0.9902
    659.9616        0.9920
    659.9658        0.9955
    659.9699        0.9999
    659.9740        1.0044
    659.9782        1.0081
    659.9823        1.0103
    659.9865        1.0109
    659.9906        1.0101
    659.9948        1.0084
    659.9989        1.0063
    660.0031        1.0042
    660.0072        1.0022
    660.0114        1.0006
    660.0155        0.9994
    660.0197        0.9987
    660.0238        0.9983
    660.0279        0.9981
    660.0321        0.9977
    660.0362        0.9972
    660.0404        0.9969
    660.0445        0.9970
    660.0487        0.9979
    660.0528        0.9996
    660.0570        1.0017
    660.0611        1.0035
    660.0653        1.0045
    660.0694        1.0042
    660.0736        1.0029
    660.0777        1.0010
    660.0818        0.9989
    660.0860        0.9973
    660.0901        0.9965
    660.0943        0.9967
    660.0984        0.9976
    660.1026        0.9991
    660.1067        1.0005
    660.1109        1.0013
    660.1150        1.0013
    660.1192        1.0006
    660.1233        0.9996
    660.1274        0.9990
    660.1316        0.9993
    660.1357        1.0004
    660.1399        1.0023
    660.1440        1.0045
    660.1482        1.0069
    660.1523        1.0092
    660.1565        1.0114
    660.1606        1.0134
    660.1648        1.0149
    660.1689        1.0153
    660.1731        1.0144
    660.1772        1.0118
    660.1813        1.0074
    660.1855        1.0011
    660.1896        0.9931
    660.1938        0.9839
    660.1979        0.9747
    660.2021        0.9668
    660.2062        0.9613
    660.2104        0.9593
    660.2145        0.9610
    660.2187        0.9657
    660.2228        0.9723
    660.2270        0.9796
    660.2311        0.9863
    660.2352        0.9914
    660.2394        0.9951
    660.2435        0.9976
    660.2477        0.9996
    660.2518        1.0017
    660.2560        1.0043
    660.2601        1.0077
    660.2643        1.0117
    660.2684        1.0158
    660.2726        1.0197
    660.2767        1.0227
    660.2808        1.0247
    660.2850        1.0254
    660.2891        1.0247
    660.2933        1.0229
    660.2974        1.0200
    660.3016        1.0167
    660.3057        1.0136
    660.3099        1.0116
    660.3140        1.0109
    660.3182        1.0116
    660.3223        1.0132
    660.3265        1.0148
    660.3306        1.0157
    660.3347        1.0155
    660.3389        1.0145
    660.3430        1.0131
    660.3472        1.0120
    660.3513        1.0117
    660.3555        1.0122
    660.3596        1.0133
    660.3638        1.0148
    660.3679        1.0162
    660.3721        1.0173
    660.3762        1.0178
    660.3803        1.0176
    660.3845        1.0161
    660.3886        1.0133
    660.3928        1.0094
    660.3969        1.0049
    660.4011        1.0004
    660.4052        0.9967
    660.4094        0.9946
    660.4135        0.9941
    660.4177        0.9950
    660.4218        0.9967
    660.4260        0.9987
    660.4301        1.0005
    660.4342        1.0020
    660.4384        1.0034
    660.4425        1.0045
    660.4467        1.0056
    660.4508        1.0066
    660.4550        1.0075
    660.4591        1.0083
    660.4633        1.0087
    660.4674        1.0086
    660.4716        1.0077
    660.4757        1.0061
    660.4799        1.0041
    660.4840        1.0024
    660.4881        1.0016
    660.4923        1.0022
    660.4964        1.0043
    660.5006        1.0072
    660.5047        1.0101
    660.5089        1.0122
    660.5130        1.0128
    660.5172        1.0121
    660.5213        1.0103
    660.5255        1.0081
    660.5296        1.0063
    660.5337        1.0054
    660.5379        1.0058
    660.5420        1.0076
    660.5462        1.0104
    660.5503        1.0138
    660.5545        1.0173
    660.5586        1.0204
    660.5628        1.0226
    660.5669        1.0240
    660.5711        1.0243
    660.5752        1.0237
    660.5794        1.0222
    660.5835        1.0197
    660.5876        1.0165
    660.5918        1.0130
    660.5959        1.0095
    660.6001        1.0063
    660.6042        1.0036
    660.6084        1.0016
    660.6125        1.0002
    660.6167        0.9994
    660.6208        0.9993
    660.6250        1.0000
    660.6291        1.0014
    660.6332        1.0032
    660.6374        1.0050
    660.6415        1.0063
    660.6457        1.0068
    660.6498        1.0060
    660.6540        1.0038
    660.6581        1.0009
    660.6623        0.9976
    660.6664        0.9944
    660.6706        0.9917
    660.6747        0.9897
    660.6789        0.9885
    660.6830        0.9879
    660.6871        0.9883
    660.6913        0.9898
    660.6954        0.9926
    660.6996        0.9961
    660.7037        0.9997
    660.7079        1.0021
    660.7120        1.0027
    660.7162        1.0010
    660.7203        0.9973
    660.7245        0.9922
    660.7286        0.9871
    660.7328        0.9829
    660.7369        0.9808
    660.7410        0.9812
    660.7452        0.9839
    660.7493        0.9883
    660.7535        0.9931
    660.7576        0.9973
    660.7618        0.9998
    660.7659        1.0003
    660.7701        0.9988
    660.7742        0.9957
    660.7784        0.9917
    660.7825        0.9875
    660.7866        0.9836
    660.7908        0.9807
    660.7949        0.9790
    660.7991        0.9789
    660.8032        0.9804
    660.8074        0.9834
    660.8115        0.9874
    660.8157        0.9918
    660.8198        0.9962
    660.8240        1.0002
    660.8281        1.0034
    660.8323        1.0058
    660.8364        1.0070
    660.8405        1.0068
    660.8447        1.0054
    660.8488        1.0031
    660.8530        1.0008
    660.8571        0.9990
    660.8613        0.9980
    660.8654        0.9978
    660.8696        0.9980
    660.8737        0.9984
    660.8779        0.9987
    660.8820        0.9989
    660.8862        0.9990
    660.8903        0.9988
    660.8944        0.9982
    660.8986        0.9973
    660.9027        0.9959
    660.9069        0.9943
    660.9110        0.9923
    660.9152        0.9899
    660.9193        0.9874
    660.9235        0.9847
    660.9276        0.9821
    660.9318        0.9802
    660.9359        0.9793
    660.9400        0.9798
    660.9442        0.9820
    660.9483        0.9858
    660.9525        0.9911
    660.9566        0.9975
    660.9608        1.0044
    660.9649        1.0113
    660.9691        1.0177
    660.9732        1.0229
    660.9774        1.0265
    660.9815        1.0279
    660.9857        1.0272
    660.9898        1.0248
    660.9939        1.0212
