    650.3879        1.0205
    650.3921        1.0217
    650.3962        1.0224
    650.4004        1.0224
    650.4045        1.0213
    650.4087        1.0187
    650.4128        1.0152
    650.4170        1.0115
    650.4211        1.0090
    650.4253        1.0092
    650.4294        1.0126
    650.4335        1.0190
    650.4377        1.0272
    650.4418        1.0361
    650.4460        1.0446
    650.4501        1.0519
    650.4543        1.0569
    650.4584        1.0587
    650.4626        1.0569
    650.4667        1.0518
    650.4709        1.0445
    650.4750        1.0366
    650.4791        1.0294
    650.4833        1.0237
    650.4874        1.0195
    650.4916        1.0168
    650.4957        1.0154
    650.4999        1.0155
    650.5040        1.0174
    650.5082        1.0209
    650.5123        1.0249
    650.5165        1.0280
    650.5206        1.0293
    650.5248        1.0285
    650.5289        1.0263
    650.5330        1.0239
    650.5372        1.0222
    650.5413        1.0218
    650.5455        1.0226
    650.5496        1.0246
    650.5538        1.0271
    650.5579        1.0298
    650.5621        1.0321
    650.5662        1.0338
    650.5704        1.0349
    650.5745        1.0354
    650.5787        1.0350
    650.5828        1.0332
    650.5869        1.0296
    650.5911        1.0240
    650.5952        1.0168
    650.5994        1.0093
    650.6035        1.0033
    650.6077        1.0006
    650.6118        1.0020
    650.6160        1.0071
    650.6201        1.0145
    650.6243        1.0222
    650.6284        1.0286
    650.6325        1.0326
    650.6367        1.0343
    650.6408        1.0344
    650.6450        1.0336
    650.6491        1.0325
    650.6533        1.0314
    650.6574        1.0305
    650.6616        1.0300
    650.6657        1.0301
    650.6699        1.0311
    650.6740        1.0327
    650.6782        1.0343
    650.6823        1.0354
    650.6864        1.0353
    650.6906        1.0340
    650.6947        1.0322
    650.6989        1.0306
    650.7030        1.0302
    650.7072        1.0308
    650.7113        1.0318
    650.7155        1.0320
    650.7196        1.0309
    650.7238        1.0287
    650.7279        1.0265
    650.7321        1.0254
    650.7362        1.0262
    650.7403        1.0285
    650.7445        1.0311
    650.7486        1.0325
    650.7528        1.0316
    650.7569        1.0280
    650.7611        1.0225
    650.7652        1.0166
    650.7694        1.0116
    650.7735        1.0084
    650.7777        1.0073
    650.7818        1.0076
    650.7859        1.0088
    650.7901        1.0099
    650.7942        1.0102
    650.7984        1.0097
    650.8025        1.0084
    650.8067        1.0068
    650.8108        1.0052
    650.8150        1.0037
    650.8191        1.0021
    650.8233        1.0006
    650.8274        0.9994
    650.8316        0.9985
    650.8357        0.9976
    650.8398        0.9965
    650.8440        0.9948
    650.8481        0.9924
    650.8523        0.9899
    650.8564        0.9878
    650.8606        0.9866
    650.8647        0.9865
    650.8689        0.9871
    650.8730        0.9880
    650.8772        0.9888
    650.8813        0.9894
    650.8854        0.9902
    650.8896        0.9915
    650.8937        0.9931
    650.8979        0.9950
    650.9020        0.9976
    650.9062        1.0014
    650.9103        1.0074
    650.9145        1.0161
    650.9186        1.0269
    650.9228        1.0383
    650.9269        1.0483
    650.9311        1.0554
    650.9352        1.0584
    650.9393        1.0576
    650.9435        1.0539
    650.9476        1.0489
    650.9518        1.0439
    650.9559        1.0399
    650.9601        1.0370
    650.9642        1.0351
    650.9684        1.0339
    650.9725        1.0331
    650.9767        1.0325
    650.9808        1.0319
    650.9850        1.0310
    650.9891        1.0294
    650.9932        1.0274
    650.9974        1.0260
    651.0015        1.0262
    651.0057        1.0284
    651.0098        1.0320
    651.0140        1.0356
    651.0181        1.0377
    651.0223        1.0378
    651.0264        1.0362
    651.0306        1.0342
    651.0347        1.0328
    651.0388        1.0330
    651.0430        1.0345
    651.0471        1.0365
    651.0513        1.0376
    651.0554        1.0369
    651.0596        1.0343
    651.0637        1.0307
    651.0679        1.0273
    651.0720        1.0250
    651.0762        1.0240
    651.0803        1.0239
    651.0845        1.0244
    651.0886        1.0252
    651.0927        1.0261
    651.0969        1.0272
    651.1010        1.0286
    651.1052        1.0304
    651.1093        1.0327
    651.1135        1.0352
    651.1176        1.0377
    651.1218        1.0398
    651.1259        1.0417
    651.1301        1.0438
    651.1342        1.0466
    651.1384        1.0500
    651.1425        1.0530
    651.1466        1.0544
    651.1508        1.0534
    651.1549        1.0507
    651.1591        1.0476
    651.1632        1.0457
    651.1674        1.0455
    651.1715        1.0466
    651.1757        1.0483
    651.1798        1.0497
    651.1840        1.0505
    651.1881        1.0509
    651.1922        1.0509
    651.1964        1.0503
    651.2005        1.0486
    651.2047        1.0449
    651.2088        1.0383
    651.2130        1.0293
    651.2171        1.0189
    651.2213        1.0093
    651.2254        1.0022
    651.2296        0.9987
    651.2337        0.9987
    651.2379        1.0013
    651.2420        1.0055
    651.2461        1.0106
    651.2503        1.0160
    651.2544        1.0213
    651.2586        1.0257
    651.2627        1.0287
    651.2669        1.0301
    651.2710        1.0306
    651.2752        1.0310
    651.2793        1.0314
    651.2835        1.0319
    651.2876        1.0316
    651.2917        1.0300
    651.2959        1.0271
    651.3000        1.0232
    651.3042        1.0195
    651.3083        1.0172
    651.3125        1.0170
    651.3166        1.0191
    651.3208        1.0223
    651.3249        1.0253
    651.3291        1.0269
    651.3332        1.0272
    651.3374        1.0273
    651.3415        1.0282
    651.3456        1.0307
    651.3498        1.0343
    651.3539        1.0379
    651.3581        1.0402
    651.3622        1.0403
    651.3664        1.0381
    651.3705        1.0344
    651.3747        1.0308
    651.3788        1.0286
    651.3830        1.0283
    651.3871        1.0295
    651.3913        1.0309
    651.3954        1.0312
    651.3995        1.0298
    651.4037        1.0266
    651.4078        1.0225
    651.4120        1.0182
    651.4161        1.0143
    651.4203        1.0105
    651.4244        1.0064
    651.4286        1.0013
    651.4327        0.9950
    651.4369        0.9880
    651.4410        0.9806
    651.4451        0.9739
    651.4493        0.9682
    651.4534        0.9637
    651.4576        0.9600
    651.4617        0.9569
    651.4659        0.9543
    651.4700        0.9525
    651.4742        0.9525
    651.4783        0.9551
    651.4825        0.9606
    651.4866        0.9691
    651.4908        0.9800
    651.4949        0.9921
    651.4990        1.0043
    651.5032        1.0153
    651.5073        1.0242
    651.5115        1.0308
    651.5156        1.0350
    651.5198        1.0369
    651.5239        1.0369
    651.5281        1.0352
    651.5322        1.0323
    651.5364        1.0283
    651.5405        1.0235
    651.5447        1.0181
    651.5488        1.0125
    651.5529        1.0069
    651.5571        1.0017
    651.5612        0.9975
    651.5654        0.9945
    651.5695        0.9925
    651.5737        0.9909
    651.5778        0.9887
    651.5820        0.9854
    651.5861        0.9815
    651.5903        0.9780
    651.5944        0.9761
    651.5985        0.9764
    651.6027        0.9784
    651.6068        0.9808
    651.6110        0.9821
    651.6151        0.9807
    651.6193        0.9760
    651.6234        0.9678
    651.6276        0.9569
    651.6317        0.9440
    651.6359        0.9303
    651.6400        0.9167
    651.6442        0.9045
    651.6483        0.8945
    651.6524        0.8877
    651.6566        0.8842
    651.6607        0.8840
    651.6649        0.8866
    651.6690        0.8915
    651.6732        0.8982
    651.6773        0.9063
    651.6815        0.9152
    651.6856        0.9245
    651.6898        0.9339
    651.6939        0.9434
    651.6980        0.9530
    651.7022        0.9623
    651.7063        0.9708
    651.7105        0.9777
    651.7146        0.9828
    651.7188        0.9863
    651.7229        0.9891
    651.7271        0.9918
    651.7312        0.9951
    651.7354        0.9994
    651.7395        1.0050
    651.7437        1.0118
    651.7478        1.0195
    651.7519        1.0275
    651.7561        1.0348
    651.7602        1.0402
    651.7644        1.0428
    651.7685        1.0421
    651.7727        1.0382
    651.7768        1.0318
    651.7810        1.0238
    651.7851        1.0151
    651.7893        1.0067
    651.7934        0.9995
    651.7976        0.9941
    651.8017        0.9906
    651.8058        0.9890
    651.8100        0.9892
    651.8141        0.9910
    651.8183        0.9943
    651.8224        0.9985
    651.8266        1.0025
    651.8307        1.0052
    651.8349        1.0061
    651.8390        1.0058
    651.8432        1.0059
    651.8473        1.0082
    651.8514        1.0139
    651.8556        1.0226
    651.8597        1.0328
    651.8639        1.0421
    651.8680        1.0484
    651.8722        1.0497
    651.8763        1.0456
    651.8805        1.0370
    651.8846        1.0256
    651.8888        1.0137
    651.8929        1.0029
    651.8971        0.9940
    651.9012        0.9874
    651.9053        0.9829
    651.9095        0.9802
    651.9136        0.9793
    651.9178        0.9799
    651.9219        0.9817
    651.9261        0.9840
    651.9302        0.9859
    651.9344        0.9866
    651.9385        0.9855
    651.9427        0.9831
    651.9468        0.9803
    651.9509        0.9785
    651.9551        0.9788
    651.9592        0.9815
    651.9634        0.9861
    651.9675        0.9917
    651.9717        0.9978
    651.9758        1.0043
    651.9800        1.0112
    651.9841        1.0183
    651.9883        1.0251
    651.9924        1.0307
    651.9966        1.0343
    652.0007        1.0358
    652.0048        1.0352
    652.0090        1.0331
    652.0131        1.0300
    652.0173        1.0263
    652.0214        1.0226
    652.0256        1.0196
    652.0297        1.0182
    652.0339        1.0190
    652.0380        1.0217
    652.0422        1.0256
    652.0463        1.0295
    652.0505        1.0324
    652.0546        1.0336
    652.0587        1.0332
    652.0629        1.0315
    652.0670        1.0291
    652.0712        1.0267
    652.0753        1.0254
    652.0795        1.0259
    652.0836        1.0287
    652.0878        1.0337
    652.0919        1.0399
    652.0961        1.0457
    652.1002        1.0500
    652.1043        1.0517
    652.1085        1.0509
    652.1126        1.0481
    652.1168        1.0443
    652.1209        1.0406
    652.1251        1.0380
    652.1292        1.0369
    652.1334        1.0371
    652.1375        1.0383
    652.1417        1.0398
    652.1458        1.0409
    652.1500        1.0408
    652.1541        1.0388
    652.1582        1.0354
    652.1624        1.0313
    652.1665        1.0280
    652.1707        1.0262
    652.1748        1.0261
    652.1790        1.0268
    652.1831        1.0267
    652.1873        1.0249
    652.1914        1.0211
    652.1956        1.0163
    652.1997        1.0118
    652.2039        1.0087
    652.2080        1.0074
    652.2121        1.0079
    652.2163        1.0100
    652.2204        1.0134
    652.2246        1.0174
    652.2287        1.0214
    652.2329        1.0246
    652.2370        1.0267
    652.2412        1.0279
    652.2453        1.0288
    652.2495        1.0299
    652.2536        1.0320
    652.2577        1.0351
    652.2619        1.0383
    652.2660        1.0406
    652.2702        1.0407
    652.2743        1.0388
    652.2785        1.0355
    652.2826        1.0325
    652.2868        1.0308
    652.2909        1.0302
    652.2951        1.0296
    652.2992        1.0278
    652.3034        1.0240
    652.3075        1.0189
    652.3116        1.0138
    652.3158        1.0100
    652.3199        1.0079
    652.3241        1.0069
    652.3282        1.0056
    652.3324        1.0034
    652.3365        0.9999
    652.3407        0.9960
    652.3448        0.9925
    652.3490        0.9904
    652.3531        0.9899
    652.3572        0.9908
    652.3614        0.9924
    652.3655        0.9932
    652.3697        0.9922
    652.3738        0.9886
    652.3780        0.9831
    652.3821        0.9772
    652.3863        0.9728
    652.3904        0.9717
    652.3946        0.9744
    652.3987        0.9804
    652.4029        0.9881
    652.4070        0.9955
    652.4111        1.0012
    652.4153        1.0042
    652.4194        1.0050
    652.4236        1.0045
    652.4277        1.0042
    652.4319        1.0053
    652.4360        1.0085
    652.4402        1.0139
    652.4443        1.0211
    652.4485        1.0290
    652.4526        1.0358
    652.4568        1.0401
    652.4609        1.0407
    652.4650        1.0375
    652.4692        1.0318
    652.4733        1.0253
    652.4775        1.0198
    652.4816        1.0163
    652.4858        1.0153
    652.4899        1.0168
    652.4941        1.0205
    652.4982        1.0260
    652.5024        1.0323
    652.5065        1.0384
    652.5106        1.0432
    652.5148        1.0461
    652.5189        1.0470
    652.5231        1.0464
    652.5272        1.0448
    652.5314        1.0424
    652.5355        1.0392
    652.5397        1.0353
    652.5438        1.0310
    652.5480        1.0271
    652.5521        1.0242
    652.5563        1.0227
    652.5604        1.0224
    652.5645        1.0227
    652.5687        1.0232
    652.5728        1.0234
    652.5770        1.0234
    652.5811        1.0235
    652.5853        1.0235
    652.5894        1.0230
    652.5936        1.0215
    652.5977        1.0188
    652.6019        1.0152
    652.6060        1.0114
    652.6102        1.0085
    652.6143        1.0070
    652.6184        1.0070
    652.6226        1.0081
    652.6267        1.0098
    652.6309        1.0114
    652.6350        1.0132
    652.6392        1.0153
    652.6433        1.0182
    652.6475        1.0217
    652.6516        1.0254
    652.6558        1.0283
    652.6599        1.0296
    652.6640        1.0286
    652.6682        1.0256
    652.6723        1.0210
    652.6765        1.0165
    652.6806        1.0134
    652.6848        1.0126
    652.6889        1.0140
    652.6931        1.0168
    652.6972        1.0201
    652.7014        1.0233
    652.7055        1.0265
    652.7097        1.0298
    652.7138        1.0333
    652.7179        1.0366
    652.7221        1.0393
    652.7262        1.0408
    652.7304        1.0408
    652.7345        1.0393
    652.7387        1.0370
    652.7428        1.0351
    652.7470        1.0347
    652.7511        1.0360
    652.7553        1.0387
    652.7594        1.0413
    652.7635        1.0423
    652.7677        1.0405
    652.7718        1.0361
    652.7760        1.0301
    652.7801        1.0238
    652.7843        1.0185
    652.7884        1.0148
    652.7926        1.0131
    652.7967        1.0133
    652.8009        1.0150
    652.8050        1.0179
    652.8092        1.0215
    652.8133        1.0260
    652.8174        1.0311
    652.8216        1.0369
    652.8257        1.0435
    652.8299        1.0503
    652.8340        1.0566
    652.8382        1.0612
    652.8423        1.0632
    652.8465        1.0618
    652.8506        1.0575
    652.8548        1.0510
    652.8589        1.0430
    652.8631        1.0344
    652.8672        1.0258
    652.8713        1.0182
    652.8755        1.0123
    652.8796        1.0087
    652.8838        1.0074
    652.8879        1.0080
    652.8921        1.0097
    652.8962        1.0115
    652.9004        1.0130
    652.9045        1.0141
    652.9087        1.0151
    652.9128        1.0167
    652.9169        1.0189
    652.9211        1.0213
    652.9252        1.0234
    652.9294        1.0245
    652.9335        1.0250
    652.9377        1.0252
    652.9418        1.0258
    652.9460        1.0272
    652.9501        1.0295
    652.9543        1.0324
    652.9584        1.0355
    652.9626        1.0379
    652.9667        1.0384
    652.9708        1.0363
    652.9750        1.0316
    652.9791        1.0251
    652.9833        1.0183
    652.9874        1.0124
    652.9916        1.0083
    652.9957        1.0059
    652.9999        1.0049
    653.0040        1.0049
    653.0082        1.0061
    653.0123        1.0087
    653.0165        1.0129
    653.0206        1.0183
    653.0247        1.0243
    653.0289        1.0299
    653.0330        1.0341
    653.0372        1.0367
    653.0413        1.0383
    653.0455        1.0396
    653.0496        1.0407
    653.0538        1.0416
    653.0579        1.0420
    653.0621        1.0418
    653.0662        1.0412
    653.0703        1.0402
    653.0745        1.0386
    653.0786        1.0364
    653.0828        1.0334
    653.0869        1.0301
    653.0911        1.0274
    653.0952        1.0262
    653.0994        1.0273
    653.1035        1.0304
    653.1077        1.0348
    653.1118        1.0393
    653.1160        1.0430
    653.1201        1.0458
    653.1242        1.0475
    653.1284        1.0481
    653.1325        1.0470
    653.1367        1.0438
    653.1408        1.0385
    653.1450        1.0315
    653.1491        1.0241
    653.1533        1.0177
    653.1574        1.0135
    653.1616        1.0123
    653.1657        1.0139
    653.1698        1.0174
    653.1740        1.0219
    653.1781        1.0263
    653.1823        1.0297
    653.1864        1.0311
    653.1906        1.0297
    653.1947        1.0251
    653.1989        1.0176
    653.2030        1.0083
    653.2072        0.9984
    653.2113        0.9889
    653.2155        0.9804
    653.2196        0.9729
    653.2237        0.9663
    653.2279        0.9605
    653.2320        0.9559
    653.2362        0.9534
    653.2403        0.9537
    653.2445        0.9570
    653.2486        0.9629
    653.2528        0.9703
    653.2569        0.9780
    653.2611        0.9848
    653.2652        0.9905
    653.2694        0.9953
    653.2735        0.9998
    653.2776        1.0043
    653.2818        1.0086
    653.2859        1.0122
    653.2901        1.0147
    653.2942        1.0158
    653.2984        1.0158
    653.3025        1.0150
    653.3067        1.0138
    653.3108        1.0124
    653.3150        1.0114
    653.3191        1.0111
    653.3232        1.0118
    653.3274        1.0137
    653.3315        1.0168
    653.3357        1.0204
    653.3398        1.0237
    653.3440        1.0256
    653.3481        1.0253
    653.3523        1.0226
    653.3564        1.0177
    653.3606        1.0109
    653.3647        1.0026
    653.3689        0.9939
    653.3730        0.9858
    653.3771        0.9792
    653.3813        0.9751
    653.3854        0.9738
    653.3896        0.9751
    653.3937        0.9784
    653.3979        0.9825
    653.4020        0.9863
    653.4062        0.9891
    653.4103        0.9911
    653.4145        0.9927
    653.4186        0.9949
    653.4228        0.9979
    653.4269        1.0019
    653.4310        1.0069
    653.4352        1.0125
    653.4393        1.0183
    653.4435        1.0237
    653.4476        1.0277
    653.4518        1.0294
    653.4559        1.0282
    653.4601        1.0242
    653.4642        1.0183
    653.4684        1.0124
    653.4725        1.0086
    653.4766        1.0086
    653.4808        1.0127
    653.4849        1.0195
    653.4891        1.0269
    653.4932        1.0326
    653.4974        1.0350
    653.5015        1.0337
    653.5057        1.0297
    653.5098        1.0245
    653.5140        1.0195
    653.5181        1.0158
    653.5223        1.0136
    653.5264        1.0127
    653.5305        1.0126
    653.5347        1.0128
    653.5388        1.0128
    653.5430        1.0124
    653.5471        1.0115
    653.5513        1.0101
    653.5554        1.0084
    653.5596        1.0070
    653.5637        1.0063
    653.5679        1.0065
    653.5720        1.0076
    653.5761        1.0090
    653.5803        1.0106
    653.5844        1.0128
    653.5886        1.0158
    653.5927        1.0198
    653.5969        1.0240
    653.6010        1.0274
    653.6052        1.0294
    653.6093        1.0302
    653.6135        1.0305
    653.6176        1.0308
    653.6218        1.0308
    653.6259        1.0298
    653.6300        1.0277
    653.6342        1.0246
    653.6383        1.0212
    653.6425        1.0179
    653.6466        1.0148
    653.6508        1.0117
    653.6549        1.0083
    653.6591        1.0044
    653.6632        0.9998
    653.6674        0.9945
    653.6715        0.9890
    653.6757        0.9845
    653.6798        0.9822
    653.6839        0.9828
    653.6881        0.9862
    653.6922        0.9913
    653.6964        0.9966
    653.7005        1.0006
    653.7047        1.0026
    653.7088        1.0027
    653.7130        1.0015
    653.7171        1.0002
    653.7213        0.9998
    653.7254        1.0006
    653.7295        1.0029
    653.7337        1.0059
    653.7378        1.0089
    653.7420        1.0110
    653.7461        1.0118
    653.7503        1.0116
    653.7544        1.0110
    653.7586        1.0110
    653.7627        1.0121
    653.7669        1.0145
    653.7710        1.0175
    653.7752        1.0205
    653.7793        1.0231
    653.7834        1.0250
    653.7876        1.0265
    653.7917        1.0277
    653.7959        1.0289
    653.8000        1.0302
    653.8042        1.0313
    653.8083        1.0319
    653.8125        1.0313
    653.8166        1.0291
    653.8208        1.0251
    653.8249        1.0201
    653.8291        1.0155
    653.8332        1.0131
    653.8373        1.0135
    653.8415        1.0161
    653.8456        1.0188
    653.8498        1.0195
    653.8539        1.0175
    653.8581        1.0132
    653.8622        1.0082
    653.8664        1.0041
    653.8705        1.0020
    653.8747        1.0021
    653.8788        1.0037
    653.8829        1.0058
    653.8871        1.0075
    653.8912        1.0084
    653.8954        1.0089
    653.8995        1.0098
    653.9037        1.0116
    653.9078        1.0142
    653.9120        1.0171
    653.9161        1.0189
    653.9203        1.0190
    653.9244        1.0171
    653.9286        1.0135
    653.9327        1.0089
    653.9368        1.0042
    653.9410        1.0003
    653.9451        0.9981
    653.9493        0.9980
    653.9534        1.0001
    653.9576        1.0034
    653.9617        1.0071
    653.9659        1.0107
    653.9700        1.0139
    653.9742        1.0170
    653.9783        1.0199
    653.9824        1.0221
    653.9866        1.0229
    653.9907        1.0219
    653.9949        1.0194
    653.9990        1.0163
    654.0032        1.0137
    654.0073        1.0127
    654.0115        1.0135
    654.0156        1.0158
    654.0198        1.0183
    654.0239        1.0196
    654.0281        1.0187
    654.0322        1.0156
    654.0363        1.0115
    654.0405        1.0080
    654.0446        1.0069
    654.0488        1.0087
    654.0529        1.0124
    654.0571        1.0166
    654.0612        1.0196
    654.0654        1.0206
    654.0695        1.0197
    654.0737        1.0175
    654.0778        1.0149
    654.0820        1.0132
    654.0861        1.0128
    654.0902        1.0141
    654.0944        1.0166
    654.0985        1.0196
    654.1027        1.0224
    654.1068        1.0242
    654.1110        1.0249
    654.1151        1.0242
    654.1193        1.0224
    654.1234        1.0201
    654.1276        1.0178
    654.1317        1.0160
    654.1358        1.0146
    654.1400        1.0133
    654.1441        1.0115
    654.1483        1.0093
    654.1524        1.0068
    654.1566        1.0043
    654.1607        1.0020
    654.1649        1.0004
    654.1690        0.9992
    654.1732        0.9983
    654.1773        0.9966
    654.1815        0.9934
    654.1856        0.9889
    654.1897        0.9839
    654.1939        0.9798
    654.1980        0.9773
    654.2022        0.9766
    654.2063        0.9767
    654.2105        0.9766
    654.2146        0.9753
    654.2188        0.9731
    654.2229        0.9708
    654.2271        0.9700
    654.2312        0.9717
    654.2354        0.9766
    654.2395        0.9839
    654.2436        0.9922
    654.2478        1.0002
    654.2519        1.0067
    654.2561        1.0112
    654.2602        1.0136
    654.2644        1.0138
    654.2685        1.0121
    654.2727        1.0086
    654.2768        1.0039
    654.2810        0.9985
    654.2851        0.9931
    654.2892        0.9883
    654.2934        0.9849
    654.2975        0.9834
    654.3017        0.9840
    654.3058        0.9862
    654.3100        0.9895
    654.3141        0.9931
    654.3183        0.9964
    654.3224        0.9991
    654.3266        1.0016
    654.3307        1.0042
    654.3349        1.0070
    654.3390        1.0097
    654.3431        1.0113
    654.3473        1.0109
    654.3514        1.0076
    654.3556        1.0013
    654.3597        0.9923
    654.3639        0.9814
    654.3680        0.9699
    654.3722        0.9590
    654.3763        0.9495
    654.3805        0.9418
    654.3846        0.9362
    654.3887        0.9329
    654.3929        0.9320
    654.3970        0.9334
    654.4012        0.9371
    654.4053        0.9427
    654.4095        0.9495
    654.4136        0.9565
    654.4178        0.9629
    654.4219        0.9681
    654.4261        0.9721
    654.4302        0.9756
    654.4344        0.9790
    654.4385        0.9823
    654.4426        0.9853
    654.4468        0.9871
    654.4509        0.9872
    654.4551        0.9856
    654.4592        0.9826
    654.4634        0.9788
    654.4675        0.9753
    654.4717        0.9729
    654.4758        0.9725
    654.4800        0.9740
    654.4841        0.9771
    654.4883        0.9807
    654.4924        0.9835
    654.4965        0.9849
    654.5007        0.9846
    654.5048        0.9833
    654.5090        0.9816
    654.5131        0.9805
    654.5173        0.9806
    654.5214        0.9822
    654.5256        0.9854
    654.5297        0.9899
    654.5339        0.9947
    654.5380        0.9987
    654.5421        1.0006
    654.5463        1.0001
    654.5504        0.9975
    654.5546        0.9940
    654.5587        0.9911
    654.5629        0.9894
    654.5670        0.9891
    654.5712        0.9894
    654.5753        0.9894
    654.5795        0.9883
    654.5836        0.9858
    654.5878        0.9823
    654.5919        0.9786
    654.5960        0.9758
    654.6002        0.9749
    654.6043        0.9763
    654.6085        0.9790
    654.6126        0.9815
    654.6168        0.9828
    654.6209        0.9825
    654.6251        0.9816
    654.6292        0.9811
    654.6334        0.9818
    654.6375        0.9835
    654.6416        0.9858
    654.6458        0.9881
    654.6499        0.9902
    654.6541        0.9915
    654.6582        0.9920
    654.6624        0.9915
    654.6665        0.9902
    654.6707        0.9888
    654.6748        0.9881
    654.6790        0.9883
    654.6831        0.9895
    654.6873        0.9917
    654.6914        0.9945
    654.6955        0.9973
    654.6997        0.9993
    654.7038        0.9994
    654.7080        0.9969
    654.7121        0.9921
    654.7163        0.9857
    654.7204        0.9792
    654.7246        0.9740
    654.7287        0.9707
    654.7329        0.9693
    654.7370        0.9692
    654.7412        0.9699
    654.7453        0.9709
    654.7494        0.9716
    654.7536        0.9717
    654.7577        0.9704
    654.7619        0.9671
    654.7660        0.9616
    654.7702        0.9539
    654.7743        0.9446
    654.7785        0.9344
    654.7826        0.9245
    654.7868        0.9166
    654.7909        0.9125
    654.7950        0.9134
    654.7992        0.9197
    654.8033        0.9302
    654.8075        0.9424
    654.8116        0.9537
    654.8158        0.9619
    654.8199        0.9655
    654.8241        0.9640
    654.8282        0.9580
    654.8324        0.9486
    654.8365        0.9377
    654.8407        0.9273
    654.8448        0.9192
    654.8489        0.9146
    654.8531        0.9136
    654.8572        0.9155
    654.8614        0.9186
    654.8655        0.9216
    654.8697        0.9235
    654.8738        0.9240
    654.8780        0.9237
    654.8821        0.9237
    654.8863        0.9248
    654.8904        0.9275
    654.8946        0.9315
    654.8987        0.9359
    654.9028        0.9402
    654.9070        0.9443
    654.9111        0.9483
    654.9153        0.9524
    654.9194        0.9569
    654.9236        0.9615
    654.9277        0.9659
    654.9319        0.9693
    654.9360        0.9713
    654.9402        0.9715
    654.9443        0.9701
    654.9484        0.9675
    654.9526        0.9645
    654.9567        0.9622
    654.9609        0.9615
    654.9650        0.9629
    654.9692        0.9663
    654.9733        0.9709
    654.9775        0.9757
    654.9816        0.9796
    654.9858        0.9818
    654.9899        0.9817
    654.9941        0.9789
    654.9982        0.9737
    655.0023        0.9667
    655.0065        0.9589
    655.0106        0.9514
    655.0148        0.9452
    655.0189        0.9410
    655.0231        0.9394
    655.0272        0.9406
    655.0314        0.9445
    655.0355        0.9504
    655.0397        0.9569
    655.0438        0.9623
    655.0479        0.9654
    655.0521        0.9656
    655.0562        0.9633
    655.0604        0.9598
    655.0645        0.9559
    655.0687        0.9524
    655.0728        0.9496
    655.0770        0.9479
    655.0811        0.9474
    655.0853        0.9481
    655.0894        0.9497
    655.0936        0.9518
    655.0977        0.9534
    655.1018        0.9541
    655.1060        0.9536
    655.1101        0.9524
    655.1143        0.9514
    655.1184        0.9512
    655.1226        0.9518
    655.1267        0.9522
    655.1309        0.9517
    655.1350        0.9501
    655.1392        0.9479
    655.1433        0.9462
    655.1475        0.9454
    655.1516        0.9455
    655.1557        0.9456
    655.1599        0.9451
    655.1640        0.9436
    655.1682        0.9415
    655.1723        0.9396
    655.1765        0.9385
    655.1806        0.9385
    655.1848        0.9389
    655.1889        0.9389
    655.1931        0.9380
    655.1972        0.9362
    655.2013        0.9339
    655.2055        0.9320
    655.2096        0.9311
    655.2138        0.9313
    655.2179        0.9321
    655.2221        0.9327
    655.2262        0.9317
    655.2304        0.9284
    655.2345        0.9226
    655.2387        0.9152
    655.2428        0.9073
    655.2470        0.8998
    655.2511        0.8933
    655.2552        0.8879
    655.2594        0.8840
    655.2635        0.8817
    655.2677        0.8813
    655.2718        0.8828
    655.2760        0.8856
    655.2801        0.8894
    655.2843        0.8935
    655.2884        0.8976
    655.2926        0.9013
    655.2967        0.9047
    655.3009        0.9085
    655.3050        0.9133
    655.3091        0.9196
    655.3133        0.9270
    655.3174        0.9345
    655.3216        0.9410
    655.3257        0.9456
    655.3299        0.9481
    655.3340        0.9487
    655.3382        0.9482
    655.3423        0.9470
    655.3465        0.9453
    655.3506        0.9428
    655.3547        0.9393
    655.3589        0.9347
    655.3630        0.9298
    655.3672        0.9252
    655.3713        0.9216
    655.3755        0.9186
    655.3796        0.9156
    655.3838        0.9120
    655.3879        0.9077
    655.3921        0.9034
    655.3962        0.9005
    655.4004        0.9000
    655.4045        0.9024
    655.4086        0.9072
    655.4128        0.9130
    655.4169        0.9183
    655.4211        0.9223
    655.4252        0.9248
    655.4294        0.9266
    655.4335        0.9284
    655.4377        0.9306
    655.4418        0.9329
    655.4460        0.9350
    655.4501        0.9361
    655.4542        0.9362
    655.4584        0.9355
    655.4625        0.9347
    655.4667        0.9341
    655.4708        0.9337
    655.4750        0.9334
    655.4791        0.9333
    655.4833        0.9337
    655.4874        0.9349
    655.4916        0.9372
    655.4957        0.9405
    655.4999        0.9444
    655.5040        0.9483
    655.5081        0.9518
    655.5123        0.9545
    655.5164        0.9563
    655.5206        0.9574
    655.5247        0.9582
    655.5289        0.9591
    655.5330        0.9606
    655.5372        0.9631
    655.5413        0.9665
    655.5455        0.9705
    655.5496        0.9747
    655.5538        0.9788
    655.5579        0.9824
    655.5620        0.9852
    655.5662        0.9870
    655.5703        0.9879
    655.5745        0.9884
    655.5786        0.9894
    655.5828        0.9917
    655.5869        0.9958
    655.5911        1.0014
    655.5952        1.0076
    655.5994        1.0137
    655.6035        1.0192
    655.6076        1.0240
    655.6118        1.0285
    655.6159        1.0330
    655.6201        1.0372
    655.6242        1.0405
    655.6284        1.0425
    655.6325        1.0430
    655.6367        1.0422
    655.6408        1.0405
    655.6450        1.0382
    655.6491        1.0354
    655.6533        1.0322
    655.6574        1.0289
    655.6615        1.0261
    655.6657        1.0247
    655.6698        1.0257
    655.6740        1.0296
    655.6781        1.0358
    655.6823        1.0431
    655.6864        1.0503
    655.6906        1.0564
    655.6947        1.0613
    655.6989        1.0655
    655.7030        1.0696
    655.7072        1.0737
    655.7113        1.0781
    655.7154        1.0827
    655.7196        1.0876
    655.7237        1.0927
    655.7279        1.0978
    655.7320        1.1031
    655.7362        1.1091
    655.7403        1.1165
    655.7445        1.1259
    655.7486        1.1371
    655.7528        1.1494
    655.7569        1.1616
    655.7610        1.1726
    655.7652        1.1820
    655.7693        1.1893
    655.7735        1.1944
    655.7776        1.1972
    655.7818        1.1981
    655.7859        1.1983
    655.7901        1.1989
    655.7942        1.2012
    655.7984        1.2061
    655.8025        1.2142
    655.8067        1.2258
    655.8108        1.2404
    655.8149        1.2570
    655.8191        1.2736
    655.8232        1.2885
    655.8274        1.3008
    655.8315        1.3111
    655.8357        1.3209
    655.8398        1.3313
    655.8440        1.3425
    655.8481        1.3535
    655.8523        1.3634
    655.8564        1.3716
    655.8605        1.3786
    655.8647        1.3854
    655.8688        1.3930
    655.8730        1.4019
    655.8771        1.4126
    655.8813        1.4251
    655.8854        1.4392
    655.8896        1.4545
    655.8937        1.4706
    655.8979        1.4874
    655.9020        1.5052
    655.9062        1.5248
    655.9103        1.5464
    655.9144        1.5698
    655.9186        1.5940
    655.9227        1.6170
    655.9269        1.6368
    655.9310        1.6521
    655.9352        1.6627
    655.9393        1.6702
    655.9435        1.6769
    655.9476        1.6855
    655.9518        1.6978
    655.9559        1.7141
    655.9601        1.7335
    655.9642        1.7545
    655.9683        1.7748
    655.9725        1.7927
    655.9766        1.8074
    655.9808        1.8188
    655.9849        1.8280
    655.9891        1.8362
    655.9932        1.8444
    655.9974        1.8527
    656.0015        1.8610
    656.0057        1.8694
    656.0098        1.8784
    656.0139        1.8892
    656.0181        1.9027
    656.0222        1.9183
    656.0264        1.9346
    656.0305        1.9491
    656.0347        1.9598
    656.0388        1.9654
    656.0430        1.9663
    656.0471        1.9641
    656.0513        1.9614
    656.0554        1.9605
    656.0596        1.9629
    656.0637        1.9691
    656.0678        1.9781
    656.0720        1.9878
    656.0761        1.9961
    656.0803        2.0014
    656.0844        2.0041
    656.0886        2.0058
    656.0927        2.0087
    656.0969        2.0140
    656.1010        2.0215
    656.1052        2.0300
    656.1093        2.0378
    656.1135        2.0442
    656.1176        2.0493
    656.1217        2.0537
    656.1259        2.0578
    656.1300        2.0615
    656.1342        2.0640
    656.1383        2.0635
    656.1425        2.0585
    656.1466        2.0486
    656.1508        2.0352
    656.1549        2.0209
    656.1591        2.0079
    656.1632        1.9974
    656.1673        1.9889
    656.1715        1.9809
    656.1756        1.9719
    656.1798        1.9609
    656.1839        1.9479
    656.1881        1.9334
    656.1922        1.9182
    656.1964        1.9031
    656.2005        1.8885
    656.2047        1.8743
    656.2088        1.8599
    656.2130        1.8450
    656.2171        1.8290
    656.2212        1.8121
    656.2254        1.7947
    656.2295        1.7780
    656.2337        1.7632
    656.2378        1.7512
    656.2420        1.7419
    656.2461        1.7348
    656.2503        1.7286
    656.2544        1.7219
    656.2586        1.7140
    656.2627        1.7045
    656.2668        1.6940
    656.2710        1.6837
    656.2751        1.6748
    656.2793        1.6680
    656.2834        1.6632
    656.2876        1.6594
    656.2917        1.6558
    656.2959        1.6519
    656.3000        1.6474
    656.3042        1.6425
    656.3083        1.6374
    656.3125        1.6323
    656.3166        1.6274
    656.3207        1.6229
    656.3249        1.6188
    656.3290        1.6150
    656.3332        1.6110
    656.3373        1.6064
    656.3415        1.6010
    656.3456        1.5949
    656.3498        1.5890
    656.3539        1.5847
    656.3581        1.5835
    656.3622        1.5863
    656.3664        1.5926
    656.3705        1.6007
    656.3746        1.6086
    656.3788        1.6147
    656.3829        1.6180
    656.3871        1.6187
    656.3912        1.6174
    656.3954        1.6152
    656.3995        1.6128
    656.4037        1.6112
    656.4078        1.6112
    656.4120        1.6138
    656.4161        1.6208
    656.4202        1.6336
    656.4244        1.6535
    656.4285        1.6801
    656.4327        1.7112
    656.4368        1.7437
    656.4410        1.7739
    656.4451        1.7991
    656.4493        1.8177
    656.4534        1.8305
    656.4576        1.8394
    656.4617        1.8469
    656.4659        1.8547
    656.4700        1.8641
    656.4741        1.8758
    656.4783        1.8904
    656.4824        1.9085
    656.4866        1.9298
    656.4907        1.9534
    656.4949        1.9775
    656.4990        1.9996
    656.5032        2.0182
    656.5073        2.0324
    656.5115        2.0422
    656.5156        2.0486
    656.5198        2.0523
    656.5239        2.0542
    656.5280        2.0546
    656.5322        2.0540
    656.5363        2.0533
    656.5405        2.0540
    656.5446        2.0576
    656.5488        2.0645
    656.5529        2.0735
    656.5571        2.0821
    656.5612        2.0879
    656.5654        2.0898
    656.5695        2.0885
    656.5736        2.0852
    656.5778        2.0811
    656.5819        2.0770
    656.5861        2.0730
    656.5902        2.0691
    656.5944        2.0648
    656.5985        2.0593
    656.6027        2.0520
    656.6068        2.0424
    656.6110        2.0310
    656.6151        2.0190
    656.6193        2.0078
    656.6234        1.9984
    656.6275        1.9905
    656.6317        1.9835
    656.6358        1.9765
    656.6400        1.9684
    656.6441        1.9588
    656.6483        1.9475
    656.6524        1.9348
    656.6566        1.9217
    656.6607        1.9097
    656.6649        1.8999
    656.6690        1.8926
    656.6731        1.8876
    656.6773        1.8837
    656.6814        1.8796
    656.6856        1.8745
    656.6897        1.8680
    656.6939        1.8602
    656.6980        1.8515
    656.7022        1.8419
    656.7063        1.8308
    656.7105        1.8172
    656.7146        1.8004
    656.7188        1.7806
    656.7229        1.7580
    656.7270        1.7338
    656.7312        1.7089
    656.7353        1.6847
    656.7395        1.6625
    656.7436        1.6429
    656.7478        1.6256
    656.7519        1.6092
    656.7561        1.5920
    656.7602        1.5725
    656.7644        1.5508
    656.7685        1.5280
    656.7727        1.5065
    656.7768        1.4882
    656.7809        1.4742
    656.7851        1.4635
    656.7892        1.4543
    656.7934        1.4445
    656.7975        1.4333
    656.8017        1.4214
    656.8058        1.4102
    656.8100        1.4015
    656.8141        1.3957
    656.8183        1.3921
    656.8224        1.3888
    656.8265        1.3839
    656.8307        1.3756
    656.8348        1.3631
    656.8390        1.3463
    656.8431        1.3262
    656.8473        1.3044
    656.8514        1.2827
    656.8556        1.2628
    656.8597        1.2457
    656.8639        1.2323
    656.8680        1.2225
    656.8722        1.2160
    656.8763        1.2120
    656.8804        1.2095
    656.8846        1.2071
    656.8887        1.2035
    656.8929        1.1974
    656.8970        1.1882
    656.9012        1.1767
    656.9053        1.1644
    656.9095        1.1532
    656.9136        1.1438
    656.9178        1.1361
    656.9219        1.1294
    656.9261        1.1228
    656.9302        1.1163
    656.9343        1.1105
    656.9385        1.1061
    656.9426        1.1032
    656.9468        1.1014
    656.9509        1.0998
    656.9551        1.0976
    656.9592        1.0944
    656.9634        1.0901
    656.9675        1.0855
    656.9717        1.0813
    656.9758        1.0783
    656.9799        1.0769
    656.9841        1.0773
    656.9882        1.0789
    656.9924        1.0805
    656.9965        1.0808
    657.0007        1.0786
    657.0048        1.0733
    657.0090        1.0655
    657.0131        1.0569
    657.0173        1.0493
    657.0214        1.0445
    657.0256        1.0427
    657.0297        1.0430
    657.0338        1.0435
    657.0380        1.0425
    657.0421        1.0391
    657.0463        1.0336
    657.0504        1.0272
    657.0546        1.0208
    657.0587        1.0153
    657.0629        1.0108
    657.0670        1.0073
    657.0712        1.0042
    657.0753        1.0008
    657.0794        0.9967
    657.0836        0.9914
    657.0877        0.9856
    657.0919        0.9800
    657.0960        0.9756
    657.1002        0.9728
    657.1043        0.9717
    657.1085        0.9722
    657.1126        0.9735
    657.1168        0.9750
    657.1209        0.9760
    657.1251        0.9763
    657.1292        0.9759
    657.1333        0.9751
    657.1375        0.9741
    657.1416        0.9732
    657.1458        0.9722
    657.1499        0.9714
    657.1541        0.9705
    657.1582        0.9694
    657.1624        0.9678
    657.1665        0.9652
    657.1707        0.9608
    657.1748        0.9543
    657.1790        0.9456
    657.1831        0.9353
    657.1872        0.9242
    657.1914        0.9135
    657.1955        0.9038
    657.1997        0.8957
    657.2038        0.8892
    657.2080        0.8848
    657.2121        0.8825
    657.2163        0.8825
    657.2204        0.8847
    657.2246        0.8889
    657.2287        0.8943
    657.2328        0.8999
    657.2370        0.9047
    657.2411        0.9085
    657.2453        0.9117
    657.2494        0.9149
    657.2536        0.9186
    657.2577        0.9234
    657.2619        0.9291
    657.2660        0.9357
    657.2702        0.9425
    657.2743        0.9485
    657.2785        0.9527
    657.2826        0.9541
    657.2867        0.9525
    657.2909        0.9481
    657.2950        0.9418
    657.2992        0.9351
    657.3033        0.9296
    657.3075        0.9263
    657.3116        0.9256
    657.3158        0.9268
    657.3199        0.9290
    657.3241        0.9310
    657.3282        0.9324
    657.3323        0.9333
    657.3365        0.9342
    657.3406        0.9354
    657.3448        0.9366
    657.3489        0.9374
    657.3531        0.9370
    657.3572        0.9356
    657.3614        0.9338
    657.3655        0.9325
    657.3697        0.9324
    657.3738        0.9333
    657.3780        0.9347
    657.3821        0.9362
    657.3862        0.9374
    657.3904        0.9387
    657.3945        0.9403
    657.3987        0.9424
    657.4028        0.9452
    657.4070        0.9485
    657.4111        0.9523
    657.4153        0.9559
    657.4194        0.9587
    657.4236        0.9599
    657.4277        0.9588
    657.4319        0.9553
    657.4360        0.9500
    657.4401        0.9437
    657.4443        0.9372
    657.4484        0.9309
    657.4526        0.9247
    657.4567        0.9181
    657.4609        0.9110
    657.4650        0.9038
    657.4692        0.8974
    657.4733        0.8925
    657.4775        0.8896
    657.4816        0.8881
    657.4857        0.8873
    657.4899        0.8865
    657.4940        0.8862
    657.4982        0.8871
    657.5023        0.8902
    657.5065        0.8957
    657.5106        0.9036
    657.5148        0.9130
    657.5189        0.9232
    657.5231        0.9327
    657.5272        0.9405
    657.5314        0.9457
    657.5355        0.9483
    657.5396        0.9491
    657.5438        0.9491
    657.5479        0.9493
    657.5521        0.9505
    657.5562        0.9529
    657.5604        0.9563
    657.5645        0.9600
    657.5687        0.9629
    657.5728        0.9640
    657.5770        0.9629
    657.5811        0.9599
    657.5853        0.9564
    657.5894        0.9537
    657.5935        0.9530
    657.5977        0.9549
    657.6018        0.9585
    657.6060        0.9626
    657.6101        0.9653
    657.6143        0.9653
    657.6184        0.9623
    657.6226        0.9570
    657.6267        0.9516
    657.6309        0.9477
    657.6350        0.9463
    657.6391        0.9473
    657.6433        0.9500
    657.6474        0.9534
    657.6516        0.9572
    657.6557        0.9609
    657.6599        0.9646
    657.6640        0.9680
    657.6682        0.9706
    657.6723        0.9716
    657.6765        0.9705
    657.6806        0.9673
    657.6848        0.9632
    657.6889        0.9600
    657.6930        0.9591
    657.6972        0.9609
    657.7013        0.9646
    657.7055        0.9685
    657.7096        0.9713
    657.7138        0.9721
    657.7179        0.9717
    657.7221        0.9710
    657.7262        0.9715
    657.7304        0.9738
    657.7345        0.9776
    657.7386        0.9821
    657.7428        0.9860
    657.7469        0.9883
    657.7511        0.9889
    657.7552        0.9876
    657.7594        0.9849
    657.7635        0.9812
    657.7677        0.9771
    657.7718        0.9729
    657.7760        0.9689
    657.7801        0.9652
    657.7843        0.9620
    657.7884        0.9596
    657.7925        0.9588
    657.7967        0.9600
    657.8008        0.9628
    657.8050        0.9663
    657.8091        0.9691
    657.8133        0.9705
    657.8174        0.9702
    657.8216        0.9687
    657.8257        0.9667
    657.8299        0.9646
    657.8340        0.9631
    657.8382        0.9629
    657.8423        0.9649
    657.8464        0.9692
    657.8506        0.9755
    657.8547        0.9826
    657.8589        0.9890
    657.8630        0.9934
    657.8672        0.9951
    657.8713        0.9943
    657.8755        0.9918
    657.8796        0.9890
    657.8838        0.9868
    657.8879        0.9856
    657.8920        0.9847
    657.8962        0.9832
    657.9003        0.9803
    657.9045        0.9758
    657.9086        0.9703
    657.9128        0.9648
    657.9169        0.9605
    657.9211        0.9578
    657.9252        0.9569
    657.9294        0.9573
    657.9335        0.9589
    657.9377        0.9613
    657.9418        0.9646
    657.9459        0.9686
    657.9501        0.9729
    657.9542        0.9767
    657.9584        0.9792
    657.9625        0.9799
    657.9667        0.9792
    657.9708        0.9784
    657.9750        0.9787
    657.9791        0.9807
    657.9833        0.9842
    657.9874        0.9878
    657.9916        0.9900
    657.9957        0.9899
    657.9998        0.9874
    658.0040        0.9833
    658.0081        0.9786
    658.0123        0.9743
    658.0164        0.9712
    658.0206        0.9697
    658.0247        0.9701
    658.0289        0.9717
    658.0330        0.9734
    658.0372        0.9739
    658.0413        0.9725
    658.0454        0.9689
    658.0496        0.9639
    658.0537        0.9584
    658.0579        0.9539
    658.0620        0.9511
    658.0662        0.9504
    658.0703        0.9520
    658.0745        0.9561
    658.0786        0.9623
    658.0828        0.9698
    658.0869        0.9773
    658.0911        0.9833
    658.0952        0.9872
    658.0993        0.9888
    658.1035        0.9888
    658.1076        0.9878
    658.1118        0.9862
    658.1159        0.9846
    658.1201        0.9835
    658.1242        0.9835
    658.1284        0.9848
    658.1325        0.9876
    658.1367        0.9917
    658.1408        0.9961
    658.1449        1.0001
    658.1491        1.0025
    658.1532        1.0028
    658.1574        1.0013
    658.1615        0.9983
    658.1657        0.9949
    658.1698        0.9923
    658.1740        0.9915
    658.1781        0.9932
    658.1823        0.9971
    658.1864        1.0019
    658.1906        1.0060
    658.1947        1.0080
    658.1988        1.0076
    658.2030        1.0054
    658.2071        1.0024
    658.2113        0.9996
    658.2154        0.9969
    658.2196        0.9941
    658.2237        0.9908
    658.2279        0.9872
    658.2320        0.9838
    658.2362        0.9813
    658.2403        0.9802
    658.2445        0.9804
    658.2486        0.9821
    658.2527        0.9851
    658.2569        0.9894
    658.2610        0.9943
    658.2652        0.9987
    658.2693        1.0014
    658.2735        1.0017
    658.2776        1.0001
    658.2818        0.9975
    658.2859        0.9953
    658.2901        0.9940
    658.2942        0.9939
    658.2983        0.9947
    658.3025        0.9963
    658.3066        0.9980
    658.3108        0.9994
    658.3149        1.0001
    658.3191        1.0005
    658.3232        1.0011
    658.3274        1.0024
    658.3315        1.0043
    658.3357        1.0059
    658.3398        1.0063
    658.3440        1.0045
    658.3481        1.0006
    658.3522        0.9948
    658.3564        0.9880
    658.3605        0.9814
    658.3647        0.9763
    658.3688        0.9735
    658.3730        0.9737
    658.3771        0.9765
    658.3813        0.9813
    658.3854        0.9872
    658.3896        0.9933
    658.3937        0.9985
    658.3979        1.0020
    658.4020        1.0032
    658.4061        1.0020
    658.4103        0.9992
    658.4144        0.9962
    658.4186        0.9940
    658.4227        0.9933
    658.4269        0.9940
    658.4310        0.9954
    658.4352        0.9970
    658.4393        0.9983
    658.4435        0.9993
    658.4476        1.0003
    658.4517        1.0014
    658.4559        1.0024
    658.4600        1.0029
    658.4642        1.0024
    658.4683        1.0003
    658.4725        0.9962
    658.4766        0.9903
    658.4808        0.9836
    658.4849        0.9776
    658.4891        0.9742
    658.4932        0.9744
    658.4974        0.9782
    658.5015        0.9841
    658.5056        0.9905
    658.5098        0.9956
    658.5139        0.9982
    658.5181        0.9980
    658.5222        0.9948
    658.5264        0.9895
    658.5305        0.9832
    658.5347        0.9772
    658.5388        0.9731
    658.5430        0.9718
    658.5471        0.9731
    658.5512        0.9764
    658.5554        0.9801
    658.5595        0.9830
    658.5637        0.9845
    658.5678        0.9848
    658.5720        0.9846
    658.5761        0.9847
    658.5803        0.9859
    658.5844        0.9882
    658.5886        0.9916
    658.5927        0.9954
    658.5969        0.9992
    658.6010        1.0024
    658.6051        1.0046
    658.6093        1.0056
    658.6134        1.0052
    658.6176        1.0037
    658.6217        1.0010
    658.6259        0.9976
    658.6300        0.9937
    658.6342        0.9896
    658.6383        0.9857
    658.6425        0.9817
    658.6466        0.9776
    658.6508        0.9732
    658.6549        0.9686
    658.6590        0.9646
    658.6632        0.9616
    658.6673        0.9598
    658.6715        0.9587
    658.6756        0.9572
    658.6798        0.9547
    658.6839        0.9511
    658.6881        0.9474
    658.6922        0.9452
    658.6964        0.9457
    658.7005        0.9492
    658.7046        0.9548
    658.7088        0.9614
    658.7129        0.9680
    658.7171        0.9747
    658.7212        0.9816
    658.7254        0.9885
    658.7295        0.9947
    658.7337        0.9988
    658.7378        1.0000
    658.7420        0.9979
    658.7461        0.9935
    658.7503        0.9883
    658.7544        0.9839
    658.7585        0.9809
    658.7627        0.9797
    658.7668        0.9802
    658.7710        0.9824
    658.7751        0.9866
    658.7793        0.9923
    658.7834        0.9986
    658.7876        1.0041
    658.7917        1.0074
    658.7959        1.0073
    658.8000        1.0039
    658.8042        0.9985
    658.8083        0.9930
    658.8124        0.9894
    658.8166        0.9890
    658.8207        0.9919
    658.8249        0.9970
    658.8290        1.0022
    658.8332        1.0057
    658.8373        1.0065
    658.8415        1.0048
    658.8456        1.0021
    658.8498        1.0002
    658.8539        1.0000
    658.8580        1.0016
    658.8622        1.0039
    658.8663        1.0058
    658.8705        1.0064
    658.8746        1.0054
    658.8788        1.0029
    658.8829        0.9998
    658.8871        0.9972
    658.8912        0.9960
    658.8954        0.9967
    658.8995        0.9991
    658.9037        1.0023
    658.9078        1.0055
    658.9119        1.0081
    658.9161        1.0098
    658.9202        1.0104
    658.9244        1.0099
    658.9285        1.0084
    658.9327        1.0067
    658.9368        1.0056
    658.9410        1.0061
    658.9451        1.0091
    658.9493        1.0147
    658.9534        1.0216
    658.9575        1.0279
    658.9617        1.0313
    658.9658        1.0305
    658.9700        1.0257
    658.9741        1.0184
    658.9783        1.0108
    658.9824        1.0047
    658.9866        1.0010
    658.9907        0.9998
    658.9949        1.0010
    658.9990        1.0043
    659.0032        1.0090
    659.0073        1.0140
    659.0114        1.0175
    659.0156        1.0186
    659.0197        1.0168
    659.0239        1.0129
    659.0280        1.0084
    659.0322        1.0045
    659.0363        1.0020
    659.0405        1.0011
    659.0446        1.0012
    659.0488        1.0016
    659.0529        1.0021
    659.0571        1.0025
    659.0612        1.0028
    659.0653        1.0034
    659.0695        1.0045
    659.0736        1.0065
    659.0778        1.0092
    659.0819        1.0119
    659.0861        1.0134
    659.0902        1.0127
    659.0944        1.0095
    659.0985        1.0043
    659.1027        0.9988
    659.1068        0.9948
    659.1109        0.9942
    659.1151        0.9973
    659.1192        1.0032
    659.1234        1.0098
    659.1275        1.0153
    659.1317        1.0186
    659.1358        1.0194
    659.1400        1.0186
    659.1441        1.0172
    659.1483        1.0159
    659.1524        1.0153
    659.1566        1.0157
    659.1607        1.0167
    659.1648        1.0176
    659.1690        1.0177
    659.1731        1.0166
    659.1773        1.0142
    659.1814        1.0110
    659.1856        1.0080
    659.1897        1.0060
    659.1939        1.0056
    659.1980        1.0068
    659.2022        1.0090
    659.2063        1.0111
    659.2105        1.0126
    659.2146        1.0129
    659.2187        1.0124
    659.2229        1.0111
    659.2270        1.0096
    659.2312        1.0083
    659.2353        1.0082
    659.2395        1.0101
    659.2436        1.0140
    659.2478        1.0189
    659.2519        1.0226
    659.2561        1.0233
    659.2602        1.0199
    659.2643        1.0126
    659.2685        1.0026
    659.2726        0.9917
    659.2768        0.9816
    659.2809        0.9738
    659.2851        0.9692
    659.2892        0.9681
    659.2934        0.9703
    659.2975        0.9753
    659.3017        0.9821
    659.3058        0.9897
    659.3100        0.9969
    659.3141        1.0024
    659.3182        1.0054
    659.3224        1.0062
    659.3265        1.0055
    659.3307        1.0046
    659.3348        1.0044
    659.3390        1.0046
    659.3431        1.0043
    659.3473        1.0029
    659.3514        1.0003
    659.3556        0.9974
    659.3597        0.9956
    659.3638        0.9958
    659.3680        0.9985
    659.3721        1.0030
    659.3763        1.0081
    659.3804        1.0126
    659.3846        1.0151
    659.3887        1.0155
    659.3929        1.0141
    659.3970        1.0115
    659.4012        1.0079
    659.4053        1.0033
    659.4095        0.9978
    659.4136        0.9918
    659.4177        0.9864
    659.4219        0.9828
    659.4260        0.9818
    659.4302        0.9836
    659.4343        0.9878
    659.4385        0.9939
    659.4426        1.0015
    659.4468        1.0098
    659.4509        1.0177
    659.4551        1.0238
    659.4592        1.0266
    659.4634        1.0259
    659.4675        1.0221
    659.4716        1.0167
    659.4758        1.0113
    659.4799        1.0070
    659.4841        1.0038
    659.4882        1.0015
    659.4924        0.9995
    659.4965        0.9980
    659.5007        0.9973
    659.5048        0.9977
    659.5090        0.9993
    659.5131        1.0016
    659.5172        1.0043
    659.5214        1.0067
    659.5255        1.0086
    659.5297        1.0098
    659.5338        1.0103
    659.5380        1.0099
    659.5421        1.0084
    659.5463        1.0055
    659.5504        1.0017
    659.5546        0.9979
    659.5587        0.9954
    659.5629        0.9944
    659.5670        0.9946
    659.5711        0.9949
    659.5753        0.9944
    659.5794        0.9927
    659.5836        0.9904
    659.5877        0.9884
    659.5919        0.9877
    659.5960        0.9890
    659.6002        0.9920
    659.6043        0.9959
    659.6085        0.9996
    659.6126        1.0023
    659.6167        1.0041
    659.6209        1.0052
    659.6250        1.0060
    659.6292        1.0067
    659.6333        1.0074
    659.6375        1.0083
    659.6416        1.0095
    659.6458        1.0110
    659.6499        1.0126
    659.6541        1.0137
    659.6582        1.0140
    659.6624        1.0132
    659.6665        1.0114
    659.6706        1.0090
    659.6748        1.0065
    659.6789        1.0041
    659.6831        1.0020
    659.6872        0.9996
    659.6914        0.9968
    659.6955        0.9931
    659.6997        0.9888
    659.7038        0.9845
    659.7080        0.9814
    659.7121        0.9802
    659.7163        0.9815
    659.7204        0.9848
    659.7245        0.9889
    659.7287        0.9925
    659.7328        0.9949
    659.7370        0.9960
    659.7411        0.9963
    659.7453        0.9969
    659.7494        0.9984
    659.7536        1.0012
    659.7577        1.0051
    659.7619        1.0096
    659.7660        1.0142
    659.7701        1.0188
    659.7743        1.0230
    659.7784        1.0263
    659.7826        1.0282
    659.7867        1.0279
    659.7909        1.0254
    659.7950        1.0209
    659.7992        1.0153
    659.8033        1.0099
    659.8075        1.0055
    659.8116        1.0025
    659.8158        1.0004
    659.8199        0.9983
    659.8240        0.9957
    659.8282        0.9924
    659.8323        0.9887
    659.8365        0.9855
    659.8406        0.9835
    659.8448        0.9837
    659.8489        0.9866
    659.8531        0.9921
    659.8572        0.9993
    659.8614        1.0071
    659.8655        1.0136
    659.8697        1.0176
    659.8738        1.0188
    659.8779        1.0174
    659.8821        1.0140
    659.8862        1.0094
    659.8904        1.0042
    659.8945        0.9991
    659.8987        0.9950
    659.9028        0.9924
    659.9070        0.9914
    659.9111        0.9916
    659.9153        0.9921
    659.9194        0.9924
    659.9235        0.9924
    659.9277        0.9919
    659.9318        0.9907
    659.9360        0.9887
    659.9401        0.9865
    659.9443        0.9847
    659.9484        0.9844
    659.9526        0.9856
    659.9567        0.9878
    659.9609        0.9897
    659.9650        0.9908
    659.9692        0.9907
    659.9733        0.9903
    659.9774        0.9902
    659.9816        0.9910
    659.9857        0.9927
    659.9899        0.9946
    659.9940        0.9960
    659.9982        0.9962
    660.0023        0.9952
    660.0065        0.9932
    660.0106        0.9912
    660.0148        0.9903
    660.0189        0.9912
    660.0230        0.9942
    660.0272        0.9989
    660.0313        1.0042
    660.0355        1.0096
    660.0396        1.0141
    660.0438        1.0170
    660.0479        1.0176
    660.0521        1.0155
    660.0562        1.0112
    660.0604        1.0058
    660.0645        1.0007
    660.0687        0.9968
    660.0728        0.9944
    660.0769        0.9935
    660.0811        0.9940
    660.0852        0.9960
    660.0894        0.9996
    660.0935        1.0047
    660.0977        1.0110
    660.1018        1.0175
    660.1060        1.0231
    660.1101        1.0267
    660.1143        1.0279
    660.1184        1.0268
    660.1226        1.0243
    660.1267        1.0212
    660.1308        1.0177
    660.1350        1.0134
    660.1391        1.0077
    660.1433        1.0006
    660.1474        0.9932
    660.1516        0.9872
    660.1557        0.9839
    660.1599        0.9838
    660.1640        0.9862
    660.1682        0.9897
    660.1723        0.9931
    660.1764        0.9953
    660.1806        0.9959
    660.1847        0.9950
    660.1889        0.9932
    660.1930        0.9913
    660.1972        0.9901
    660.2013        0.9898
    660.2055        0.9899
    660.2096        0.9896
    660.2138        0.9886
    660.2179        0.9872
    660.2221        0.9862
    660.2262        0.9863
    660.2303        0.9879
    660.2345        0.9912
    660.2386        0.9961
    660.2428        1.0022
    660.2469        1.0089
    660.2511        1.0152
    660.2552        1.0199
    660.2594        1.0223
    660.2635        1.0224
    660.2677        1.0209
    660.2718        1.0182
    660.2760        1.0149
    660.2801        1.0110
    660.2842        1.0068
    660.2884        1.0025
    660.2925        0.9984
    660.2967        0.9947
    660.3008        0.9914
    660.3050        0.9884
    660.3091        0.9862
    660.3133        0.9855
    660.3174        0.9870
    660.3216        0.9909
    660.3257        0.9968
    660.3298        1.0040
    660.3340        1.0109
    660.3381        1.0165
    660.3423        1.0196
    660.3464        1.0201
    660.3506        1.0183
    660.3547        1.0152
    660.3589        1.0122
    660.3630        1.0105
    660.3672        1.0108
    660.3713        1.0129
    660.3755        1.0161
    660.3796        1.0192
    660.3837        1.0212
    660.3879        1.0218
    660.3920        1.0211
    660.3962        1.0193
    660.4003        1.0165
    660.4045        1.0128
    660.4086        1.0085
    660.4128        1.0040
    660.4169        0.9999
    660.4211        0.9967
    660.4252        0.9947
    660.4293        0.9938
    660.4335        0.9938
    660.4376        0.9944
    660.4418        0.9951
    660.4459        0.9956
    660.4501        0.9958
    660.4542        0.9957
    660.4584        0.9957
    660.4625        0.9965
    660.4667        0.9982
    660.4708        1.0007
    660.4750        1.0032
    660.4791        1.0047
    660.4832        1.0046
    660.4874        1.0029
    660.4915        1.0006
    660.4957        0.9987
    660.4998        0.9979
    660.5040        0.9979
    660.5081        0.9981
    660.5123        0.9978
    660.5164        0.9972
    660.5206        0.9963
    660.5247        0.9954
    660.5289        0.9945
    660.5330        0.9931
    660.5371        0.9913
    660.5413        0.9894
    660.5454        0.9879
    660.5496        0.9871
    660.5537        0.9869
    660.5579        0.9870
    660.5620        0.9877
    660.5662        0.9890
    660.5703        0.9909
    660.5745        0.9930
    660.5786        0.9946
    660.5827        0.9953
    660.5869        0.9954
    660.5910        0.9957
    660.5952        0.9973
    660.5993        1.0009
    660.6035        1.0067
    660.6076        1.0143
    660.6118        1.0225
    660.6159        1.0302
