    651.7614        1.0152
    651.7729        0.9451
    651.7844        0.9138
    651.7959        0.9422
    651.8074        0.9721
    651.8189        0.9733
    651.8305        0.9559
    651.8420        0.9421
    651.8535        0.9565
    651.8650        0.9669
    651.8765        0.9639
    651.8880        0.9580
    651.8995        0.9521
    651.9110        0.9441
    651.9226        0.9268
    651.9341        0.9043
    651.9456        0.8949
    651.9571        0.8949
    651.9686        0.9239
    651.9801        0.9690
    651.9916        0.9779
    652.0031        0.9504
    652.0147        0.9383
    652.0262        0.9747
    652.0377        1.0327
    652.0492        1.0443
    652.0607        1.0045
    652.0722        0.9370
    652.0837        0.8727
    652.0952        0.8652
    652.1068        0.9031
    652.1183        0.9149
    652.1298        0.9119
    652.1413        0.9371
    652.1528        0.9940
    652.1643        1.0671
    652.1758        1.0869
    652.1873        1.0449
    652.1989        1.0050
    652.2104        1.0035
    652.2219        1.0313
    652.2334        1.0451
    652.2449        1.0345
    652.2564        1.0037
    652.2679        0.9586
    652.2795        0.9276
    652.2910        0.9391
    652.3025        0.9858
    652.3140        1.0044
    652.3255        0.9798
    652.3370        0.9392
    652.3485        0.8869
    652.3600        0.8608
    652.3716        0.8727
    652.3831        0.8853
    652.3946        0.8844
    652.4061        0.8907
    652.4176        0.9117
    652.4291        0.9270
    652.4406        0.9140
    652.4521        0.8899
    652.4637        0.9053
    652.4752        0.9539
    652.4867        0.9795
    652.4982        0.9555
    652.5097        0.9309
    652.5212        0.9322
    652.5327        0.9443
    652.5442        0.9687
    652.5558        1.0032
    652.5673        1.0260
    652.5788        1.0345
    652.5903        1.0307
    652.6018        0.9903
    652.6133        0.9450
    652.6248        0.9051
    652.6363        0.8718
    652.6479        0.8707
    652.6594        0.9014
    652.6709        0.9465
    652.6824        0.9888
    652.6939        1.0173
    652.7054        1.0327
    652.7169        1.0345
    652.7285        1.0212
    652.7400        0.9999
    652.7515        0.9827
    652.7630        0.9798
    652.7745        0.9875
    652.7860        0.9963
    652.7975        1.0114
    652.8090        1.0209
    652.8206        1.0199
    652.8321        1.0201
    652.8436        0.9881
    652.8551        0.9738
    652.8666        1.0167
    652.8781        1.0591
    652.8896        1.0585
    652.9011        1.0451
    652.9127        1.0199
    652.9242        0.9767
    652.9357        0.9541
    652.9472        0.9671
    652.9587        0.9807
    652.9702        0.9669
    652.9817        0.9583
    652.9932        0.9623
    653.0048        0.9410
    653.0163        0.9063
    653.0278        0.9055
    653.0393        0.9129
    653.0508        0.9006
    653.0623        0.9109
    653.0738        0.9434
    653.0853        0.9498
    653.0969        0.9178
    653.1084        0.8816
    653.1199        0.8691
    653.1314        0.8616
    653.1429        0.8576
    653.1544        0.8857
    653.1659        0.9203
    653.1775        0.8952
    653.1890        0.8418
    653.2005        0.8521
    653.2120        0.9082
    653.2235        0.9153
    653.2350        0.9011
    653.2465        0.9161
    653.2580        0.9100
    653.2696        0.8840
    653.2811        0.8956
    653.2926        0.9316
    653.3041        0.9410
    653.3156        0.9334
    653.3271        0.9452
    653.3386        0.9610
    653.3501        0.9684
    653.3617        0.9700
    653.3732        0.9514
    653.3847        0.9273
    653.3962        0.9159
    653.4077        0.9007
    653.4192        0.8766
    653.4307        0.8499
    653.4422        0.8381
    653.4538        0.8652
    653.4653        0.9017
    653.4768        0.9066
    653.4883        0.9068
    653.4998        0.9277
    653.5113        0.9591
    653.5228        0.9816
    653.5343        0.9652
    653.5459        0.9326
    653.5574        0.9114
    653.5689        0.9034
    653.5804        0.9236
    653.5919        0.9620
    653.6034        0.9623
    653.6149        0.9166
    653.6265        0.9028
    653.6380        0.9523
    653.6495        0.9764
    653.6610        0.9297
    653.6725        0.8863
    653.6840        0.8803
    653.6955        0.8736
    653.7070        0.8650
    653.7186        0.8858
    653.7301        0.9335
    653.7416        0.9639
    653.7531        0.9664
    653.7646        0.9717
    653.7761        0.9693
    653.7876        0.9603
    653.7991        0.9684
    653.8107        0.9443
    653.8222        0.8663
    653.8337        0.8188
    653.8452        0.8557
    653.8567        0.9166
    653.8682        0.9319
    653.8797        0.9184
    653.8912        0.9197
    653.9028        0.9289
    653.9143        0.9421
    653.9258        0.9243
    653.9373        0.9019
    653.9488        0.8859
    653.9603        0.8986
    653.9718        0.9388
    653.9833        0.9710
    653.9949        0.9645
    654.0064        0.9209
    654.0179        0.9050
    654.0294        0.9435
    654.0409        0.9638
    654.0524        0.9485
    654.0639        0.9333
    654.0755        0.9231
    654.0870        0.9253
    654.0985        0.9219
    654.1100        0.9052
    654.1215        0.8967
    654.1330        0.8981
    654.1445        0.9033
    654.1560        0.8861
    654.1676        0.8648
    654.1791        0.8681
    654.1906        0.8740
    654.2021        0.8875
    654.2136        0.9229
    654.2251        0.9387
    654.2366        0.9272
    654.2481        0.9106
    654.2597        0.8892
    654.2712        0.9068
    654.2827        0.9635
    654.2942        1.0108
    654.3057        1.0261
    654.3172        1.0212
    654.3287        1.0150
    654.3402        0.9936
    654.3518        0.9495
    654.3633        0.9388
    654.3748        0.9472
    654.3863        0.9238
    654.3978        0.8836
    654.4093        0.8637
    654.4208        0.9071
    654.4323        0.9483
    654.4439        0.8940
    654.4554        0.8184
    654.4669        0.8162
    654.4784        0.8806
    654.4899        0.9451
    654.5014        0.9549
    654.5129        0.9317
    654.5245        0.9289
    654.5360        0.9482
    654.5475        0.9467
    654.5590        0.9329
    654.5705        0.9256
    654.5820        0.9202
    654.5935        0.9114
    654.6050        0.9101
    654.6166        0.9478
    654.6281        0.9651
    654.6396        0.9237
    654.6511        0.8943
    654.6626        0.9207
    654.6741        0.9459
    654.6856        0.9294
    654.6971        0.9111
    654.7087        0.9196
    654.7202        0.9081
    654.7317        0.8710
    654.7432        0.8571
    654.7547        0.8724
    654.7662        0.8848
    654.7777        0.8872
    654.7892        0.9050
    654.8008        0.9206
    654.8123        0.9303
    654.8238        0.9322
    654.8353        0.9043
    654.8468        0.8812
    654.8583        0.8870
    654.8698        0.8915
    654.8813        0.8648
    654.8929        0.8355
    654.9044        0.8573
    654.9159        0.9111
    654.9274        0.9322
    654.9389        0.9300
    654.9504        0.9426
    654.9619        0.9535
    654.9735        0.9615
    654.9850        0.9509
    654.9965        0.9097
    655.0080        0.8835
    655.0195        0.9131
    655.0310        0.9528
    655.0425        0.9667
    655.0540        0.9641
    655.0656        0.9440
    655.0771        0.9255
    655.0886        0.9164
    655.1001        0.9149
    655.1116        0.9165
    655.1231        0.9246
    655.1346        0.9246
    655.1461        0.9004
    655.1577        0.8870
    655.1692        0.9033
    655.1807        0.9112
    655.1922        0.8963
    655.2037        0.8762
    655.2152        0.8610
    655.2267        0.8563
    655.2382        0.8557
    655.2498        0.8421
    655.2613        0.8175
    655.2728        0.8124
    655.2843        0.8233
    655.2958        0.8342
    655.3073        0.8349
    655.3188        0.8644
    655.3303        0.9143
    655.3419        0.9150
    655.3534        0.8804
    655.3649        0.8561
    655.3764        0.8509
    655.3879        0.8451
    655.3994        0.8288
    655.4109        0.8194
    655.4225        0.8367
    655.4340        0.8916
    655.4455        0.9367
    655.4570        0.9344
    655.4685        0.9057
    655.4800        0.8725
    655.4915        0.8818
    655.5030        0.9028
    655.5146        0.8737
    655.5261        0.8082
    655.5376        0.7743
    655.5491        0.7956
    655.5606        0.8493
    655.5721        0.8953
    655.5836        0.9083
    655.5951        0.8958
    655.6067        0.9018
    655.6182        0.8939
    655.6297        0.8646
    655.6412        0.8468
    655.6527        0.8392
    655.6642        0.8446
    655.6757        0.8368
    655.6872        0.7987
    655.6988        0.7738
    655.7103        0.7911
    655.7218        0.8085
    655.7333        0.8013
    655.7448        0.8088
    655.7563        0.8411
    655.7678        0.8738
    655.7793        0.8986
    655.7909        0.9125
    655.8024        0.8919
    655.8139        0.8229
    655.8254        0.7677
    655.8369        0.7798
    655.8484        0.8218
    655.8599        0.8359
    655.8715        0.8319
    655.8830        0.8476
    655.8945        0.8624
    655.9060        0.8447
    655.9175        0.8136
    655.9290        0.8095
    655.9405        0.8275
    655.9520        0.8505
    655.9636        0.8739
    655.9751        0.8972
    655.9866        0.9219
    655.9981        0.9532
    656.0096        0.9858
    656.0211        1.0029
    656.0326        1.0143
    656.0441        1.0207
    656.0557        1.0176
    656.0672        1.0404
    656.0787        1.1402
    656.0902        1.2413
    656.1017        1.2715
    656.1132        1.2855
    656.1247        1.3465
    656.1362        1.4155
    656.1478        1.4634
    656.1593        1.5192
    656.1708        1.5720
    656.1823        1.6038
    656.1938        1.6323
    656.2053        1.6926
    656.2168        1.7510
    656.2283        1.7828
    656.2399        1.7967
    656.2514        1.8177
    656.2629        1.8709
    656.2744        1.9544
    656.2859        2.0268
    656.2974        2.0173
    656.3089        1.9417
    656.3205        1.8718
    656.3320        1.8141
    656.3435        1.7497
    656.3550        1.6778
    656.3665        1.6380
    656.3780        1.6706
    656.3895        1.6869
    656.4010        1.6175
    656.4126        1.5451
    656.4241        1.5289
    656.4356        1.5538
    656.4471        1.5944
    656.4586        1.6302
    656.4701        1.6703
    656.4816        1.7190
    656.4931        1.7735
    656.5047        1.8515
    656.5162        1.9385
    656.5277        1.9923
    656.5392        1.9807
    656.5507        1.9250
    656.5622        1.8881
    656.5737        1.8689
    656.5852        1.8395
    656.5968        1.7978
    656.6083        1.7497
    656.6198        1.7129
    656.6313        1.6955
    656.6428        1.7063
    656.6543        1.6907
    656.6658        1.5947
    656.6773        1.5039
    656.6889        1.4574
    656.7004        1.4260
    656.7119        1.3838
    656.7234        1.3160
    656.7349        1.2503
    656.7464        1.1906
    656.7579        1.1135
    656.7695        1.0581
    656.7810        1.0324
    656.7925        1.0033
    656.8040        0.9715
    656.8155        0.9535
    656.8270        0.9476
    656.8385        0.9512
    656.8500        0.9471
    656.8616        0.9293
    656.8731        0.9054
    656.8846        0.8601
    656.8961        0.8067
    656.9076        0.7770
    656.9191        0.7811
    656.9306        0.8043
    656.9421        0.8192
    656.9537        0.8438
    656.9652        0.8576
    656.9767        0.8325
    656.9882        0.8000
    656.9997        0.8000
    657.0112        0.8211
    657.0227        0.8376
    657.0342        0.8686
    657.0458        0.9042
    657.0573        0.9010
    657.0688        0.8768
    657.0803        0.8649
    657.0918        0.8510
    657.1033        0.8242
    657.1148        0.7929
    657.1263        0.7756
    657.1379        0.7935
    657.1494        0.8335
    657.1609        0.8719
    657.1724        0.8891
    657.1839        0.8786
    657.1954        0.8551
    657.2069        0.8162
    657.2185        0.7769
    657.2300        0.7589
    657.2415        0.7602
    657.2530        0.7656
    657.2645        0.7594
    657.2760        0.7443
    657.2875        0.7518
    657.2990        0.7935
    657.3106        0.8408
    657.3221        0.8735
    657.3336        0.8974
    657.3451        0.9143
    657.3566        0.9015
    657.3681        0.8954
    657.3796        0.9001
    657.3911        0.8892
    657.4027        0.8697
    657.4142        0.8368
    657.4257        0.8158
    657.4372        0.8084
    657.4487        0.8305
    657.4602        0.8384
    657.4717        0.7989
    657.4832        0.7677
    657.4948        0.7592
    657.5063        0.7540
    657.5178        0.7721
    657.5293        0.8096
    657.5408        0.8411
    657.5523        0.8625
    657.5638        0.8709
    657.5753        0.8808
    657.5869        0.8855
    657.5984        0.8810
    657.6099        0.8624
    657.6214        0.8547
    657.6329        0.9015
    657.6444        0.9493
    657.6559        0.9322
    657.6675        0.8951
    657.6790        0.9067
    657.6905        0.9259
    657.7020        0.9032
    657.7135        0.8528
    657.7250        0.8372
    657.7365        0.8569
    657.7480        0.8780
    657.7596        0.9005
    657.7711        0.8943
    657.7826        0.8578
    657.7941        0.8530
    657.8056        0.8668
    657.8171        0.8723
    657.8286        0.8805
    657.8401        0.8861
    657.8517        0.8771
    657.8632        0.8721
    657.8747        0.8890
    657.8862        0.8972
    657.8977        0.8682
    657.9092        0.8407
    657.9207        0.8358
    657.9322        0.8083
    657.9438        0.7838
    657.9553        0.8152
    657.9668        0.8597
    657.9783        0.8944
    657.9898        0.9446
    658.0013        0.9855
    658.0128        0.9753
    658.0243        0.9223
    658.0359        0.8785
    658.0474        0.8547
    658.0589        0.8377
    658.0704        0.8328
    658.0819        0.8388
    658.0934        0.8377
    658.1049        0.8365
    658.1165        0.8503
    658.1280        0.8779
    658.1395        0.9159
    658.1510        0.9504
    658.1625        0.9510
    658.1740        0.9389
    658.1855        0.9455
    658.1970        0.9398
    658.2086        0.9267
    658.2201        0.9287
    658.2316        0.9155
    658.2431        0.9242
    658.2546        0.9695
    658.2661        0.9769
    658.2776        0.9356
    658.2891        0.8974
    658.3007        0.9020
    658.3122        0.8993
    658.3237        0.8565
    658.3352        0.8123
    658.3467        0.8120
    658.3582        0.8712
    658.3697        0.9200
    658.3812        0.9161
    658.3928        0.8919
    658.4043        0.8856
    658.4158        0.8760
    658.4273        0.8618
    658.4388        0.8592
    658.4503        0.8359
    658.4618        0.8149
    658.4733        0.8403
    658.4849        0.8979
    658.4964        0.9265
    658.5079        0.9340
    658.5194        0.9332
    658.5309        0.9207
    658.5424        0.9247
    658.5539        0.9458
    658.5655        0.9611
    658.5770        0.9739
    658.5885        0.9586
    658.6000        0.9146
    658.6115        0.8763
    658.6230        0.8858
    658.6345        0.8901
    658.6460        0.8724
    658.6576        0.8920
    658.6691        0.9220
    658.6806        0.8963
    658.6921        0.8503
    658.7036        0.8836
    658.7151        0.9443
    658.7266        0.9595
    658.7381        0.9187
    658.7497        0.8693
    658.7612        0.8629
    658.7727        0.8613
    658.7842        0.8351
    658.7957        0.8162
    658.8072        0.8352
    658.8187        0.8767
    658.8302        0.9178
    658.8418        0.9372
    658.8533        0.9378
    658.8648        0.9292
    658.8763        0.9102
    658.8878        0.8778
    658.8993        0.8354
    658.9108        0.7941
    658.9223        0.7818
    658.9339        0.8097
    658.9454        0.8393
    658.9569        0.8567
    658.9684        0.8896
    658.9799        0.9187
    658.9914        0.9357
    659.0029        0.9323
    659.0145        0.8997
    659.0260        0.8801
    659.0375        0.8995
    659.0490        0.9020
    659.0605        0.8656
    659.0720        0.8405
    659.0835        0.8617
    659.0950        0.9131
    659.1066        0.9437
    659.1181        0.9440
    659.1296        0.9444
    659.1411        0.9275
    659.1526        0.8929
    659.1641        0.8699
    659.1756        0.8612
    659.1871        0.8646
    659.1987        0.8913
    659.2102        0.9113
    659.2217        0.8933
    659.2332        0.8715
    659.2447        0.8687
    659.2562        0.8712
    659.2677        0.9003
    659.2792        0.9440
    659.2908        0.9423
    659.3023        0.9132
    659.3138        0.9114
    659.3253        0.9282
    659.3368        0.9147
    659.3483        0.8788
    659.3598        0.8784
    659.3713        0.9248
    659.3829        0.9575
    659.3944        0.9594
    659.4059        0.9742
    659.4174        0.9865
    659.4289        0.9851
    659.4404        0.9899
    659.4519        1.0023
    659.4635        1.0096
    659.4750        0.9899
    659.4865        0.9376
    659.4980        0.9004
    659.5095        0.9206
    659.5210        0.9592
    659.5325        0.9681
    659.5440        0.9266
    659.5556        0.8715
    659.5671        0.8569
    659.5786        0.8713
    659.5901        0.8847
    659.6016        0.9020
    659.6131        0.9172
    659.6246        0.9266
    659.6361        0.9310
    659.6477        0.9087
    659.6592        0.8696
    659.6707        0.8836
    659.6822        0.9473
    659.6937        0.9740
    659.7052        0.9547
    659.7167        0.9314
    659.7282        0.9074
    659.7398        0.8746
    659.7513        0.8532
    659.7628        0.8511
    659.7743        0.8868
    659.7858        0.9800
    659.7973        1.0472
    659.8088        1.0020
    659.8203        0.9188
    659.8319        0.8917
    659.8434        0.9130
    659.8549        0.9370
    659.8664        0.9555
    659.8779        0.9585
    659.8894        0.9339
    659.9009        0.9214
    659.9125        0.9337
    659.9240        0.9552
    659.9355        0.9720
    659.9470        0.9687
    659.9585        0.9328
    659.9700        0.8985
    659.9815        0.9076
    659.9930        0.9345
    660.0046        0.9317
    660.0161        0.9115
    660.0276        0.9218
    660.0391        0.9420
    660.0506        0.9454
    660.0621        0.9530
    660.0736        0.9769
    660.0851        0.9905
    660.0967        0.9911
    660.1082        0.9753
    660.1197        0.9200
    660.1312        0.8735
    660.1427        0.9045
    660.1542        0.9472
    660.1657        0.9372
    660.1772        0.9354
    660.1888        0.9501
    660.2003        0.9126
    660.2118        0.8576
    660.2233        0.8492
    660.2348        0.8741
    660.2463        0.9087
    660.2578        0.9468
    660.2693        0.9504
    660.2809        0.9361
    660.2924        0.9520
    660.3039        0.9673
    660.3154        0.9498
    660.3269        0.9152
    660.3384        0.8910
    660.3499        0.8769
    660.3615        0.8621
    660.3730        0.8664
    660.3845        0.9105
    660.3960        0.9492
    660.4075        0.9728
    660.4190        0.9685
    660.4305        0.9279
    660.4420        0.9067
    660.4536        0.9195
    660.4651        0.9575
    660.4766        1.0144
    660.4881        1.0328
    660.4996        0.9898
    660.5111        0.9488
    660.5226        0.9569
    660.5341        0.9921
    660.5457        0.9908
    660.5572        0.9612
    660.5687        0.9430
    660.5802        0.9395
    660.5917        0.9528
    660.6032        0.9627
    660.6147        0.9504
    660.6262        0.9545
    660.6378        0.9966
    660.6493        1.0238
    660.6608        1.0137
    660.6723        0.9936
    660.6838        0.9509
    660.6953        0.9088
    660.7068        0.9521
    660.7183        1.0605
    660.7299        1.1155
    660.7414        1.0738
    660.7529        1.0281
    660.7644        1.0234
    660.7759        1.0099
    660.7874        0.9775
    660.7989        0.9621
    660.8105        0.9765
    660.8220        0.9883
    660.8335        0.9791
    660.8450        0.9746
    660.8565        0.9732
    660.8680        0.9814
    660.8795        1.0048
    660.8910        1.0195
    660.9026        0.9991
    660.9141        0.9437
    660.9256        0.9051
    660.9371        0.9062
    660.9486        0.9116
    660.9601        0.9197
    660.9716        0.9388
    660.9831        0.9513
    660.9947        0.9449
    661.0062        0.9465
    661.0177        0.9792
    661.0292        1.0105
    661.0407        1.0113
    661.0522        1.0013
    661.0637        0.9804
    661.0752        0.9310
    661.0868        0.8942
    661.0983        0.9110
    661.1098        0.9328
    661.1213        0.9200
    661.1328        0.9188
    661.1443        0.9268
    661.1558        0.9147
    661.1673        0.8992
    661.1789        0.9016
    661.1904        0.9062
    661.2019        0.9110
    661.2134        0.9258
    661.2249        0.9234
    661.2364        0.8969
    661.2479        0.8873
    661.2595        0.8858
    661.2710        0.8886
    661.2825        0.9279
    661.2940        0.9713
    661.3055        0.9517
    661.3170        0.8995
    661.3285        0.8958
    661.3400        0.9228
    661.3516        0.9447
    661.3631        0.9644
    661.3746        0.9510
    661.3861        0.9242
    661.3976        0.9317
    661.4091        0.9376
    661.4206        0.9370
    661.4321        0.9443
    661.4437        0.9682
    661.4552        0.9942
    661.4667        0.9952
    661.4782        0.9833
    661.4897        0.9840
    661.5012        0.9586
    661.5127        0.9331
    661.5242        0.9341
    661.5358        0.9306
    661.5473        0.9169
    661.5588        0.9383
    661.5703        0.9752
    661.5818        0.9913
    661.5933        1.0046
    661.6048        1.0224
    661.6163        0.9998
    661.6279        0.9474
    661.6394        0.9112
    661.6509        0.9125
    661.6624        0.9401
    661.6739        0.9554
    661.6854        0.9422
    661.6969        0.9454
    661.7085        0.9346
    661.7200        0.9207
    661.7315        0.9380
    661.7430        0.9572
    661.7545        0.9701
    661.7660        1.0218
    661.7775        1.0824
    661.7890        1.0680
    661.8006        0.9841
    661.8121        0.9216
    661.8236        0.8965
    661.8351        0.8922
    661.8466        0.9003
    661.8581        0.9451
    661.8696        0.9824
    661.8811        0.9795
    661.8927        0.9642
    661.9042        0.9819
    661.9157        1.0204
    661.9272        1.0610
    661.9387        1.0742
    661.9502        1.0440
    661.9617        0.9985
    661.9732        0.9765
    661.9848        0.9816
    661.9963        0.9812
    662.0078        0.9643
    662.0193        0.9602
    662.0308        0.9758
    662.0423        0.9788
    662.0538        0.9832
    662.0653        0.9973
    662.0769        0.9838
    662.0884        0.9651
    662.0999        0.9702
    662.1114        0.9804
    662.1229        0.9878
    662.1344        0.9983
    662.1459        1.0092
    662.1575        0.9965
    662.1690        0.9764
    662.1805        0.9825
    662.1920        0.9954
    662.2035        0.9884
    662.2150        0.9708
    662.2265        0.9785
    662.2380        1.0315
    662.2496        1.0688
    662.2611        1.0489
    662.2726        1.0137
    662.2841        0.9927
    662.2956        0.9817
    662.3071        0.9625
    662.3186        0.9594
    662.3301        0.9603
    662.3417        0.9294
    662.3532        0.9057
    662.3647        0.8907
    662.3762        0.8839
    662.3877        0.9184
    662.3992        0.9557
    662.4107        0.9494
    662.4222        0.9190
    662.4338        0.9365
    662.4453        1.0037
    662.4568        1.0352
    662.4683        1.0275
    662.4798        1.0091
    662.4913        0.9818
    662.5028        0.9894
    662.5143        1.0488
    662.5259        1.0756
    662.5374        1.0250
    662.5489        0.9640
    662.5604        0.9250
    662.5719        0.9178
    662.5834        0.9168
    662.5949        0.8949
    662.6065        0.8678
    662.6180        0.8790
    662.6295        0.9351
    662.6410        0.9748
    662.6525        0.9673
    662.6640        0.9548
    662.6755        0.9655
    662.6870        0.9901
    662.6986        0.9973
    662.7101        1.0043
    662.7216        0.9912
    662.7331        0.9632
    662.7446        0.9437
    662.7561        0.9423
    662.7676        0.9744
    662.7791        1.0077
    662.7907        1.0036
    662.8022        0.9847
    662.8137        0.9607
    662.8252        0.9249
    662.8367        0.9008
    662.8482        0.8805
    662.8597        0.8569
    662.8712        0.8427
    662.8828        0.8880
    662.8943        0.9509
    662.9058        0.9771
    662.9173        0.9828
    662.9288        0.9958
    662.9403        0.9960
    662.9518        0.9735
    662.9633        0.9683
    662.9749        0.9631
    662.9864        0.9433
    662.9979        0.9364
    663.0094        0.9470
    663.0209        0.9538
    663.0324        0.9584
    663.0439        1.0031
    663.0555        1.0221
    663.0670        1.0030
    663.0785        0.9994
    663.0900        1.0123
    663.1015        1.0214
    663.1130        1.0382
    663.1245        1.0555
    663.1360        1.0611
    663.1476        1.0531
    663.1591        1.0212
    663.1706        0.9721
    663.1821        0.9139
    663.1936        0.8553
    663.2051        0.8299
    663.2166        0.8822
    663.2281        0.9788
    663.2397        1.0295
    663.2512        1.0435
    663.2627        1.0434
    663.2742        0.9917
    663.2857        0.9609
    663.2972        0.9736
    663.3087        0.9739
    663.3202        0.9546
    663.3318        0.9244
    663.3433        0.9249
    663.3548        0.9461
    663.3663        0.9480
    663.3778        0.9458
    663.3893        0.9400
    663.4008        0.9437
    663.4123        0.9673
    663.4239        0.9749
    663.4354        0.9507
    663.4469        0.9568
    663.4584        1.0046
    663.4699        1.0372
    663.4814        1.0128
    663.4929        0.9464
    663.5045        0.9160
    663.5160        0.9466
    663.5275        0.9561
    663.5390        0.9194
    663.5505        0.9127
    663.5620        0.9511
    663.5735        0.9944
    663.5850        1.0043
    663.5966        0.9753
    663.6081        0.9843
    663.6196        1.0420
    663.6311        1.0646
    663.6426        1.0617
    663.6541        1.0558
    663.6656        1.0054
    663.6771        0.9271
    663.6887        0.9169
    663.7002        0.9574
    663.7117        0.9982
    663.7232        1.0057
    663.7347        0.9626
    663.7462        0.9083
    663.7577        0.8877
    663.7692        0.9120
    663.7808        0.9440
    663.7923        0.9781
    663.8038        1.0163
    663.8153        0.9937
    663.8268        0.9313
    663.8383        0.9014
    663.8498        0.9115
    663.8613        0.9429
    663.8729        0.9804
    663.8844        1.0032
    663.8959        0.9984
    663.9074        0.9882
    663.9189        1.0002
    663.9304        1.0169
    663.9419        1.0055
    663.9535        0.9966
    663.9650        1.0298
    663.9765        1.1087
    663.9880        1.1340
    663.9995        1.0623
    664.0110        0.9748
    664.0225        0.9460
    664.0340        0.9649
    664.0456        0.9794
    664.0571        0.9932
    664.0686        1.0003
    664.0801        0.9956
    664.0916        0.9883
    664.1031        0.9947
    664.1146        1.0321
    664.1261        1.0373
    664.1377        1.0171
    664.1492        1.0118
    664.1607        1.0233
    664.1722        1.0325
    664.1837        1.0050
    664.1952        0.9619
    664.2067        0.9393
    664.2182        0.9408
    664.2298        0.9420
    664.2413        0.9415
    664.2528        0.9683
    664.2643        0.9811
    664.2758        0.9855
    664.2873        1.0148
    664.2988        1.0359
    664.3103        1.0278
    664.3219        0.9967
    664.3334        0.9729
    664.3449        0.9821
    664.3564        1.0052
    664.3679        0.9944
    664.3794        0.9584
    664.3909        0.9460
    664.4025        0.9624
    664.4140        0.9818
    664.4255        0.9996
    664.4370        1.0068
    664.4485        0.9996
    664.4600        0.9814
    664.4715        0.9619
    664.4830        0.9559
    664.4946        0.9466
    664.5061        0.9151
    664.5176        0.8942
    664.5291        0.9096
    664.5406        0.9127
    664.5521        0.9305
    664.5636        0.9684
    664.5751        1.0138
    664.5867        1.0520
    664.5982        1.0608
    664.6097        1.0418
    664.6212        1.0371
    664.6327        1.0490
    664.6442        1.0616
    664.6557        1.0486
    664.6672        0.9978
    664.6788        0.9566
    664.6903        0.9567
    664.7018        0.9733
    664.7133        1.0035
    664.7248        1.0194
    664.7363        0.9912
    664.7478        0.9115
    664.7593        0.8397
    664.7709        0.8392
    664.7824        0.8992
    664.7939        0.9492
    664.8054        0.9505
    664.8169        0.9454
    664.8284        0.9529
    664.8399        0.9575
    664.8515        0.9483
    664.8630        0.9141
    664.8745        0.8919
    664.8860        0.9188
    664.8975        0.9671
    664.9090        1.0069
    664.9205        1.0354
    664.9320        1.0547
    664.9436        1.0385
    664.9551        1.0072
    664.9666        0.9912
    664.9781        0.9758
    664.9896        0.9587
    665.0011        0.9453
    665.0126        0.9286
    665.0241        0.9191
    665.0357        0.9137
    665.0472        0.9112
    665.0587        0.9417
    665.0702        0.9587
    665.0817        0.9572
    665.0932        0.9656
    665.1047        0.9701
    665.1162        0.9687
    665.1278        0.9766
    665.1393        0.9991
    665.1508        1.0331
    665.1623        1.0584
    665.1738        1.0764
    665.1853        1.0733
    665.1968        1.0681
    665.2083        1.0711
    665.2199        1.0579
    665.2314        1.0197
    665.2429        0.9854
    665.2544        0.9762
    665.2659        1.0078
    665.2774        1.0453
    665.2889        1.0474
    665.3005        1.0286
    665.3120        0.9930
    665.3235        0.9425
    665.3350        0.9213
    665.3465        0.9416
    665.3580        0.9659
    665.3695        0.9893
    665.3810        1.0185
    665.3926        1.0153
    665.4041        0.9938
    665.4156        0.9842
    665.4271        0.9481
    665.4386        0.9184
    665.4501        0.9138
    665.4616        0.9055
    665.4731        0.9210
    665.4847        0.9597
    665.4962        0.9694
    665.5077        0.9531
    665.5192        0.9650
    665.5307        1.0213
    665.5422        1.0470
    665.5537        1.0346
    665.5652        1.0365
    665.5768        1.0150
    665.5883        0.9940
    665.5998        1.0148
    665.6113        1.0297
    665.6228        1.0028
    665.6343        0.9889
    665.6458        1.0038
    665.6573        0.9876
    665.6689        0.9717
    665.6804        0.9863
    665.6919        0.9885
    665.7034        0.9591
    665.7149        0.9131
    665.7264        0.8815
    665.7379        0.8903
    665.7495        0.9051
    665.7610        0.9023
    665.7725        0.9234
    665.7840        0.9699
    665.7955        0.9728
    665.8070        0.9118
    665.8185        0.8521
    665.8300        0.8418
    665.8416        0.9011
    665.8531        0.9701
    665.8646        1.0032
    665.8761        1.0100
    665.8876        1.0034
    665.8991        0.9504
    665.9106        0.9096
    665.9221        0.9089
    665.9337        0.9391
    665.9452        1.0076
    665.9567        1.0685
    665.9682        1.0908
    665.9797        1.0805
    665.9912        1.0361
    666.0027        0.9760
    666.0142        0.9515
    666.0258        0.9606
    666.0373        0.9834
    666.0488        1.0018
    666.0603        0.9664
    666.0718        0.9151
    666.0833        0.9458
    666.0948        0.9920
    666.1063        0.9637
    666.1179        0.9267
    666.1294        0.9481
    666.1409        0.9990
    666.1524        1.0131
    666.1639        0.9904
    666.1754        1.0049
    666.1869        1.0345
    666.1985        1.0297
    666.2100        1.0337
    666.2215        1.0464
    666.2330        1.0618
    666.2445        1.0802
    666.2560        1.0765
    666.2675        1.0094
    666.2790        0.9444
    666.2906        0.9465
    666.3021        0.9950
    666.3136        1.0389
    666.3251        1.0370
    666.3366        1.0241
    666.3481        1.0388
    666.3596        1.0424
    666.3711        1.0235
    666.3827        0.9807
    666.3942        0.9587
    666.4057        0.9985
    666.4172        1.0558
    666.4287        1.0816
    666.4402        1.0789
    666.4517        1.0613
    666.4632        1.0544
    666.4748        1.0587
    666.4863        1.0506
    666.4978        1.0325
    666.5093        1.0431
    666.5208        1.0469
    666.5323        1.0083
    666.5438        0.9988
    666.5553        1.0104
    666.5669        1.0352
    666.5784        1.0206
    666.5899        0.9618
    666.6014        0.9166
    666.6129        0.9328
    666.6244        0.9875
    666.6359        1.0127
    666.6475        0.9854
    666.6590        0.9444
    666.6705        0.9466
    666.6820        0.9699
    666.6935        0.9564
    666.7050        0.9173
    666.7165        0.9096
    666.7280        0.9567
    666.7396        1.0044
    666.7511        1.0156
    666.7626        1.0034
    666.7741        0.9769
    666.7856        0.9545
    666.7971        0.9326
    666.8086        0.9097
    666.8201        0.9067
    666.8317        0.9307
    666.8432        0.9595
    666.8547        0.9754
    666.8662        0.9704
    666.8777        0.9904
    666.8892        1.0057
    666.9007        0.9789
    666.9122        0.9671
    666.9238        0.9729
    666.9353        0.9936
    666.9468        1.0236
    666.9583        1.0334
    666.9698        1.0153
    666.9813        1.0138
    666.9928        1.0355
    667.0043        1.0274
    667.0159        1.0264
    667.0274        1.0666
    667.0389        1.0965
    667.0504        1.0729
    667.0619        1.0140
    667.0734        0.9751
    667.0849        0.9598
    667.0965        0.9731
    667.1080        1.0175
    667.1195        1.0464
    667.1310        1.0274
    667.1425        0.9838
    667.1540        0.9417
    667.1655        0.9043
    667.1770        0.8958
    667.1886        0.9681
    667.2001        1.0286
    667.2116        0.9822
    667.2231        0.8989
    667.2346        0.8773
    667.2461        0.8724
    667.2576        0.8644
    667.2691        0.9159
    667.2807        0.9871
    667.2922        1.0066
    667.3037        1.0084
    667.3152        1.0105
    667.3267        0.9888
    667.3382        0.9599
    667.3497        0.9562
    667.3612        0.9780
    667.3728        0.9848
    667.3843        0.9906
    667.3958        1.0008
    667.4073        0.9789
    667.4188        0.9660
    667.4303        0.9751
    667.4418        0.9592
    667.4533        0.9376
    667.4649        0.9434
    667.4764        0.9829
    667.4879        1.0028
    667.4994        0.9725
    667.5109        0.9535
    667.5224        0.9894
    667.5339        1.0447
    667.5455        1.0613
    667.5570        1.0407
    667.5685        1.0421
    667.5800        1.0587
    667.5915        1.0350
    667.6030        1.0064
    667.6145        1.0185
    667.6260        1.0552
    667.6376        1.0687
    667.6491        1.0575
    667.6606        1.0449
    667.6721        1.0176
    667.6836        0.9810
    667.6951        0.9623
    667.7066        0.9678
    667.7181        0.9757
    667.7297        0.9633
    667.7412        0.9656
    667.7527        0.9960
    667.7642        1.0041
    667.7757        0.9379
    667.7872        0.9138
    667.7987        0.9831
    667.8102        1.0201
    667.8218        0.9911
    667.8333        0.9511
    667.8448        0.9520
    667.8563        1.0011
    667.8678        1.0282
    667.8793        0.9778
    667.8908        0.9189
    667.9023        0.9228
    667.9139        0.9201
    667.9254        0.8902
    667.9369        0.8803
    667.9484        0.8801
    667.9599        0.8768
    667.9714        0.8719
    667.9829        0.8752
    667.9945        0.9317
    668.0060        0.9966
    668.0175        0.9931
    668.0290        0.9491
    668.0405        0.9225
    668.0520        0.9184
    668.0635        0.9302
    668.0750        0.9596
    668.0866        0.9521
    668.0981        0.9090
    668.1096        0.8938
    668.1211        0.9380
    668.1326        1.0006
    668.1441        1.0464
    668.1556        1.0798
    668.1671        1.0781
    668.1787        1.0331
    668.1902        0.9954
    668.2017        0.9962
    668.2132        0.9856
    668.2247        0.9672
    668.2362        1.0003
    668.2477        1.0559
    668.2592        1.0584
    668.2708        1.0349
    668.2823        1.0150
    668.2938        0.9875
    668.3053        0.9793
    668.3168        0.9954
    668.3283        0.9923
    668.3398        0.9609
    668.3513        0.9260
    668.3629        0.9325
    668.3744        0.9756
    668.3859        0.9985
    668.3974        0.9878
    668.4089        0.9783
    668.4204        0.9819
    668.4319        1.0026
    668.4435        1.0198
    668.4550        1.0032
    668.4665        0.9655
    668.4780        0.9179
    668.4895        0.8892
    668.5010        0.9344
    668.5125        1.0295
    668.5240        1.0426
    668.5356        0.9780
    668.5471        0.9188
    668.5586        0.9131
    668.5701        0.9504
    668.5816        0.9652
    668.5931        0.9524
    668.6046        0.9299
    668.6161        0.9232
    668.6277        0.9434
    668.6392        1.0048
    668.6507        1.0777
    668.6622        1.0912
    668.6737        1.0155
    668.6852        0.9396
    668.6967        0.9355
    668.7082        0.9664
    668.7198        0.9693
