    648.7442        1.0144
    648.7516        1.0143
    648.7591        1.0142
    648.7665        1.0143
    648.7739        1.0142
    648.7814        1.0141
    648.7888        1.0170
    648.7962        1.0126
    648.8037        1.0081
    648.8111        1.0061
    648.8185        1.0088
    648.8259        1.0118
    648.8334        1.0148
    648.8408        1.0170
    648.8482        1.0178
    648.8557        1.0186
    648.8631        1.0193
    648.8705        1.0189
    648.8780        1.0164
    648.8854        1.0137
    648.8928        1.0111
    648.9003        1.0097
    648.9077        1.0111
    648.9151        1.0127
    648.9226        1.0142
    648.9300        1.0166
    648.9374        1.0205
    648.9448        1.0245
    648.9523        1.0286
    648.9597        1.0302
    648.9671        1.0272
    648.9746        1.0238
    648.9820        1.0205
    648.9894        1.0177
    648.9969        1.0158
    649.0043        1.0138
    649.0117        1.0120
    649.0192        1.0090
    649.0266        1.0037
    649.0340        0.9983
    649.0415        0.9930
    649.0489        0.9896
    649.0563        0.9901
    649.0637        0.9907
    649.0712        0.9914
    649.0786        0.9901
    649.0860        0.9851
    649.0935        0.9799
    649.1009        0.9746
    649.1083        0.9728
    649.1158        0.9775
    649.1232        0.9826
    649.1306        0.9876
    649.1381        0.9942
    649.1455        1.0037
    649.1529        1.0134
    649.1604        1.0231
    649.1678        1.0291
    649.1752        1.0280
    649.1826        1.0268
    649.1901        1.0254
    649.1975        1.0242
    649.2049        1.0232
    649.2124        1.0221
    649.2198        1.0212
    649.2272        1.0172
    649.2347        1.0079
    649.2421        0.9982
    649.2495        0.9887
    649.2570        0.9807
    649.2644        0.9758
    649.2718        0.9711
    649.2793        0.9663
    649.2867        0.9654
    649.2941        0.9717
    649.3015        0.9782
    649.3090        0.9847
    649.3164        0.9890
    649.3238        0.9887
    649.3313        0.9882
    649.3387        0.9878
    649.3461        0.9888
    649.3536        0.9926
    649.3610        0.9964
    649.3684        1.0002
    649.3759        1.0031
    649.3833        1.0046
    649.3907        1.0060
    649.3982        1.0075
    649.4056        1.0087
    649.4130        1.0094
    649.4204        1.0100
    649.4279        1.0106
    649.4353        1.0120
    649.4427        1.0148
    649.4502        1.0177
    649.4576        1.0206
    649.4650        1.0209
    649.4725        1.0166
    649.4799        1.0123
    649.4873        1.0080
    649.4948        1.0039
    649.5022        1.0002
    649.5096        0.9965
    649.5171        0.9928
    649.5245        0.9906
    649.5319        0.9913
    649.5393        0.9921
    649.5468        0.9928
    649.5542        0.9914
    649.5616        0.9859
    649.5691        0.9805
    649.5765        0.9750
    649.5839        0.9714
    649.5914        0.9712
    649.5988        0.9711
    649.6062        0.9710
    649.6137        0.9725
    649.6211        0.9770
    649.6285        0.9816
    649.6360        0.9862
    649.6434        0.9895
    649.6508        0.9909
    649.6583        0.9922
    649.6657        0.9936
    649.6731        0.9950
    649.6805        0.9968
    649.6880        0.9986
    649.6954        1.0003
    649.7028        1.0006
    649.7103        0.9983
    649.7177        0.9961
    649.7251        0.9938
    649.7326        0.9913
    649.7400        0.9884
    649.7474        0.9855
    649.7549        0.9827
    649.7623        0.9817
    649.7697        0.9838
    649.7772        0.9859
    649.7846        0.9881
    649.7920        0.9908
    649.7994        0.9950
    649.8069        0.9991
    649.8143        1.0031
    649.8217        1.0045
    649.8292        1.0018
    649.8366        0.9991
    649.8440        0.9965
    649.8515        0.9962
    649.8589        0.9995
    649.8663        1.0028
    649.8738        1.0061
    649.8812        1.0078
    649.8886        1.0071
    649.8961        1.0064
    649.9035        1.0059
    649.9109        1.0079
    649.9183        1.0139
    649.9258        1.0199
    649.9332        1.0256
    649.9406        1.0265
    649.9481        1.0198
    649.9555        1.0131
    649.9629        1.0066
    649.9704        1.0031
    649.9778        1.0043
    649.9852        1.0054
    649.9927        1.0062
    650.0001        1.0044
    650.0075        0.9984
    650.0150        0.9923
    650.0224        0.9867
    650.0298        0.9851
    650.0372        0.9894
    650.0447        0.9937
    650.0521        0.9981
    650.0595        1.0019
    650.0670        1.0048
    650.0744        1.0077
    650.0818        1.0102
    650.0893        1.0092
    650.0967        1.0027
    650.1041        0.9962
    650.1116        0.9901
    650.1190        0.9886
    650.1264        0.9932
    650.1339        0.9980
    650.1413        1.0026
    650.1487        1.0067
    650.1561        1.0098
    650.1636        1.0129
    650.1710        1.0157
    650.1784        1.0164
    650.1859        1.0138
    650.1933        1.0112
    650.2007        1.0088
    650.2082        1.0068
    650.2156        1.0055
    650.2230        1.0041
    650.2305        1.0027
    650.2379        1.0015
    650.2453        1.0003
    650.2528        0.9990
    650.2602        0.9981
    650.2676        0.9988
    650.2750        1.0015
    650.2825        1.0043
    650.2899        1.0071
    650.2973        1.0097
    650.3048        1.0121
    650.3122        1.0145
    650.3196        1.0166
    650.3271        1.0167
    650.3345        1.0143
    650.3419        1.0119
    650.3494        1.0096
    650.3568        1.0077
    650.3642        1.0067
    650.3717        1.0056
    650.3791        1.0042
    650.3865        1.0021
    650.3940        0.9986
    650.4014        0.9953
    650.4088        0.9923
    650.4162        0.9919
    650.4237        0.9944
    650.4311        0.9968
    650.4385        0.9992
    650.4460        1.0010
    650.4534        1.0023
    650.4608        1.0035
    650.4683        1.0047
    650.4757        1.0052
    650.4831        1.0051
    650.4906        1.0050
    650.4980        1.0055
    650.5054        1.0083
    650.5129        1.0136
    650.5203        1.0191
    650.5277        1.0233
    650.5351        1.0221
    650.5426        1.0150
    650.5500        1.0078
    650.5574        1.0018
    650.5649        1.0004
    650.5723        1.0042
    650.5797        1.0080
    650.5872        1.0115
    650.5946        1.0132
    650.6020        1.0130
    650.6095        1.0128
    650.6169        1.0127
    650.6243        1.0130
    650.6318        1.0136
    650.6392        1.0141
    650.6466        1.0150
    650.6540        1.0175
    650.6615        1.0216
    650.6689        1.0257
    650.6763        1.0285
    650.6838        1.0263
    650.6912        1.0192
    650.6986        1.0122
    650.7061        1.0059
    650.7135        1.0032
    650.7209        1.0036
    650.7284        1.0040
    650.7358        1.0043
    650.7432        1.0043
    650.7507        1.0037
    650.7581        1.0032
    650.7655        1.0020
    650.7729        0.9987
    650.7804        0.9934
    650.7878        0.9880
    650.7952        0.9835
    650.8027        0.9819
    650.8101        0.9828
    650.8175        0.9837
    650.8250        0.9842
    650.8324        0.9828
    650.8398        0.9798
    650.8473        0.9769
    650.8547        0.9750
    650.8621        0.9766
    650.8696        0.9812
    650.8770        0.9858
    650.8844        0.9905
    650.8918        0.9953
    650.8993        1.0002
    650.9067        1.0051
    650.9141        1.0093
    650.9216        1.0111
    650.9290        1.0109
    650.9364        1.0109
    650.9439        1.0103
    650.9513        1.0084
    650.9587        1.0056
    650.9662        1.0027
    650.9736        0.9996
    650.9810        0.9962
    650.9885        0.9923
    650.9959        0.9886
    651.0033        0.9854
    651.0107        0.9846
    651.0182        0.9852
    651.0256        0.9858
    651.0330        0.9870
    651.0405        0.9902
    651.0479        0.9947
    651.0553        0.9992
    651.0628        1.0029
    651.0702        1.0042
    651.0776        1.0040
    651.0851        1.0038
    651.0925        1.0034
    651.0999        1.0024
    651.1074        1.0009
    651.1148        0.9994
    651.1222        0.9982
    651.1296        0.9977
    651.1371        0.9976
    651.1445        0.9975
    651.1519        0.9974
    651.1594        0.9971
    651.1668        0.9967
    651.1742        0.9963
    651.1817        0.9955
    651.1891        0.9932
    651.1965        0.9901
    651.2040        0.9871
    651.2114        0.9850
    651.2188        0.9856
    651.2263        0.9875
    651.2337        0.9895
    651.2411        0.9916
    651.2486        0.9937
    651.2560        0.9958
    651.2634        0.9980
    651.2708        0.9993
    651.2783        0.9988
    651.2857        0.9973
    651.2931        0.9959
    651.3006        0.9946
    651.3080        0.9938
    651.3154        0.9933
    651.3229        0.9929
    651.3303        0.9934
    651.3377        0.9962
    651.3452        1.0001
    651.3526        1.0041
    651.3600        1.0054
    651.3675        1.0003
    651.3749        0.9927
    651.3823        0.9850
    651.3897        0.9787
    651.3972        0.9759
    651.4046        0.9745
    651.4120        0.9732
    651.4195        0.9722
    651.4269        0.9722
    651.4343        0.9725
    651.4418        0.9728
    651.4492        0.9727
    651.4566        0.9714
    651.4641        0.9698
    651.4715        0.9682
    651.4789        0.9673
    651.4864        0.9681
    651.4938        0.9695
    651.5012        0.9708
    651.5086        0.9709
    651.5161        0.9680
    651.5235        0.9640
    651.5309        0.9601
    651.5384        0.9587
    651.5458        0.9633
    651.5532        0.9697
    651.5607        0.9760
    651.5681        0.9811
    651.5755        0.9834
    651.5830        0.9849
    651.5904        0.9866
    651.5978        0.9839
    651.6053        0.9724
    651.6127        0.9585
    651.6201        0.9446
    651.6275        0.9323
    651.6350        0.9231
    651.6424        0.9147
    651.6498        0.9062
    651.6573        0.9021
    651.6647        0.9070
    651.6721        0.9139
    651.6796        0.9208
    651.6870        0.9276
    651.6944        0.9340
    651.7019        0.9403
    651.7093        0.9467
    651.7167        0.9552
    651.7242        0.9677
    651.7316        0.9810
    651.7390        0.9943
    651.7464        1.0026
    651.7539        1.0009
    651.7613        0.9978
    651.7687        0.9946
    651.7762        0.9927
    651.7836        0.9935
    651.7910        0.9947
    651.7985        0.9959
    651.8059        0.9962
    651.8133        0.9949
    651.8208        0.9935
    651.8282        0.9920
    651.8356        0.9904
    651.8431        0.9888
    651.8505        0.9873
    651.8579        0.9857
    651.8653        0.9841
    651.8728        0.9826
    651.8802        0.9811
    651.8876        0.9795
    651.8951        0.9783
    651.9025        0.9778
    651.9099        0.9772
    651.9174        0.9767
    651.9248        0.9756
    651.9322        0.9734
    651.9397        0.9711
    651.9471        0.9689
    651.9545        0.9681
    651.9620        0.9698
    651.9694        0.9715
    651.9768        0.9733
    651.9843        0.9768
    651.9917        0.9837
    651.9991        0.9906
    652.0065        0.9973
    652.0140        1.0012
    652.0214        1.0001
    652.0288        0.9988
    652.0363        0.9976
    652.0437        0.9969
    652.0511        0.9970
    652.0586        0.9971
    652.0660        0.9973
    652.0734        0.9986
    652.0809        1.0019
    652.0883        1.0051
    652.0957        1.0082
    652.1032        1.0093
    652.1106        1.0071
    652.1180        1.0048
    652.1254        1.0030
    652.1329        1.0045
    652.1403        1.0113
    652.1477        1.0181
    652.1552        1.0243
    652.1626        1.0257
    652.1700        1.0200
    652.1775        1.0141
    652.1849        1.0088
    652.1923        1.0063
    652.1998        1.0080
    652.2072        1.0097
    652.2146        1.0112
    652.2221        1.0104
    652.2295        1.0065
    652.2369        1.0028
    652.2443        0.9993
    652.2518        0.9980
    652.2592        0.9995
    652.2666        1.0012
    652.2741        1.0025
    652.2815        1.0028
    652.2889        1.0016
    652.2964        1.0004
    652.3038        0.9994
    652.3112        0.9985
    652.3187        0.9980
    652.3261        0.9974
    652.3335        0.9964
    652.3410        0.9924
    652.3484        0.9851
    652.3558        0.9778
    652.3632        0.9715
    652.3707        0.9694
    652.3781        0.9722
    652.3855        0.9750
    652.3930        0.9780
    652.4004        0.9821
    652.4078        0.9872
    652.4153        0.9923
    652.4227        0.9973
    652.4301        1.0017
    652.4376        1.0054
    652.4450        1.0092
    652.4524        1.0123
    652.4599        1.0131
    652.4673        1.0118
    652.4747        1.0105
    652.4821        1.0091
    652.4896        1.0078
    652.4970        1.0065
    652.5044        1.0051
    652.5119        1.0042
    652.5193        1.0045
    652.5267        1.0060
    652.5342        1.0074
    652.5416        1.0082
    652.5490        1.0066
    652.5565        1.0031
    652.5639        0.9996
    652.5713        0.9964
    652.5788        0.9947
    652.5862        0.9938
    652.5936        0.9928
    652.6010        0.9930
    652.6085        0.9965
    652.6159        1.0023
    652.6233        1.0081
    652.6308        1.0134
    652.6382        1.0168
    652.6456        1.0191
    652.6531        1.0213
    652.6605        1.0220
    652.6679        1.0182
    652.6754        1.0115
    652.6828        1.0048
    652.6902        0.9997
    652.6977        0.9992
    652.7051        1.0012
    652.7125        1.0033
    652.7199        1.0051
    652.7274        1.0062
    652.7348        1.0070
    652.7422        1.0078
    652.7497        1.0083
    652.7571        1.0081
    652.7645        1.0075
    652.7720        1.0070
    652.7794        1.0054
    652.7868        1.0013
    652.7943        0.9960
    652.8017        0.9908
    652.8091        0.9879
    652.8166        0.9910
    652.8240        0.9969
    652.8314        1.0028
    652.8389        1.0072
    652.8463        1.0083
    652.8537        1.0078
    652.8611        1.0073
    652.8686        1.0076
    652.8760        1.0097
    652.8834        1.0124
    652.8909        1.0153
    652.8983        1.0175
    652.9057        1.0187
    652.9132        1.0195
    652.9206        1.0202
    652.9280        1.0207
    652.9355        1.0203
    652.9429        1.0195
    652.9503        1.0188
    652.9578        1.0173
    652.9652        1.0140
    652.9726        1.0101
    652.9800        1.0062
    652.9875        1.0034
    652.9949        1.0025
    653.0023        1.0022
    653.0098        1.0019
    653.0172        1.0015
    653.0246        1.0006
    653.0321        0.9997
    653.0395        0.9988
    653.0469        0.9973
    653.0544        0.9948
    653.0618        0.9919
    653.0692        0.9890
    653.0767        0.9881
    653.0841        0.9911
    653.0915        0.9946
    653.0989        0.9982
    653.1064        1.0010
    653.1138        1.0024
    653.1212        1.0035
    653.1287        1.0048
    653.1361        1.0050
    653.1435        1.0036
    653.1510        1.0020
    653.1584        1.0005
    653.1658        0.9997
    653.1733        1.0007
    653.1807        1.0017
    653.1881        1.0028
    653.1956        1.0002
    653.2030        0.9901
    653.2104        0.9797
    653.2178        0.9693
    653.2253        0.9642
    653.2327        0.9692
    653.2401        0.9745
    653.2476        0.9797
    653.2550        0.9841
    653.2624        0.9869
    653.2699        0.9896
    653.2773        0.9924
    653.2847        0.9936
    653.2922        0.9922
    653.2996        0.9909
    653.3070        0.9896
    653.3145        0.9904
    653.3219        0.9948
    653.3293        0.9991
    653.3367        1.0035
    653.3442        1.0074
    653.3516        1.0106
    653.3590        1.0137
    653.3665        1.0165
    653.3739        1.0164
    653.3813        1.0120
    653.3888        1.0074
    653.3962        1.0029
    653.4036        0.9980
    653.4111        0.9929
    653.4185        0.9876
    653.4259        0.9828
    653.4334        0.9811
    653.4408        0.9837
    653.4482        0.9862
    653.4556        0.9886
    653.4631        0.9906
    653.4705        0.9921
    653.4779        0.9938
    653.4854        0.9955
    653.4928        0.9983
    653.5002        1.0024
    653.5077        1.0065
    653.5151        1.0100
    653.5225        1.0108
    653.5300        1.0083
    653.5374        1.0057
    653.5448        1.0040
    653.5523        1.0058
    653.5597        1.0115
    653.5671        1.0171
    653.5745        1.0219
    653.5820        1.0231
    653.5894        1.0207
    653.5968        1.0184
    653.6043        1.0159
    653.6117        1.0127
    653.6191        1.0089
    653.6266        1.0052
    653.6340        1.0017
    653.6414        0.9995
    653.6489        0.9984
    653.6563        0.9973
    653.6637        0.9963
    653.6712        0.9951
    653.6786        0.9937
    653.6860        0.9923
    653.6935        0.9923
    653.7009        0.9961
    653.7083        1.0029
    653.7157        1.0096
    653.7232        1.0154
    653.7306        1.0180
    653.7380        1.0185
    653.7455        1.0189
    653.7529        1.0190
    653.7603        1.0184
    653.7678        1.0175
    653.7752        1.0165
    653.7826        1.0160
    653.7901        1.0173
    653.7975        1.0196
    653.8049        1.0220
    653.8124        1.0241
    653.8198        1.0256
    653.8272        1.0268
    653.8346        1.0281
    653.8421        1.0281
    653.8495        1.0245
    653.8569        1.0193
    653.8644        1.0140
    653.8718        1.0094
    653.8792        1.0069
    653.8867        1.0050
    653.8941        1.0032
    653.9015        1.0019
    653.9090        1.0017
    653.9164        1.0018
    653.9238        1.0020
    653.9313        1.0033
    653.9387        1.0075
    653.9461        1.0129
    653.9535        1.0182
    653.9610        1.0227
    653.9684        1.0253
    653.9758        1.0272
    653.9833        1.0293
    653.9907        1.0305
    653.9981        1.0301
    654.0056        1.0292
    654.0130        1.0283
    654.0204        1.0288
    654.0279        1.0322
    654.0353        1.0364
    654.0427        1.0405
    654.0502        1.0415
    654.0576        1.0353
    654.0650        1.0276
    654.0724        1.0199
    654.0799        1.0156
    654.0873        1.0183
    654.0947        1.0220
    654.1022        1.0258
    654.1096        1.0281
    654.1170        1.0274
    654.1245        1.0262
    654.1319        1.0250
    654.1393        1.0239
    654.1468        1.0232
    654.1542        1.0227
    654.1616        1.0220
    654.1691        1.0198
    654.1765        1.0147
    654.1839        1.0093
    654.1913        1.0039
    654.1988        1.0008
    654.2062        1.0019
    654.2136        1.0031
    654.2211        1.0043
    654.2285        1.0052
    654.2359        1.0052
    654.2434        1.0053
    654.2508        1.0053
    654.2582        1.0053
    654.2657        1.0052
    654.2731        1.0049
    654.2805        1.0047
    654.2880        1.0048
    654.2954        1.0053
    654.3028        1.0059
    654.3102        1.0062
    654.3177        1.0054
    654.3251        1.0027
    654.3325        1.0000
    654.3400        0.9970
    654.3474        0.9914
    654.3548        0.9820
    654.3623        0.9726
    654.3697        0.9638
    654.3771        0.9592
    654.3846        0.9602
    654.3920        0.9612
    654.3994        0.9624
    654.4069        0.9646
    654.4143        0.9680
    654.4217        0.9714
    654.4292        0.9751
    654.4366        0.9796
    654.4440        0.9852
    654.4514        0.9908
    654.4589        0.9962
    654.4663        1.0010
    654.4737        1.0053
    654.4812        1.0097
    654.4886        1.0136
    654.4960        1.0161
    654.5035        1.0171
    654.5109        1.0183
    654.5183        1.0193
    654.5258        1.0203
    654.5332        1.0212
    654.5406        1.0222
    654.5481        1.0227
    654.5555        1.0218
    654.5629        1.0195
    654.5703        1.0173
    654.5778        1.0150
    654.5852        1.0119
    654.5926        1.0083
    654.6001        1.0047
    654.6075        1.0027
    654.6149        1.0054
    654.6224        1.0119
    654.6298        1.0182
    654.6372        1.0237
    654.6447        1.0269
    654.6521        1.0284
    654.6595        1.0298
    654.6670        1.0299
    654.6744        1.0265
    654.6818        1.0207
    654.6892        1.0149
    654.6967        1.0104
    654.7041        1.0092
    654.7115        1.0099
    654.7190        1.0106
    654.7264        1.0105
    654.7338        1.0079
    654.7413        1.0040
    654.7487        1.0002
    654.7561        0.9974
    654.7636        0.9974
    654.7710        0.9988
    654.7784        1.0000
    654.7859        1.0010
    654.7933        1.0016
    654.8007        1.0020
    654.8081        1.0023
    654.8156        1.0019
    654.8230        0.9996
    654.8304        0.9967
    654.8379        0.9938
    654.8453        0.9928
    654.8527        0.9957
    654.8602        0.9999
    654.8676        1.0041
    654.8750        1.0076
    654.8825        1.0095
    654.8899        1.0110
    654.8973        1.0126
    654.9048        1.0145
    654.9122        1.0171
    654.9196        1.0199
    654.9270        1.0229
    654.9345        1.0253
    654.9419        1.0268
    654.9493        1.0282
    654.9568        1.0297
    654.9642        1.0312
    654.9716        1.0326
    654.9791        1.0340
    654.9865        1.0355
    654.9939        1.0360
    655.0014        1.0345
    655.0088        1.0328
    655.0162        1.0312
    655.0237        1.0297
    655.0311        1.0283
    655.0385        1.0269
    655.0459        1.0255
    655.0534        1.0252
    655.0608        1.0268
    655.0682        1.0284
    655.0757        1.0300
    655.0831        1.0321
    655.0905        1.0352
    655.0980        1.0383
    655.1054        1.0412
    655.1128        1.0425
    655.1203        1.0410
    655.1277        1.0394
    655.1351        1.0379
    655.1426        1.0376
    655.1500        1.0392
    655.1574        1.0407
    655.1648        1.0417
    655.1723        1.0397
    655.1797        1.0332
    655.1871        1.0267
    655.1946        1.0205
    655.2020        1.0159
    655.2094        1.0132
    655.2169        1.0105
    655.2243        1.0081
    655.2317        1.0067
    655.2392        1.0065
    655.2466        1.0062
    655.2540        1.0059
    655.2615        1.0052
    655.2689        1.0038
    655.2763        1.0024
    655.2838        1.0015
    655.2912        1.0024
    655.2986        1.0054
    655.3060        1.0083
    655.3135        1.0110
    655.3209        1.0136
    655.3283        1.0158
    655.3358        1.0179
    655.3432        1.0205
    655.3506        1.0246
    655.3581        1.0297
    655.3655        1.0350
    655.3729        1.0396
    655.3804        1.0424
    655.3878        1.0438
    655.3952        1.0451
    655.4027        1.0466
    655.4101        1.0490
    655.4175        1.0518
    655.4249        1.0546
    655.4324        1.0579
    655.4398        1.0621
    655.4472        1.0671
    655.4547        1.0722
    655.4621        1.0750
    655.4695        1.0716
    655.4770        1.0648
    655.4844        1.0580
    655.4918        1.0533
    655.4993        1.0537
    655.5067        1.0569
    655.5141        1.0600
    655.5216        1.0628
    655.5290        1.0651
    655.5364        1.0670
    655.5438        1.0689
    655.5513        1.0711
    655.5587        1.0735
    655.5661        1.0760
    655.5736        1.0787
    655.5810        1.0804
    655.5884        1.0802
    655.5959        1.0794
    655.6033        1.0787
    655.6107        1.0795
    655.6182        1.0841
    655.6256        1.0898
    655.6330        1.0954
    655.6405        1.0991
    655.6479        1.0984
    655.6553        1.0968
    655.6627        1.0952
    655.6702        1.0931
    655.6776        1.0902
    655.6850        1.0872
    655.6925        1.0841
    655.6999        1.0863
    655.7073        1.0993
    655.7148        1.1137
    655.7222        1.1281
    655.7296        1.1416
    655.7371        1.1532
    655.7445        1.1645
    655.7519        1.1760
    655.7594        1.1861
    655.7668        1.1938
    655.7742        1.2013
    655.7816        1.2089
    655.7891        1.2206
    655.7965        1.2398
    655.8039        1.2590
    655.8114        1.2783
    655.8188        1.2979
    655.8262        1.3180
    655.8337        1.3383
    655.8411        1.3583
    655.8485        1.3768
    655.8560        1.3929
    655.8634        1.4090
    655.8708        1.4256
    655.8783        1.4474
    655.8857        1.4765
    655.8931        1.5056
    655.9005        1.5344
    655.9080        1.5613
    655.9154        1.5857
    655.9228        1.6101
    655.9303        1.6346
    655.9377        1.6601
    655.9451        1.6867
    655.9526        1.7133
    655.9600        1.7397
    655.9674        1.7648
    655.9749        1.7885
    655.9823        1.8124
    655.9897        1.8374
    655.9972        1.8672
    656.0046        1.9018
    656.0120        1.9366
    656.0195        1.9710
    656.0269        2.0047
    656.0343        2.0375
    656.0417        2.0704
    656.0492        2.1052
    656.0566        2.1465
    656.0640        2.1931
    656.0715        2.2399
    656.0789        2.2862
    656.0863        2.3313
    656.0938        2.3756
    656.1012        2.4200
    656.1086        2.4627
    656.1161        2.5006
    656.1235        2.5353
    656.1309        2.5701
    656.1384        2.6070
    656.1458        2.6493
    656.1532        2.6950
    656.1606        2.7406
    656.1681        2.7825
    656.1755        2.8147
    656.1829        2.8417
    656.1904        2.8688
    656.1978        2.8906
    656.2052        2.8995
    656.2127        2.9023
    656.2201        2.9053
    656.2275        2.9074
    656.2350        2.9074
    656.2424        2.9065
    656.2498        2.9058
    656.2573        2.9002
    656.2647        2.8841
    656.2721        2.8644
    656.2795        2.8447
    656.2870        2.8224
    656.2944        2.7945
    656.3018        2.7649
    656.3093        2.7355
    656.3167        2.7105
    656.3241        2.6952
    656.3316        2.6820
    656.3390        2.6689
    656.3464        2.6513
    656.3539        2.6249
    656.3613        2.5971
    656.3687        2.5694
    656.3762        2.5478
    656.3836        2.5386
    656.3910        2.5307
    656.3984        2.5227
    656.4059        2.5229
    656.4133        2.5390
    656.4207        2.5559
    656.4282        2.5728
    656.4356        2.5948
    656.4430        2.6264
    656.4505        2.6582
    656.4579        2.6899
    656.4653        2.7197
    656.4728        2.7460
    656.4802        2.7724
    656.4876        2.7988
    656.4951        2.8254
    656.5025        2.8522
    656.5099        2.8791
    656.5173        2.9051
    656.5248        2.9246
    656.5322        2.9347
    656.5396        2.9447
    656.5471        2.9534
    656.5545        2.9539
    656.5619        2.9433
    656.5694        2.9328
    656.5768        2.9210
    656.5842        2.9034
    656.5917        2.8785
    656.5991        2.8536
    656.6065        2.8268
    656.6140        2.7911
    656.6214        2.7456
    656.6288        2.7000
    656.6362        2.6555
    656.6437        2.6146
    656.6511        2.5776
    656.6585        2.5406
    656.6660        2.5030
    656.6734        2.4638
    656.6808        2.4229
    656.6883        2.3819
    656.6957        2.3414
    656.7031        2.3014
    656.7106        2.2621
    656.7180        2.2228
    656.7254        2.1829
    656.7329        2.1415
    656.7403        2.0989
    656.7477        2.0563
    656.7551        2.0148
    656.7626        1.9766
    656.7700        1.9403
    656.7774        1.9041
    656.7849        1.8700
    656.7923        1.8419
    656.7997        1.8170
    656.8072        1.7920
    656.8146        1.7665
    656.8220        1.7395
    656.8295        1.7117
    656.8369        1.6839
    656.8443        1.6558
    656.8518        1.6268
    656.8592        1.5975
    656.8666        1.5683
    656.8741        1.5398
    656.8815        1.5137
    656.8889        1.4883
    656.8963        1.4628
    656.9038        1.4408
    656.9112        1.4263
    656.9186        1.4140
    656.9261        1.4015
    656.9335        1.3868
    656.9409        1.3674
    656.9484        1.3469
    656.9558        1.3265
    656.9632        1.3091
    656.9707        1.2984
    656.9781        1.2886
    656.9855        1.2788
    656.9930        1.2676
    657.0004        1.2536
    657.0078        1.2395
    657.0152        1.2253
    657.0227        1.2102
    657.0301        1.1930
    657.0375        1.1757
    657.0450        1.1586
    657.0524        1.1447
    657.0598        1.1369
    657.0673        1.1290
    657.0747        1.1214
    657.0821        1.1162
    657.0896        1.1150
    657.0970        1.1138
    657.1044        1.1124
    657.1119        1.1087
    657.1193        1.1014
    657.1267        1.0943
    657.1341        1.0871
    657.1416        1.0794
    657.1490        1.0713
    657.1564        1.0631
    657.1639        1.0556
    657.1713        1.0510
    657.1787        1.0505
    657.1862        1.0499
    657.1936        1.0492
    657.2010        1.0481
    657.2085        1.0464
    657.2159        1.0448
    657.2233        1.0438
    657.2308        1.0455
    657.2382        1.0497
    657.2456        1.0540
    657.2530        1.0575
    657.2605        1.0586
    657.2679        1.0572
    657.2753        1.0559
    657.2828        1.0550
    657.2902        1.0558
    657.2976        1.0579
    657.3051        1.0599
    657.3125        1.0616
    657.3199        1.0621
    657.3274        1.0617
    657.3348        1.0613
    657.3422        1.0603
    657.3497        1.0573
    657.3571        1.0532
    657.3645        1.0491
    657.3719        1.0477
    657.3794        1.0534
    657.3868        1.0628
    657.3942        1.0721
    657.4017        1.0777
    657.4091        1.0742
    657.4165        1.0666
    657.4240        1.0591
    657.4314        1.0521
    657.4388        1.0463
    657.4463        1.0410
    657.4537        1.0355
    657.4611        1.0316
    657.4686        1.0306
    657.4760        1.0305
    657.4834        1.0306
    657.4908        1.0297
    657.4983        1.0270
    657.5057        1.0239
    657.5131        1.0207
    657.5206        1.0192
    657.5280        1.0208
    657.5354        1.0228
    657.5429        1.0250
    657.5503        1.0267
    657.5577        1.0278
    657.5652        1.0290
    657.5726        1.0300
    657.5800        1.0299
    657.5875        1.0276
    657.5949        1.0252
    657.6023        1.0228
    657.6097        1.0218
    657.6172        1.0235
    657.6246        1.0250
    657.6320        1.0266
    657.6395        1.0279
    657.6469        1.0287
    657.6543        1.0294
    657.6618        1.0299
    657.6692        1.0277
    657.6766        1.0214
    657.6841        1.0152
    657.6915        1.0093
    657.6989        1.0062
    657.7064        1.0068
    657.7138        1.0075
    657.7212        1.0079
    657.7287        1.0067
    657.7361        1.0038
    657.7435        1.0009
    657.7509        0.9980
    657.7584        0.9951
    657.7658        0.9922
    657.7732        0.9892
    657.7807        0.9872
    657.7881        0.9887
    657.7955        0.9932
    657.8030        0.9979
    657.8104        1.0025
    657.8178        1.0069
    657.8253        1.0110
    657.8327        1.0153
    657.8401        1.0186
    657.8476        1.0188
    657.8550        1.0168
    657.8624        1.0149
    657.8698        1.0124
    657.8773        1.0083
    657.8847        1.0034
    657.8921        0.9984
    657.8996        0.9940
    657.9070        0.9914
    657.9144        0.9898
    657.9219        0.9881
    657.9293        0.9877
    657.9367        0.9899
    657.9442        0.9935
    657.9516        0.9970
    657.9590        0.9995
    657.9665        0.9996
    657.9739        0.9987
    657.9813        0.9979
    657.9887        0.9956
    657.9962        0.9903
    658.0036        0.9839
    658.0110        0.9777
    658.0185        0.9739
    658.0259        0.9759
    658.0333        0.9791
    658.0408        0.9824
    658.0482        0.9824
    658.0556        0.9757
    658.0631        0.9679
    658.0705        0.9601
    658.0779        0.9559
    658.0854        0.9586
    658.0928        0.9620
    658.1002        0.9655
    658.1076        0.9690
    658.1151        0.9728
    658.1225        0.9767
    658.1299        0.9803
    658.1374        0.9804
    658.1448        0.9740
    658.1522        0.9675
    658.1597        0.9614
    658.1671        0.9591
    658.1745        0.9631
    658.1820        0.9673
    658.1894        0.9711
    658.1968        0.9728
    658.2043        0.9714
    658.2117        0.9700
    658.2191        0.9689
    658.2265        0.9701
    658.2340        0.9738
    658.2414        0.9775
    658.2488        0.9810
    658.2563        0.9826
    658.2637        0.9822
    658.2711        0.9819
    658.2786        0.9816
    658.2860        0.9821
    658.2934        0.9829
    658.3009        0.9838
    658.3083        0.9845
    658.3157        0.9841
    658.3232        0.9829
    658.3306        0.9816
    658.3380        0.9816
    658.3454        0.9859
    658.3529        0.9935
    658.3603        1.0011
    658.3677        1.0067
    658.3752        1.0066
    658.3826        1.0025
    658.3900        0.9984
    658.3975        0.9953
    658.4049        0.9952
    658.4123        0.9967
    658.4198        0.9981
    658.4272        0.9994
    658.4346        1.0000
    658.4421        1.0003
    658.4495        1.0007
    658.4569        0.9997
    658.4644        0.9956
    658.4718        0.9903
    658.4792        0.9850
    658.4866        0.9815
    658.4941        0.9821
    658.5015        0.9840
    658.5089        0.9858
    658.5164        0.9877
    658.5238        0.9895
    658.5312        0.9913
    658.5387        0.9930
    658.5461        0.9945
    658.5535        0.9956
    658.5610        0.9965
    658.5684        0.9974
    658.5758        0.9979
    658.5833        0.9972
    658.5907        0.9964
    658.5981        0.9956
    658.6055        0.9940
    658.6130        0.9909
    658.6204        0.9877
    658.6278        0.9845
    658.6353        0.9822
    658.6427        0.9816
    658.6501        0.9811
    658.6576        0.9806
    658.6650        0.9829
    658.6724        0.9897
    658.6799        0.9964
    658.6873        1.0029
    658.6947        1.0058
    658.7022        1.0041
    658.7096        1.0024
    658.7170        1.0010
    658.7244        1.0010
    658.7319        1.0030
    658.7393        1.0050
    658.7467        1.0073
    658.7542        1.0112
    658.7616        1.0168
    658.7690        1.0223
    658.7765        1.0277
    658.7839        1.0325
    658.7913        1.0367
    658.7988        1.0408
    658.8062        1.0447
    658.8136        1.0475
    658.8211        1.0497
    658.8285        1.0517
    658.8359        1.0527
    658.8433        1.0503
    658.8508        1.0454
    658.8582        1.0406
    658.8656        1.0375
    658.8731        1.0394
    658.8805        1.0444
    658.8879        1.0494
    658.8954        1.0516
    658.9028        1.0469
    658.9102        1.0385
    658.9177        1.0301
    658.9251        1.0238
    658.9325        1.0228
    658.9400        1.0241
    658.9474        1.0253
    658.9548        1.0256
    658.9622        1.0238
    658.9697        1.0212
    658.9771        1.0186
    658.9845        1.0175
    658.9920        1.0195
    658.9994        1.0224
    659.0068        1.0253
    659.0143        1.0270
    659.0217        1.0264
    659.0291        1.0253
    659.0366        1.0242
    659.0440        1.0221
    659.0514        1.0179
    659.0589        1.0135
    659.0663        1.0091
    659.0737        1.0069
    659.0811        1.0088
    659.0886        1.0110
    659.0960        1.0131
    659.1034        1.0162
    659.1109        1.0207
    659.1183        1.0253
    659.1257        1.0297
    659.1332        1.0324
    659.1406        1.0327
    659.1480        1.0329
    659.1555        1.0330
    659.1629        1.0327
    659.1703        1.0319
    659.1778        1.0310
    659.1852        1.0304
    659.1926        1.0308
    659.2000        1.0324
    659.2075        1.0342
    659.2149        1.0358
    659.2223        1.0370
    659.2298        1.0378
    659.2372        1.0386
    659.2446        1.0383
    659.2521        1.0340
    659.2595        1.0258
    659.2669        1.0176
    659.2744        1.0104
    659.2818        1.0070
    659.2892        1.0066
    659.2967        1.0061
    659.3041        1.0064
    659.3115        1.0091
    659.3190        1.0133
    659.3264        1.0174
    659.3338        1.0207
    659.3412        1.0219
    659.3487        1.0217
    659.3561        1.0214
    659.3635        1.0201
    659.3710        1.0160
    659.3784        1.0105
    659.3858        1.0049
    659.3933        1.0015
    659.4007        1.0027
    659.4081        1.0057
    659.4156        1.0087
    659.4230        1.0116
    659.4304        1.0137
    659.4379        1.0158
    659.4453        1.0178
    659.4527        1.0177
    659.4601        1.0135
    659.4676        1.0082
    659.4750        1.0030
    659.4824        1.0005
    659.4899        1.0037
    659.4973        1.0077
    659.5047        1.0117
    659.5122        1.0157
    659.5196        1.0195
    659.5270        1.0234
    659.5345        1.0274
    659.5419        1.0307
    659.5493        1.0327
    659.5568        1.0349
    659.5642        1.0369
    659.5716        1.0371
    659.5790        1.0340
    659.5865        1.0311
    659.5939        1.0284
    659.6013        1.0266
    659.6088        1.0262
    659.6162        1.0259
    659.6236        1.0255
    659.6311        1.0252
    659.6385        1.0248
    659.6459        1.0243
    659.6534        1.0236
    659.6608        1.0221
    659.6682        1.0196
    659.6757        1.0171
    659.6831        1.0150
    659.6905        1.0154
    659.6979        1.0178
    659.7054        1.0203
    659.7128        1.0229
    659.7202        1.0261
    659.7277        1.0299
    659.7351        1.0336
    659.7425        1.0363
    659.7500        1.0355
    659.7574        1.0323
    659.7648        1.0291
    659.7723        1.0257
    659.7797        1.0216
    659.7871        1.0172
    659.7946        1.0126
    659.8020        1.0093
    659.8094        1.0087
    659.8168        1.0095
    659.8243        1.0104
    659.8317        1.0098
    659.8391        1.0058
    659.8466        1.0008
    659.8540        0.9956
    659.8614        0.9923
    659.8689        0.9930
    659.8763        0.9949
    659.8837        0.9967
    659.8912        0.9991
    659.8986        1.0022
    659.9060        1.0056
    659.9135        1.0091
    659.9209        1.0099
    659.9283        1.0058
    659.9357        1.0009
    659.9432        0.9961
    659.9506        0.9944
    659.9580        0.9985
    659.9655        1.0030
    659.9729        1.0075
    659.9803        1.0100
    659.9878        1.0087
    659.9952        1.0073
    660.0026        1.0061
    660.0101        1.0055
    660.0175        1.0061
    660.0249        1.0068
    660.0324        1.0074
    660.0398        1.0083
    660.0472        1.0098
    660.0547        1.0112
    660.0621        1.0127
    660.0695        1.0143
    660.0769        1.0163
    660.0844        1.0183
    660.0918        1.0199
    660.0992        1.0198
    660.1067        1.0179
    660.1141        1.0160
    660.1215        1.0140
    660.1290        1.0121
    660.1364        1.0100
    660.1438        1.0080
    660.1513        1.0071
    660.1587        1.0099
    660.1661        1.0153
    660.1736        1.0208
    660.1810        1.0242
    660.1884        1.0218
    660.1958        1.0157
    660.2033        1.0096
    660.2107        1.0045
    660.2181        1.0018
    660.2256        1.0005
    660.2330        0.9991
    660.2404        0.9982
    660.2479        0.9983
    660.2553        0.9988
    660.2627        0.9993
    660.2702        1.0001
    660.2776        1.0018
    660.2850        1.0036
    660.2925        1.0055
    660.2999        1.0062
    660.3073        1.0044
    660.3147        1.0020
    660.3222        0.9997
    660.3296        0.9983
    660.3370        0.9991
    660.3445        1.0003
    660.3519        1.0013
    660.3593        1.0035
    660.3668        1.0078
    660.3742        1.0122
    660.3816        1.0166
    660.3891        1.0183
    660.3965        1.0153
    660.4039        1.0123
    660.4114        1.0095
    660.4188        1.0098
    660.4262        1.0152
    660.4336        1.0205
    660.4411        1.0255
    660.4485        1.0284
    660.4559        1.0284
    660.4634        1.0284
    660.4708        1.0287
    660.4782        1.0303
    660.4857        1.0334
    660.4931        1.0364
    660.5005        1.0382
    660.5080        1.0342
    660.5154        1.0244
    660.5228        1.0144
    660.5303        1.0058
    660.5377        1.0014
    660.5451        1.0008
    660.5525        1.0002
    660.5600        1.0009
    660.5674        1.0049
    660.5748        1.0115
    660.5823        1.0182
    660.5897        1.0235
    660.5971        1.0248
    660.6046        1.0238
    660.6120        1.0228
    660.6194        1.0221
    660.6269        1.0224
    660.6343        1.0230
    660.6417        1.0236
    660.6492        1.0241
    660.6566        1.0238
    660.6640        1.0232
    660.6714        1.0226
    660.6789        1.0219
    660.6863        1.0208
    660.6937        1.0196
    660.7012        1.0185
    660.7086        1.0181
    660.7160        1.0194
    660.7235        1.0210
    660.7309        1.0227
    660.7383        1.0229
    660.7458        1.0205
    660.7532        1.0177
    660.7606        1.0149
    660.7681        1.0139
    660.7755        1.0161
    660.7829        1.0184
    660.7903        1.0206
    660.7978        1.0192
    660.8052        1.0117
    660.8126        1.0041
    660.8201        0.9971
    660.8275        0.9954
    660.8349        1.0016
    660.8424        1.0078
    660.8498        1.0136
    660.8572        1.0173
    660.8647        1.0183
    660.8721        1.0192
    660.8795        1.0201
    660.8870        1.0209
    660.8944        1.0214
    660.9018        1.0219
    660.9093        1.0226
    660.9167        1.0234
    660.9241        1.0243
    660.9315        1.0254
    660.9390        1.0263
    660.9464        1.0272
    660.9538        1.0280
    660.9613        1.0287
    660.9687        1.0295
    660.9761        1.0302
    660.9836        1.0308
    660.9910        1.0315
    660.9984        1.0313
    661.0059        1.0292
    661.0133        1.0258
    661.0207        1.0225
    661.0282        1.0193
    661.0356        1.0165
    661.0430        1.0139
    661.0504        1.0112
    661.0579        1.0093
    661.0653        1.0095
    661.0727        1.0102
    661.0802        1.0109
    661.0876        1.0107
    661.0950        1.0086
    661.1025        1.0061
    661.1099        1.0036
    661.1173        1.0025
    661.1248        1.0045
    661.1322        1.0070
    661.1396        1.0096
    661.1471        1.0097
    661.1545        1.0052
    661.1619        1.0006
    661.1693        0.9961
    661.1768        0.9929
    661.1842        0.9925
    661.1916        0.9922
    661.1991        0.9919
    661.2065        0.9930
    661.2139        0.9961
    661.2214        0.9992
    661.2288        1.0021
    661.2362        1.0034
    661.2437        1.0028
    661.2511        1.0022
    661.2585        1.0019
    661.2660        1.0033
    661.2734        1.0066
    661.2808        1.0099
    661.2882        1.0128
    661.2957        1.0145
    661.3031        1.0151
    661.3105        1.0158
    661.3180        1.0162
    661.3254        1.0162
    661.3328        1.0159
    661.3403        1.0157
    661.3477        1.0157
    661.3551        1.0168
    661.3626        1.0186
    661.3700        1.0204
    661.3774        1.0211
    661.3849        1.0190
    661.3923        1.0152
    661.3997        1.0114
    661.4071        1.0074
    661.4146        1.0025
    661.4220        0.9973
    661.4294        0.9921
    661.4369        0.9891
    661.4443        0.9909
    661.4517        0.9943
    661.4592        0.9977
    661.4666        1.0017
    661.4740        1.0068
    661.4815        1.0120
    661.4889        1.0172
    661.4963        1.0207
    661.5038        1.0207
    661.5112        1.0203
    661.5186        1.0201
    661.5260        1.0189
    661.5335        1.0161
    661.5409        1.0133
    661.5483        1.0105
    661.5558        1.0093
    661.5632        1.0109
    661.5706        1.0123
    661.5781        1.0138
    661.5855        1.0152
    661.5929        1.0165
    661.6004        1.0177
    661.6078        1.0186
    661.6152        1.0172
    661.6227        1.0128
    661.6301        1.0084
    661.6375        1.0049
    661.6449        1.0043
    661.6524        1.0071
    661.6598        1.0099
    661.6672        1.0123
    661.6747        1.0135
    661.6821        1.0135
    661.6895        1.0136
    661.6970        1.0143
    661.7044        1.0175
    661.7118        1.0225
    661.7193        1.0274
    661.7267        1.0293
    661.7341        1.0226
    661.7416        1.0110
    661.7490        0.9994
    661.7564        0.9908
    661.7639        0.9901
    661.7713        0.9931
    661.7787        0.9961
    661.7861        0.9993
    661.7936        1.0032
    661.8010        1.0073
    661.8084        1.0113
    661.8159        1.0148
    661.8233        1.0171
    661.8307        1.0189
    661.8382        1.0208
    661.8456        1.0213
    661.8530        1.0194
    661.8605        1.0171
    661.8679        1.0147
    661.8753        1.0120
    661.8828        1.0082
    661.8902        1.0045
    661.8976        1.0007
    661.9050        1.0001
    661.9125        1.0049
    661.9199        1.0098
    661.9273        1.0143
    661.9348        1.0165
    661.9422        1.0149
    661.9496        1.0132
    661.9571        1.0119
    661.9645        1.0131
    661.9719        1.0174
    661.9794        1.0216
    661.9868        1.0250
    661.9942        1.0243
    662.0017        1.0191
    662.0091        1.0139
    662.0165        1.0097
    662.0239        1.0096
    662.0314        1.0132
    662.0388        1.0168
    662.0462        1.0192
    662.0537        1.0177
    662.0611        1.0134
    662.0685        1.0090
    662.0760        1.0051
    662.0834        1.0030
    662.0908        1.0018
    662.0983        1.0006
    662.1057        0.9995
    662.1131        0.9989
    662.1206        0.9985
    662.1280        0.9981
    662.1354        0.9990
    662.1428        1.0028
    662.1503        1.0079
    662.1577        1.0128
    662.1651        1.0160
    662.1726        1.0151
    662.1800        1.0131
    662.1874        1.0112
    662.1949        1.0113
    662.2023        1.0156
    662.2097        1.0206
    662.2172        1.0257
    662.2246        1.0274
    662.2320        1.0230
    662.2395        1.0182
    662.2469        1.0133
    662.2543        1.0109
    662.2617        1.0129
    662.2692        1.0149
    662.2766        1.0168
    662.2840        1.0179
    662.2915        1.0177
    662.2989        1.0175
    662.3063        1.0175
    662.3138        1.0187
    662.3212        1.0214
    662.3286        1.0240
    662.3361        1.0256
    662.3435        1.0226
    662.3509        1.0146
    662.3584        1.0065
    662.3658        0.9996
    662.3732        0.9967
    662.3806        0.9977
    662.3881        0.9985
    662.3955        0.9990
    662.4029        0.9979
    662.4104        0.9956
    662.4178        0.9935
    662.4252        0.9917
    662.4327        0.9912
    662.4401        0.9915
    662.4475        0.9918
    662.4550        0.9928
    662.4624        0.9952
    662.4698        0.9984
    662.4773        1.0014
    662.4847        1.0038
    662.4921        1.0044
    662.4996        1.0043
    662.5070        1.0041
    662.5144        1.0039
    662.5218        1.0036
    662.5293        1.0031
    662.5367        1.0027
    662.5441        1.0029
    662.5516        1.0041
    662.5590        1.0055
    662.5664        1.0068
    662.5739        1.0070
    662.5813        1.0047
    662.5887        1.0025
    662.5962        1.0003
    662.6036        1.0000
    662.6110        1.0029
    662.6185        1.0057
    662.6259        1.0084
    662.6333        1.0092
    662.6407        1.0071
    662.6482        1.0051
    662.6556        1.0035
    662.6630        1.0044
    662.6705        1.0084
    662.6779        1.0124
    662.6853        1.0154
    662.6928        1.0145
    662.7002        1.0096
    662.7076        1.0046
    662.7151        1.0002
    662.7225        0.9974
    662.7299        0.9960
    662.7374        0.9947
    662.7448        0.9941
    662.7522        0.9961
    662.7596        0.9997
    662.7671        1.0034
    662.7745        1.0062
    662.7819        1.0066
    662.7894        1.0058
    662.7968        1.0051
    662.8042        1.0056
    662.8117        1.0088
    662.8191        1.0131
    662.8265        1.0174
    662.8340        1.0201
    662.8414        1.0191
    662.8488        1.0170
    662.8563        1.0148
    662.8637        1.0129
    662.8711        1.0116
    662.8785        1.0103
    662.8860        1.0091
    662.8934        1.0083
    662.9008        1.0086
    662.9083        1.0089
    662.9157        1.0093
    662.9231        1.0065
    662.9306        0.9981
    662.9380        0.9896
    662.9454        0.9819
    662.9529        0.9807
    662.9603        0.9894
    662.9677        0.9981
    662.9752        1.0063
    662.9826        1.0098
    662.9900        1.0075
    662.9974        1.0053
    663.0049        1.0034
    663.0123        1.0023
    663.0197        1.0023
    663.0272        1.0023
    663.0346        1.0030
    663.0420        1.0063
    663.0495        1.0116
    663.0569        1.0171
    663.0643        1.0205
    663.0718        1.0174
    663.0792        1.0097
    663.0866        1.0021
    663.0941        0.9975
    663.1015        1.0010
    663.1089        1.0092
    663.1163        1.0174
    663.1238        1.0233
    663.1312        1.0237
    663.1386        1.0214
    663.1461        1.0193
    663.1535        1.0174
    663.1609        1.0158
    663.1684        1.0144
    663.1758        1.0130
    663.1832        1.0097
    663.1907        1.0023
    663.1981        0.9941
    663.2055        0.9858
    663.2130        0.9817
    663.2204        0.9857
    663.2278        0.9905
    663.2352        0.9953
    663.2427        1.0000
    663.2501        1.0044
    663.2575        1.0088
    663.2650        1.0130
    663.2724        1.0147
    663.2798        1.0125
    663.2873        1.0103
    663.2947        1.0082
    663.3021        1.0063
    663.3096        1.0048
    663.3170        1.0031
    663.3244        1.0016
    663.3319        1.0003
    663.3393        0.9991
    663.3467        0.9979
    663.3542        0.9969
    663.3616        0.9964
    663.3690        0.9963
    663.3764        0.9963
    663.3839        0.9957
    663.3913        0.9933
    663.3987        0.9895
    663.4062        0.9858
    663.4136        0.9832
    663.4210        0.9835
    663.4285        0.9854
    663.4359        0.9874
    663.4433        0.9904
    663.4508        0.9961
    663.4582        1.0029
    663.4656        1.0097
    663.4731        1.0153
    663.4805        1.0181
    663.4879        1.0201
    663.4953        1.0221
    663.5028        1.0229
    663.5102        1.0216
    663.5176        1.0199
    663.5251        1.0181
    663.5325        1.0169
    663.5399        1.0166
    663.5474        1.0164
    663.5548        1.0163
    663.5622        1.0154
    663.5697        1.0132
    663.5771        1.0111
    663.5845        1.0091
    663.5920        1.0078
    663.5994        1.0082
    663.6068        1.0084
    663.6142        1.0087
    663.6217        1.0093
    663.6291        1.0101
    663.6365        1.0108
    663.6440        1.0115
    663.6514        1.0111
    663.6588        1.0096
    663.6663        1.0082
    663.6737        1.0069
    663.6811        1.0064
    663.6886        1.0063
    663.6960        1.0063
    663.7034        1.0064
    663.7109        1.0070
    663.7183        1.0079
    663.7257        1.0087
    663.7331        1.0091
    663.7406        1.0079
    663.7480        1.0059
    663.7554        1.0039
    663.7629        1.0029
    663.7703        1.0041
    663.7777        1.0063
    663.7852        1.0084
    663.7926        1.0099
    663.8000        1.0096
    663.8075        1.0088
    663.8149        1.0081
    663.8223        1.0079
    663.8298        1.0088
    663.8372        1.0099
    663.8446        1.0110
    663.8520        1.0115
    663.8595        1.0109
    663.8669        1.0102
    663.8743        1.0095
    663.8818        1.0082
    663.8892        1.0059
    663.8966        1.0037
    663.9041        1.0016
    663.9115        1.0016
    663.9189        1.0043
    663.9264        1.0070
    663.9338        1.0090
    663.9412        1.0082
    663.9487        1.0041
    663.9561        1.0000
    663.9635        0.9964
    663.9709        0.9948
    663.9784        0.9952
    663.9858        0.9955
    663.9932        0.9961
    664.0007        0.9977
    664.0081        1.0001
    664.0155        1.0025
    664.0230        1.0043
    664.0304        1.0044
    664.0378        1.0037
    664.0453        1.0029
    664.0527        1.0012
    664.0601        0.9974
    664.0676        0.9927
    664.0750        0.9878
    664.0824        0.9857
    664.0898        0.9896
    664.0973        0.9955
    664.1047        1.0013
    664.1121        1.0063
    664.1196        1.0094
    664.1270        1.0122
    664.1344        1.0149
    664.1419        1.0149
    664.1493        1.0095
    664.1567        1.0036
    664.1642        0.9978
    664.1716        0.9918
    664.1790        0.9859
    664.1865        0.9799
    664.1939        0.9746
    664.2013        0.9752
    664.2088        0.9848
    664.2162        0.9943
    664.2236        1.0031
    664.2310        1.0072
    664.2385        1.0057
    664.2459        1.0041
    664.2533        1.0026
    664.2608        1.0010
    664.2682        0.9995
    664.2756        0.9980
    664.2831        0.9973
    664.2905        0.9994
    664.2979        1.0037
    664.3054        1.0081
    664.3128        1.0120
    664.3202        1.0143
    664.3277        1.0157
    664.3351        1.0171
    664.3425        1.0170
    664.3499        1.0132
    664.3574        1.0077
    664.3648        1.0022
    664.3722        0.9977
    664.3797        0.9963
    664.3871        0.9959
    664.3945        0.9955
    664.4020        0.9950
    664.4094        0.9946
    664.4168        0.9941
    664.4243        0.9936
    664.4317        0.9935
    664.4391        0.9944
    664.4466        0.9955
    664.4540        0.9965
    664.4614        0.9977
    664.4688        0.9991
    664.4763        1.0004
    664.4837        1.0018
    664.4911        1.0031
    664.4986        1.0045
    664.5060        1.0060
    664.5134        1.0073
    664.5209        1.0087
    664.5283        1.0100
    664.5357        1.0114
    664.5432        1.0123
    664.5506        1.0109
    664.5580        1.0074
    664.5655        1.0038
    664.5729        1.0004
    664.5803        0.9977
    664.5877        0.9958
    664.5952        0.9939
    664.6026        0.9934
    664.6100        0.9970
    664.6175        1.0034
    664.6249        1.0098
    664.6323        1.0143
    664.6398        1.0139
    664.6472        1.0112
    664.6546        1.0086
    664.6621        1.0067
    664.6695        1.0068
    664.6769        1.0077
    664.6844        1.0085
    664.6918        1.0092
    664.6992        1.0093
    664.7066        1.0092
    664.7141        1.0092
    664.7215        1.0101
    664.7289        1.0125
    664.7364        1.0152
    664.7438        1.0178
    664.7512        1.0195
    664.7587        1.0194
    664.7661        1.0194
    664.7735        1.0192
    664.7810        1.0178
    664.7884        1.0143
    664.7958        1.0109
    664.8033        1.0078
    664.8107        1.0061
    664.8181        1.0066
    664.8255        1.0070
    664.8330        1.0072
    664.8404        1.0070
    664.8478        1.0064
    664.8553        1.0058
    664.8627        1.0062
    664.8701        1.0097
    664.8776        1.0157
    664.8850        1.0218
    664.8924        1.0266
    664.8999        1.0277
    664.9073        1.0266
    664.9147        1.0255
    664.9222        1.0238
    664.9296        1.0208
    664.9370        1.0172
    664.9445        1.0135
    664.9519        1.0107
    664.9593        1.0097
    664.9667        1.0092
    664.9742        1.0086
    664.9816        1.0085
    664.9890        1.0090
    664.9965        1.0097
    665.0039        1.0104
    665.0113        1.0111
    665.0188        1.0122
    665.0262        1.0133
    665.0336        1.0143
    665.0411        1.0144
    665.0485        1.0131
    665.0559        1.0118
    665.0634        1.0105
    665.0708        1.0084
    665.0782        1.0054
    665.0856        1.0024
    665.0931        0.9997
    665.1005        0.9985
    665.1079        0.9991
    665.1154        0.9998
    665.1228        1.0003
    665.1302        1.0003
    665.1377        0.9998
    665.1451        0.9995
    665.1525        0.9987
    665.1600        0.9970
    665.1674        0.9947
    665.1748        0.9922
    665.1823        0.9904
    665.1897        0.9899
    665.1971        0.9901
    665.2045        0.9903
    665.2120        0.9906
    665.2194        0.9909
    665.2268        0.9912
    665.2343        0.9916
    665.2417        0.9919
    665.2491        0.9922
    665.2566        0.9924
    665.2640        0.9928
    665.2714        0.9935
    665.2789        0.9954
    665.2863        0.9974
    665.2937        0.9994
    665.3012        1.0009
    665.3086        1.0018
    665.3160        1.0024
    665.3234        1.0031
    665.3309        1.0022
    665.3383        0.9986
    665.3457        0.9951
    665.3532        0.9919
    665.3606        0.9912
    665.3680        0.9939
    665.3755        0.9965
    665.3829        0.9988
    665.3903        0.9994
    665.3978        0.9982
    665.4052        0.9970
    665.4126        0.9960
    665.4201        0.9955
    665.4275        0.9956
    665.4349        0.9957
    665.4423        0.9958
    665.4498        0.9955
    665.4572        0.9950
    665.4646        0.9945
    665.4721        0.9932
    665.4795        0.9898
    665.4869        0.9854
    665.4944        0.9810
    665.5018        0.9776
    665.5092        0.9769
    665.5167        0.9770
    665.5241        0.9770
    665.5315        0.9787
    665.5390        0.9836
    665.5464        0.9893
    665.5538        0.9951
    665.5612        0.9997
    665.5687        1.0020
    665.5761        1.0042
    665.5835        1.0064
    665.5910        1.0050
    665.5984        0.9975
    665.6058        0.9898
    665.6133        0.9829
    665.6207        0.9816
    665.6281        0.9883
    665.6356        0.9951
    665.6430        1.0009
    665.6504        1.0017
    665.6579        0.9968
    665.6653        0.9918
    665.6727        0.9880
    665.6801        0.9880
    665.6876        0.9917
    665.6950        0.9955
    665.7024        0.9987
    665.7099        1.0000
    665.7173        0.9999
    665.7247        0.9999
    665.7322        1.0003
    665.7396        1.0022
    665.7470        1.0049
    665.7545        1.0076
    665.7619        1.0085
    665.7693        1.0050
    665.7768        0.9998
    665.7842        0.9947
    665.7916        0.9912
    665.7991        0.9911
    665.8065        0.9920
    665.8139        0.9928
    665.8213        0.9940
    665.8288        0.9959
    665.8362        0.9979
    665.8436        1.0000
    665.8511        1.0022
    665.8585        1.0048
    665.8659        1.0073
    665.8734        1.0099
    665.8808        1.0123
    665.8882        1.0146
    665.8957        1.0168
    665.9031        1.0185
    665.9105        1.0171
    665.9180        1.0119
    665.9254        1.0067
    665.9328        1.0016
    665.9402        0.9969
    665.9477        0.9927
    665.9551        0.9884
    665.9625        0.9844
    665.9700        0.9811
    665.9774        0.9785
    665.9848        0.9757
    665.9923        0.9750
    665.9997        0.9798
    666.0071        0.9877
    666.0146        0.9956
    666.0220        1.0020
    666.0294        1.0048
    666.0369        1.0062
    666.0443        1.0075
    666.0517        1.0072
    666.0591        1.0028
    666.0666        0.9976
    666.0740        0.9922
    666.0814        0.9897
    666.0889        0.9930
    666.0963        0.9969
    666.1037        1.0009
    666.1112        1.0033
    666.1186        1.0027
    666.1260        1.0021
    666.1335        1.0016
    666.1409        1.0022
    666.1483        1.0047
    666.1558        1.0072
    666.1632        1.0095
    666.1706        1.0109
    666.1780        1.0112
    666.1855        1.0115
    666.1929        1.0116
    666.2003        1.0109
    666.2078        1.0096
    666.2152        1.0081
    666.2226        1.0057
    666.2301        1.0001
    666.2375        0.9921
    666.2449        0.9840
    666.2524        0.9789
    666.2598        0.9821
    666.2672        0.9900
    666.2747        0.9979
    666.2821        1.0032
    666.2895        1.0025
    666.2969        0.9992
    666.3044        0.9959
    666.3118        0.9941
    666.3192        0.9957
    666.3267        0.9981
    666.3341        1.0005
    666.3415        1.0018
    666.3490        1.0006
    666.3564        0.9990
    666.3638        0.9975
    666.3713        0.9974
    666.3787        0.9997
    666.3861        1.0020
    666.3936        1.0042
    666.4010        1.0052
    666.4084        1.0039
    666.4158        1.0027
    666.4233        1.0015
    666.4307        1.0008
    666.4381        1.0007
    666.4456        1.0005
    666.4530        1.0000
    666.4604        0.9980
    666.4679        0.9945
    666.4753        0.9911
    666.4827        0.9891
    666.4902        0.9923
    666.4976        0.9991
    666.5050        1.0060
    666.5125        1.0107
    666.5199        1.0099
    666.5273        1.0057
    666.5348        1.0017
    666.5422        0.9985
    666.5496        0.9973
    666.5570        0.9968
    666.5645        0.9963
    666.5719        0.9961
    666.5793        0.9961
    666.5868        0.9964
    666.5942        0.9966
    666.6016        0.9984
    666.6091        1.0033
    666.6165        1.0085
    666.6239        1.0137
    666.6314        1.0172
    666.6388        1.0177
    666.6462        1.0181
    666.6537        1.0183
    666.6611        1.0169
    666.6685        1.0127
    666.6759        1.0086
    666.6834        1.0051
    666.6908        1.0046
    666.6982        1.0076
    666.7057        1.0106
    666.7131        1.0134
    666.7205        1.0149
    666.7280        1.0151
    666.7354        1.0155
    666.7428        1.0155
    666.7503        1.0149
    666.7577        1.0136
    666.7651        1.0123
    666.7726        1.0115
    666.7800        1.0118
    666.7874        1.0125
    666.7948        1.0132
    666.8023        1.0132
    666.8097        1.0114
    666.8171        1.0092
    666.8246        1.0069
    666.8320        1.0056
    666.8394        1.0063
    666.8469        1.0075
    666.8543        1.0087
    666.8617        1.0084
    666.8692        1.0052
    666.8766        1.0018
    666.8840        0.9986
    666.8915        0.9994
    666.8989        1.0074
    666.9063        1.0155
    666.9137        1.0227
    666.9212        1.0249
    666.9286        1.0201
    666.9360        1.0152
    666.9435        1.0114
    666.9509        1.0127
    666.9583        1.0192
    666.9658        1.0259
    666.9732        1.0304
    666.9806        1.0275
    666.9881        1.0186
    666.9955        1.0097
    667.0029        1.0034
    667.0104        1.0048
    667.0178        1.0108
    667.0252        1.0168
    667.0326        1.0214
    667.0401        1.0223
    667.0475        1.0215
    667.0549        1.0207
    667.0624        1.0193
    667.0698        1.0170
    667.0772        1.0142
    667.0847        1.0114
    667.0921        1.0098
    667.0995        1.0104
    667.1070        1.0113
    667.1144        1.0121
    667.1218        1.0146
    667.1293        1.0203
    667.1367        1.0260
    667.1441        1.0314
    667.1515        1.0343
    667.1590        1.0329
    667.1664        1.0315
    667.1738        1.0301
    667.1813        1.0277
    667.1887        1.0243
    667.1961        1.0210
    667.2036        1.0182
    667.2110        1.0181
    667.2184        1.0204
    667.2259        1.0227
    667.2333        1.0237
    667.2407        1.0204
    667.2482        1.0139
    667.2556        1.0075
    667.2630        1.0028
    667.2704        1.0029
    667.2779        1.0058
    667.2853        1.0085
    667.2927        1.0117
    667.3002        1.0158
    667.3076        1.0202
    667.3150        1.0246
    667.3225        1.0277
    667.3299        1.0283
    667.3373        1.0285
    667.3448        1.0286
    667.3522        1.0292
    667.3596        1.0306
    667.3671        1.0322
    667.3745        1.0337
    667.3819        1.0360
    667.3894        1.0396
    667.3968        1.0433
    667.4042        1.0464
    667.4116        1.0470
    667.4191        1.0437
    667.4265        1.0405
    667.4339        1.0378
    667.4414        1.0375
    667.4488        1.0396
    667.4562        1.0418
    667.4637        1.0442
    667.4711        1.0477
    667.4785        1.0519
    667.4860        1.0560
    667.4934        1.0584
    667.5008        1.0550
    667.5083        1.0483
    667.5157        1.0417
    667.5231        1.0344
    667.5305        1.0258
    667.5380        1.0166
    667.5454        1.0074
    667.5528        1.0024
    667.5603        1.0067
    667.5677        1.0133
    667.5751        1.0199
    667.5826        1.0216
    667.5900        1.0134
    667.5974        1.0042
    667.6049        0.9950
    667.6123        0.9870
    667.6197        0.9812
    667.6272        0.9755
    667.6346        0.9700
    667.6420        0.9671
    667.6494        0.9678
    667.6569        0.9686
    667.6643        0.9686
    667.6717        0.9646
    667.6792        0.9562
    667.6866        0.9478
    667.6940        0.9405
    667.7015        0.9375
    667.7089        0.9383
    667.7163        0.9390
    667.7238        0.9395
    667.7312        0.9396
    667.7386        0.9393
    667.7461        0.9389
    667.7535        0.9387
    667.7609        0.9386
    667.7683        0.9387
    667.7758        0.9388
    667.7832        0.9385
    667.7906        0.9372
    667.7981        0.9359
    667.8055        0.9345
    667.8129        0.9334
    667.8204        0.9334
    667.8278        0.9334
    667.8352        0.9334
    667.8427        0.9327
    667.8501        0.9304
    667.8575        0.9282
    667.8650        0.9259
    667.8724        0.9234
    667.8798        0.9205
    667.8872        0.9175
    667.8947        0.9149
    667.9021        0.9135
    667.9095        0.9135
    667.9170        0.9135
    667.9244        0.9139
    667.9318        0.9154
    667.9393        0.9182
    667.9467        0.9209
    667.9541        0.9222
    667.9616        0.9193
    667.9690        0.9134
    667.9764        0.9074
    667.9839        0.9035
    667.9913        0.9040
    667.9987        0.9070
    668.0061        0.9099
    668.0136        0.9127
    668.0210        0.9153
    668.0284        0.9178
    668.0359        0.9203
    668.0433        0.9221
    668.0507        0.9222
    668.0582        0.9221
    668.0656        0.9220
    668.0730        0.9224
    668.0805        0.9233
    668.0879        0.9243
    668.0953        0.9256
    668.1028        0.9303
    668.1102        0.9400
    668.1176        0.9497
    668.1250        0.9588
    668.1325        0.9640
    668.1399        0.9645
    668.1473        0.9651
    668.1548        0.9658
    668.1622        0.9670
    668.1696        0.9687
    668.1771        0.9705
    668.1845        0.9732
    668.1919        0.9792
    668.1994        0.9873
    668.2068        0.9955
    668.2142        1.0015
    668.2217        1.0026
    668.2291        1.0010
    668.2365        0.9996
    668.2440        0.9993
    668.2514        1.0017
    668.2588        1.0049
    668.2662        1.0081
    668.2737        1.0106
    668.2811        1.0118
    668.2885        1.0128
    668.2960        1.0137
    668.3034        1.0178
    668.3108        1.0278
    668.3183        1.0380
    668.3257        1.0478
    668.3331        1.0544
    668.3406        1.0561
    668.3480        1.0577
    668.3554        1.0589
    668.3629        1.0584
    668.3703        1.0557
    668.3777        1.0531
    668.3851        1.0504
    668.3926        1.0477
    668.4000        1.0449
    668.4074        1.0422
    668.4149        1.0403
    668.4223        1.0408
    668.4297        1.0429
    668.4372        1.0451
    668.4446        1.0470
    668.4520        1.0483
    668.4595        1.0494
    668.4669        1.0503
    668.4743        1.0511
    668.4818        1.0515
    668.4892        1.0517
    668.4966        1.0520
    668.5040        1.0507
    668.5115        1.0466
    668.5189        1.0419
    668.5263        1.0373
    668.5338        1.0329
    668.5412        1.0292
    668.5486        1.0254
    668.5561        1.0220
    668.5635        1.0215
    668.5709        1.0255
    668.5784        1.0294
    668.5858        1.0329
    668.5932        1.0348
    668.6007        1.0349
    668.6081        1.0348
    668.6155        1.0342
    668.6229        1.0313
    668.6304        1.0266
    668.6378        1.0218
    668.6452        1.0185
    668.6527        1.0190
    668.6601        1.0218
    668.6675        1.0246
    668.6750        1.0276
    668.6824        1.0306
    668.6898        1.0338
    668.6973        1.0368
    668.7047        1.0397
    668.7121        1.0417
    668.7196        1.0436
    668.7270        1.0455
    668.7344        1.0466
    668.7418        1.0465
    668.7493        1.0462
    668.7567        1.0458
    668.7641        1.0439
    668.7716        1.0390
    668.7790        1.0343
    668.7864        1.0295
    668.7939        1.0245
    668.8013        1.0192
    668.8087        1.0140
    668.8162        1.0097
    668.8236        1.0101
    668.8310        1.0151
    668.8385        1.0202
    668.8459        1.0251
    668.8533        1.0292
    668.8607        1.0324
    668.8682        1.0358
    668.8756        1.0386
    668.8830        1.0403
    668.8905        1.0413
    668.8979        1.0422
    668.9053        1.0408
    668.9128        1.0337
    668.9202        1.0244
    668.9276        1.0151
    668.9351        1.0099
    668.9425        1.0132
    668.9499        1.0185
    668.9574        1.0238
    668.9648        0.0000
