    650.3712        1.0081
    650.3754        0.9955
    650.3795        0.9751
    650.3836        0.9725
    650.3878        0.9776
    650.3919        0.9784
    650.3961        0.9778
    650.4002        0.9849
    650.4044        0.9974
    650.4085        0.9938
    650.4127        0.9769
    650.4168        0.9940
    650.4210        1.0393
    650.4251        1.0385
    650.4292        1.0085
    650.4334        0.9964
    650.4375        0.9890
    650.4417        0.9896
    650.4458        0.9988
    650.4500        1.0005
    650.4541        0.9952
    650.4583        1.0004
    650.4624        1.0183
    650.4666        1.0188
    650.4707        1.0010
    650.4749        0.9918
    650.4790        0.9921
    650.4831        0.9903
    650.4873        0.9837
    650.4914        0.9851
    650.4956        0.9987
    650.4997        1.0053
    650.5039        0.9984
    650.5080        0.9966
    650.5122        1.0070
    650.5163        1.0142
    650.5205        1.0129
    650.5246        1.0029
    650.5288        0.9774
    650.5329        0.9626
    650.5370        0.9820
    650.5412        1.0082
    650.5453        1.0231
    650.5495        1.0363
    650.5536        1.0544
    650.5578        1.0652
    650.5619        1.0446
    650.5661        1.0130
    650.5702        0.9925
    650.5744        0.9782
    650.5785        0.9829
    650.5826        0.9959
    650.5868        0.9951
    650.5909        0.9891
    650.5951        0.9872
    650.5992        0.9867
    650.6034        0.9928
    650.6075        1.0032
    650.6117        1.0082
    650.6158        1.0112
    650.6200        1.0121
    650.6241        1.0092
    650.6283        1.0203
    650.6324        1.0457
    650.6365        1.0423
    650.6407        1.0186
    650.6448        1.0124
    650.6490        1.0149
    650.6531        1.0154
    650.6573        1.0172
    650.6614        1.0135
    650.6656        1.0054
    650.6697        0.9965
    650.6739        0.9857
    650.6780        0.9768
    650.6821        0.9678
    650.6863        0.9672
    650.6904        0.9757
    650.6946        0.9834
    650.6987        0.9892
    650.7029        0.9973
    650.7070        1.0104
    650.7112        1.0161
    650.7153        1.0080
    650.7195        1.0118
    650.7236        1.0414
    650.7278        1.0547
    650.7319        1.0314
    650.7360        1.0087
    650.7402        1.0035
    650.7443        0.9993
    650.7485        0.9879
    650.7526        0.9778
    650.7568        0.9734
    650.7609        0.9774
    650.7651        0.9996
    650.7692        1.0230
    650.7734        1.0290
    650.7775        1.0246
    650.7817        1.0035
    650.7858        0.9810
    650.7899        0.9921
    650.7941        1.0124
    650.7982        0.9971
    650.8024        0.9688
    650.8065        0.9672
    650.8107        0.9769
    650.8148        0.9847
    650.8190        0.9938
    650.8231        0.9951
    650.8273        0.9927
    650.8314        0.9835
    650.8355        0.9687
    650.8397        0.9639
    650.8438        0.9651
    650.8480        0.9599
    650.8521        0.9494
    650.8563        0.9511
    650.8604        0.9620
    650.8646        0.9632
    650.8687        0.9557
    650.8729        0.9639
    650.8770        0.9847
    650.8812        0.9946
    650.8853        0.9997
    650.8894        0.9951
    650.8936        0.9781
    650.8977        0.9769
    650.9019        0.9898
    650.9060        1.0004
    650.9102        1.0128
    650.9143        1.0079
    650.9185        0.9794
    650.9226        0.9702
    650.9268        0.9882
    650.9309        0.9953
    650.9351        0.9856
    650.9392        0.9730
    650.9433        0.9551
    650.9475        0.9570
    650.9516        0.9932
    650.9558        1.0202
    650.9599        1.0198
    650.9641        1.0137
    650.9682        1.0084
    650.9724        1.0060
    650.9765        1.0101
    650.9807        1.0164
    650.9848        1.0240
    650.9889        1.0275
    650.9931        1.0192
    650.9972        1.0074
    651.0014        0.9987
    651.0055        0.9924
    651.0097        0.9910
    651.0138        0.9946
    651.0180        1.0089
    651.0221        1.0275
    651.0263        1.0398
    651.0304        1.0459
    651.0346        1.0200
    651.0387        0.9801
    651.0428        0.9820
    651.0470        1.0032
    651.0511        1.0217
    651.0553        1.0428
    651.0594        1.0291
    651.0636        0.9936
    651.0677        0.9912
    651.0719        1.0071
    651.0760        1.0009
    651.0802        0.9839
    651.0843        0.9704
    651.0884        0.9527
    651.0926        0.9557
    651.0967        0.9745
    651.1009        0.9817
    651.1050        0.9843
    651.1092        0.9860
    651.1133        0.9843
    651.1175        0.9902
    651.1216        1.0020
    651.1258        1.0134
    651.1299        1.0293
    651.1341        1.0270
    651.1382        1.0056
    651.1423        0.9958
    651.1465        0.9945
    651.1506        1.0032
    651.1548        1.0300
    651.1589        1.0238
    651.1631        0.9731
    651.1672        0.9474
    651.1714        0.9565
    651.1755        0.9684
    651.1797        0.9793
    651.1838        0.9850
    651.1880        0.9826
    651.1921        0.9818
    651.1962        0.9873
    651.2004        0.9896
    651.2045        0.9843
    651.2087        0.9776
    651.2128        0.9725
    651.2170        0.9658
    651.2211        0.9543
    651.2253        0.9462
    651.2294        0.9490
    651.2336        0.9571
    651.2377        0.9693
    651.2418        0.9807
    651.2460        0.9829
    651.2501        0.9828
    651.2543        0.9869
    651.2584        0.9922
    651.2626        0.9983
    651.2667        1.0001
    651.2709        0.9763
    651.2750        0.9444
    651.2792        0.9455
    651.2833        0.9599
    651.2875        0.9601
    651.2916        0.9559
    651.2957        0.9610
    651.2999        0.9705
    651.3040        0.9841
    651.3082        1.0015
    651.3123        1.0106
    651.3165        1.0165
    651.3206        1.0136
    651.3248        1.0048
    651.3289        0.9954
    651.3331        0.9819
    651.3372        0.9838
    651.3413        0.9942
    651.3455        1.0079
    651.3496        1.0326
    651.3538        1.0255
    651.3579        0.9918
    651.3621        0.9853
    651.3662        0.9969
    651.3704        0.9979
    651.3745        0.9937
    651.3787        0.9876
    651.3828        0.9772
    651.3870        0.9764
    651.3911        0.9868
    651.3952        0.9846
    651.3994        0.9673
    651.4035        0.9644
    651.4077        0.9790
    651.4118        0.9816
    651.4160        0.9688
    651.4201        0.9612
    651.4243        0.9624
    651.4284        0.9582
    651.4326        0.9438
    651.4367        0.9378
    651.4409        0.9463
    651.4450        0.9511
    651.4491        0.9481
    651.4533        0.9392
    651.4574        0.9222
    651.4616        0.9109
    651.4657        0.9141
    651.4699        0.9164
    651.4740        0.9105
    651.4782        0.9019
    651.4823        0.8891
    651.4865        0.8869
    651.4906        0.9124
    651.4947        0.9458
    651.4989        0.9762
    651.5030        0.9993
    651.5072        1.0023
    651.5113        0.9961
    651.5155        0.9872
    651.5196        0.9791
    651.5238        0.9850
    651.5279        0.9913
    651.5321        0.9698
    651.5362        0.9440
    651.5404        0.9666
    651.5445        1.0078
    651.5486        1.0205
    651.5528        1.0207
    651.5569        1.0003
    651.5611        0.9675
    651.5652        0.9486
    651.5694        0.9351
    651.5735        0.9427
    651.5777        0.9638
    651.5818        0.9659
    651.5860        0.9585
    651.5901        0.9657
    651.5943        0.9826
    651.5984        0.9785
    651.6025        0.9608
    651.6067        0.9576
    651.6108        0.9591
    651.6150        0.9714
    651.6191        0.9996
    651.6233        0.9934
    651.6274        0.9629
    651.6316        0.9484
    651.6357        0.9423
    651.6399        0.9286
    651.6440        0.9095
    651.6481        0.8931
    651.6523        0.8804
    651.6564        0.8576
    651.6606        0.8207
    651.6647        0.8090
    651.6689        0.8204
    651.6730        0.8269
    651.6772        0.8239
    651.6813        0.8450
    651.6855        0.8987
    651.6896        0.9188
    651.6938        0.9003
    651.6979        0.8842
    651.7020        0.8686
    651.7062        0.8743
    651.7103        0.9064
    651.7145        0.9376
    651.7186        0.9668
    651.7228        0.9798
    651.7269        0.9689
    651.7311        0.9624
    651.7352        0.9718
    651.7394        0.9732
    651.7435        0.9517
    651.7476        0.9466
    651.7518        0.9824
    651.7559        1.0153
    651.7601        1.0230
    651.7642        1.0194
    651.7684        1.0069
    651.7725        0.9920
    651.7767        0.9804
    651.7808        0.9715
    651.7850        0.9688
    651.7891        0.9662
    651.7933        0.9561
    651.7974        0.9470
    651.8015        0.9489
    651.8057        0.9566
    651.8098        0.9701
    651.8140        0.9821
    651.8181        0.9721
    651.8223        0.9562
    651.8264        0.9601
    651.8306        0.9705
    651.8347        0.9694
    651.8389        0.9644
    651.8430        0.9636
    651.8472        0.9644
    651.8513        0.9651
    651.8554        0.9663
    651.8596        0.9693
    651.8637        0.9736
    651.8679        0.9931
    651.8720        1.0225
    651.8762        1.0170
    651.8803        0.9914
    651.8845        0.9884
    651.8886        0.9963
    651.8928        0.9969
    651.8969        0.9998
    651.9010        0.9680
    651.9052        0.9041
    651.9093        0.8966
    651.9135        0.9188
    651.9176        0.9458
    651.9218        0.9904
    651.9259        0.9991
    651.9301        0.9859
    651.9342        0.9725
    651.9384        0.9521
    651.9425        0.9409
    651.9467        0.9330
    651.9508        0.9371
    651.9549        0.9544
    651.9591        0.9602
    651.9632        0.9571
    651.9674        0.9573
    651.9715        0.9603
    651.9757        0.9613
    651.9798        0.9587
    651.9840        0.9633
    651.9881        0.9731
    651.9923        0.9899
    651.9964        1.0185
    652.0006        1.0280
    652.0047        1.0164
    652.0088        1.0014
    652.0130        0.9830
    652.0171        0.9700
    652.0213        0.9605
    652.0254        0.9661
    652.0296        0.9929
    652.0337        1.0128
    652.0379        1.0201
    652.0420        1.0184
    652.0462        1.0061
    652.0503        0.9960
    652.0544        0.9929
    652.0586        0.9930
    652.0627        0.9964
    652.0669        0.9972
    652.0710        0.9895
    652.0752        0.9873
    652.0793        1.0007
    652.0835        1.0149
    652.0876        1.0209
    652.0918        1.0233
    652.0959        1.0242
    652.1001        1.0175
    652.1042        0.9913
    652.1083        0.9694
    652.1125        0.9805
    652.1166        1.0018
    652.1208        1.0173
    652.1249        1.0266
    652.1291        1.0172
    652.1332        1.0016
    652.1374        0.9939
    652.1415        0.9900
    652.1457        0.9945
    652.1498        1.0019
    652.1539        1.0009
    652.1581        0.9962
    652.1622        0.9882
    652.1664        0.9781
    652.1705        0.9690
    652.1747        0.9616
    652.1788        0.9742
    652.1830        0.9973
    652.1871        1.0103
    652.1913        1.0198
    652.1954        1.0232
    652.1996        1.0227
    652.2037        1.0113
    652.2078        0.9925
    652.2120        0.9813
    652.2161        0.9740
    652.2203        0.9536
    652.2244        0.9205
    652.2286        0.9316
    652.2327        0.9701
    652.2369        0.9969
    652.2410        1.0266
    652.2452        1.0297
    652.2493        1.0157
    652.2535        1.0016
    652.2576        0.9804
    652.2617        0.9756
    652.2659        0.9827
    652.2700        0.9806
    652.2742        0.9692
    652.2783        0.9797
    652.2825        1.0107
    652.2866        1.0182
    652.2908        1.0095
    652.2949        1.0040
    652.2991        0.9991
    652.3032        0.9938
    652.3073        0.9857
    652.3115        0.9888
    652.3156        1.0040
    652.3198        1.0089
    652.3239        1.0064
    652.3281        0.9971
    652.3322        0.9756
    652.3364        0.9778
    652.3405        1.0093
    652.3447        1.0206
    652.3488        1.0091
    652.3530        0.9980
    652.3571        0.9895
    652.3612        0.9799
    652.3654        0.9669
    652.3695        0.9618
    652.3737        0.9681
    652.3778        0.9704
    652.3820        0.9664
    652.3861        0.9566
    652.3903        0.9375
    652.3944        0.9276
    652.3986        0.9336
    652.4027        0.9412
    652.4069        0.9461
    652.4110        0.9500
    652.4151        0.9529
    652.4193        0.9544
    652.4234        0.9531
    652.4276        0.9544
    652.4317        0.9620
    652.4359        0.9703
    652.4400        0.9776
    652.4442        0.9806
    652.4483        0.9745
    652.4525        0.9682
    652.4566        0.9690
    652.4607        0.9700
    652.4649        0.9652
    652.4690        0.9635
    652.4732        0.9744
    652.4773        0.9901
    652.4815        1.0077
    652.4856        1.0234
    652.4898        1.0300
    652.4939        1.0309
    652.4981        1.0257
    652.5022        1.0160
    652.5064        0.9997
    652.5105        0.9848
    652.5146        0.9899
    652.5188        1.0026
    652.5229        1.0074
    652.5271        1.0100
    652.5312        1.0130
    652.5354        1.0157
    652.5395        1.0182
    652.5437        1.0194
    652.5478        1.0117
    652.5520        1.0000
    652.5561        0.9957
    652.5602        0.9960
    652.5644        1.0150
    652.5685        1.0438
    652.5727        1.0363
    652.5768        1.0108
    652.5810        0.9913
    652.5851        0.9717
    652.5893        0.9555
    652.5934        0.9402
    652.5976        0.9437
    652.6017        0.9591
    652.6059        0.9698
    652.6100        0.9794
    652.6141        0.9978
    652.6183        1.0261
    652.6224        1.0190
    652.6266        0.9868
    652.6307        0.9844
    652.6349        0.9997
    652.6390        0.9967
    652.6432        0.9831
    652.6473        0.9798
    652.6515        0.9777
    652.6556        0.9929
    652.6598        1.0312
    652.6639        1.0220
    652.6680        0.9766
    652.6722        0.9608
    652.6763        0.9532
    652.6805        0.9772
    652.6846        1.0343
    652.6888        1.0589
    652.6929        1.0651
    652.6971        1.0617
    652.7012        1.0496
    652.7054        1.0303
    652.7095        0.9994
    652.7136        0.9874
    652.7178        0.9904
    652.7219        0.9957
    652.7261        1.0057
    652.7302        1.0074
    652.7344        0.9997
    652.7385        0.9998
    652.7427        1.0074
    652.7468        1.0149
    652.7510        1.0255
    652.7551        1.0218
    652.7593        0.9993
    652.7634        0.9930
    652.7675        1.0069
    652.7717        1.0155
    652.7758        1.0192
    652.7800        1.0098
    652.7841        0.9820
    652.7883        0.9677
    652.7924        0.9728
    652.7966        0.9766
    652.8007        0.9727
    652.8049        0.9795
    652.8090        1.0055
    652.8132        1.0185
    652.8173        1.0077
    652.8214        0.9997
    652.8256        1.0038
    652.8297        1.0037
    652.8339        0.9921
    652.8380        0.9859
    652.8422        0.9915
    652.8463        1.0012
    652.8505        1.0136
    652.8546        1.0233
    652.8588        1.0297
    652.8629        1.0251
    652.8670        0.9998
    652.8712        0.9810
    652.8753        0.9874
    652.8795        0.9968
    652.8836        0.9972
    652.8878        0.9966
    652.8919        0.9986
    652.8961        0.9994
    652.9002        0.9965
    652.9044        0.9919
    652.9085        0.9852
    652.9127        0.9846
    652.9168        1.0038
    652.9209        1.0212
    652.9251        1.0127
    652.9292        0.9966
    652.9334        0.9855
    652.9375        0.9786
    652.9417        0.9802
    652.9458        0.9906
    652.9500        1.0199
    652.9541        1.0497
    652.9583        1.0480
    652.9624        1.0356
    652.9665        1.0329
    652.9707        1.0311
    652.9748        1.0222
    652.9790        1.0122
    652.9831        1.0134
    652.9873        1.0181
    652.9914        1.0155
    652.9956        1.0080
    652.9997        0.9859
    653.0039        0.9587
    653.0080        0.9510
    653.0122        0.9535
    653.0163        0.9662
    653.0204        0.9854
    653.0246        1.0001
    653.0287        1.0126
    653.0329        1.0097
    653.0370        0.9982
    653.0412        0.9879
    653.0453        0.9764
    653.0495        0.9630
    653.0536        0.9484
    653.0578        0.9587
    653.0619        0.9833
    653.0661        0.9877
    653.0702        0.9828
    653.0743        0.9953
    653.0785        1.0179
    653.0826        1.0143
    653.0868        0.9938
    653.0909        1.0151
    653.0951        1.0625
    653.0992        1.0739
    653.1034        1.0701
    653.1075        1.0475
    653.1117        1.0044
    653.1158        1.0008
    653.1199        1.0199
    653.1241        1.0311
    653.1282        1.0444
    653.1324        1.0438
    653.1365        1.0374
    653.1407        1.0158
    653.1448        0.9758
    653.1490        0.9672
    653.1531        0.9778
    653.1573        0.9809
    653.1614        0.9818
    653.1656        0.9873
    653.1697        0.9972
    653.1738        0.9995
    653.1780        0.9928
    653.1821        1.0045
    653.1863        1.0328
    653.1904        1.0418
    653.1946        1.0382
    653.1987        1.0364
    653.2029        1.0381
    653.2070        1.0225
    653.2112        0.9894
    653.2153        0.9744
    653.2195        0.9701
    653.2236        0.9767
    653.2277        0.9986
    653.2319        0.9986
    653.2360        0.9811
    653.2402        0.9624
    653.2443        0.9368
    653.2485        0.9307
    653.2526        0.9446
    653.2568        0.9461
    653.2609        0.9336
    653.2651        0.9335
    653.2692        0.9422
    653.2733        0.9635
    653.2775        1.0005
    653.2816        1.0244
    653.2858        1.0416
    653.2899        1.0301
    653.2941        0.9822
    653.2982        0.9629
    653.3024        0.9789
    653.3065        0.9835
    653.3107        0.9677
    653.3148        0.9748
    653.3190        1.0157
    653.3231        1.0293
    653.3272        1.0029
    653.3314        0.9949
    653.3355        1.0149
    653.3397        1.0305
    653.3438        1.0377
    653.3480        1.0401
    653.3521        1.0375
    653.3563        1.0360
    653.3604        1.0395
    653.3646        1.0333
    653.3687        1.0114
    653.3728        0.9971
    653.3770        0.9968
    653.3811        0.9977
    653.3853        0.9978
    653.3894        0.9947
    653.3936        0.9875
    653.3977        0.9785
    653.4019        0.9686
    653.4060        0.9575
    653.4102        0.9438
    653.4143        0.9337
    653.4185        0.9257
    653.4226        0.9362
    653.4267        0.9802
    653.4309        1.0131
    653.4350        1.0151
    653.4392        1.0021
    653.4433        0.9719
    653.4475        0.9581
    653.4516        0.9869
    653.4558        1.0101
    653.4599        1.0002
    653.4641        0.9862
    653.4682        0.9797
    653.4724        0.9808
    653.4765        0.9950
    653.4806        1.0079
    653.4848        1.0095
    653.4889        1.0069
    653.4931        1.0031
    653.4972        0.9975
    653.5014        0.9890
    653.5055        0.9819
    653.5097        0.9788
    653.5138        0.9813
    653.5180        0.9929
    653.5221        1.0075
    653.5262        1.0230
    653.5304        1.0290
    653.5345        1.0060
    653.5387        0.9845
    653.5428        0.9967
    653.5470        1.0171
    653.5511        1.0257
    653.5553        1.0352
    653.5594        1.0598
    653.5636        1.0765
    653.5677        1.0506
    653.5719        1.0153
    653.5760        1.0060
    653.5801        1.0040
    653.5843        0.9970
    653.5884        0.9946
    653.5926        1.0139
    653.5967        1.0344
    653.6009        1.0220
    653.6050        1.0031
    653.6092        1.0128
    653.6133        1.0272
    653.6175        1.0153
    653.6216        0.9941
    653.6257        0.9781
    653.6299        0.9649
    653.6340        0.9604
    653.6382        0.9614
    653.6423        0.9685
    653.6465        0.9796
    653.6506        0.9921
    653.6548        1.0025
    653.6589        0.9912
    653.6631        0.9718
    653.6672        0.9683
    653.6714        0.9730
    653.6755        0.9907
    653.6796        1.0158
    653.6838        1.0387
    653.6879        1.0589
    653.6921        1.0544
    653.6962        1.0380
    653.7004        1.0315
    653.7045        1.0269
    653.7087        1.0118
    653.7128        0.9938
    653.7170        1.0010
    653.7211        1.0200
    653.7253        1.0285
    653.7294        1.0312
    653.7335        0.9946
    653.7377        0.9389
    653.7418        0.9397
    653.7460        0.9671
    653.7501        0.9761
    653.7543        0.9802
    653.7584        0.9929
    653.7626        1.0093
    653.7667        1.0172
    653.7709        1.0211
    653.7750        1.0174
    653.7791        1.0086
    653.7833        1.0101
    653.7874        1.0167
    653.7916        1.0189
    653.7957        1.0197
    653.7999        1.0126
    653.8040        1.0002
    653.8082        0.9968
    653.8123        0.9973
    653.8165        1.0084
    653.8206        1.0280
    653.8248        1.0238
    653.8289        1.0061
    653.8330        1.0070
    653.8372        1.0177
    653.8413        1.0116
    653.8455        0.9958
    653.8496        0.9900
    653.8538        0.9863
    653.8579        1.0033
    653.8621        1.0368
    653.8662        1.0393
    653.8704        1.0252
    653.8745        1.0137
    653.8787        0.9973
    653.8828        1.0081
    653.8869        1.0387
    653.8911        1.0467
    653.8952        1.0459
    653.8994        1.0335
    653.9035        1.0098
    653.9077        0.9977
    653.9118        0.9859
    653.9160        1.0055
    653.9201        1.0551
    653.9243        1.0504
    653.9284        1.0090
    653.9325        1.0068
    653.9367        1.0262
    653.9408        1.0289
    653.9450        1.0263
    653.9491        1.0155
    653.9533        0.9956
    653.9574        0.9869
    653.9616        0.9812
    653.9657        0.9874
    653.9699        1.0044
    653.9740        1.0122
    653.9782        1.0158
    653.9823        1.0212
    653.9864        1.0300
    653.9906        1.0246
    653.9947        1.0050
    653.9989        1.0080
    654.0030        1.0303
    654.0072        1.0248
    654.0113        0.9992
    654.0155        0.9920
    654.0196        0.9951
    654.0238        0.9931
    654.0279        0.9844
    654.0320        0.9984
    654.0362        1.0372
    654.0403        1.0350
    654.0445        1.0007
    654.0486        0.9933
    654.0528        1.0041
    654.0569        0.9989
    654.0611        0.9802
    654.0652        0.9809
    654.0694        0.9972
    654.0735        1.0003
    654.0777        0.9925
    654.0818        0.9994
    654.0859        1.0143
    654.0901        1.0373
    654.0942        1.0773
    654.0984        1.0758
    654.1025        1.0377
    654.1067        1.0274
    654.1108        1.0338
    654.1150        1.0424
    654.1191        1.0572
    654.1233        1.0612
    654.1274        1.0589
    654.1316        1.0498
    654.1357        1.0338
    654.1398        1.0217
    654.1440        1.0072
    654.1481        1.0137
    654.1523        1.0450
    654.1564        1.0416
    654.1606        1.0064
    654.1647        0.9958
    654.1689        1.0021
    654.1730        1.0111
    654.1772        1.0208
    654.1813        1.0447
    654.1854        1.0921
    654.1896        1.0908
    654.1937        1.0438
    654.1979        1.0239
    654.2020        1.0230
    654.2062        1.0248
    654.2103        1.0327
    654.2145        1.0299
    654.2186        1.0178
    654.2228        1.0079
    654.2269        1.0004
    654.2311        0.9885
    654.2352        0.9690
    654.2393        0.9655
    654.2435        0.9755
    654.2476        0.9876
    654.2518        1.0039
    654.2559        1.0137
    654.2601        1.0220
    654.2642        1.0125
    654.2684        0.9793
    654.2725        0.9778
    654.2767        1.0025
    654.2808        1.0338
    654.2850        1.0801
    654.2891        1.0917
    654.2932        1.0724
    654.2974        1.0503
    654.3015        1.0204
    654.3057        1.0083
    654.3098        1.0145
    654.3140        1.0109
    654.3181        0.9937
    654.3223        0.9968
    654.3264        1.0196
    654.3306        1.0368
    654.3347        1.0505
    654.3388        1.0579
    654.3430        1.0635
    654.3471        1.0526
    654.3513        1.0227
    654.3554        1.0069
    654.3596        1.0039
    654.3637        1.0026
    654.3679        1.0049
    654.3720        0.9997
    654.3762        0.9891
    654.3803        0.9700
    654.3845        0.9381
    654.3886        0.9262
    654.3927        0.9347
    654.3969        0.9394
    654.4010        0.9413
    654.4052        0.9395
    654.4093        0.9333
    654.4135        0.9297
    654.4176        0.9282
    654.4218        0.9289
    654.4259        0.9304
    654.4301        0.9383
    654.4342        0.9497
    654.4383        0.9721
    654.4425        1.0122
    654.4466        1.0219
    654.4508        0.9994
    654.4549        0.9834
    654.4591        0.9683
    654.4632        0.9798
    654.4674        1.0247
    654.4715        1.0399
    654.4757        1.0231
    654.4798        1.0151
    654.4840        1.0204
    654.4881        1.0107
    654.4922        0.9826
    654.4964        0.9675
    654.5005        0.9628
    654.5047        0.9702
    654.5088        0.9903
    654.5130        1.0058
    654.5171        1.0180
    654.5213        1.0230
    654.5254        1.0212
    654.5296        1.0183
    654.5337        1.0130
    654.5379        1.0139
    654.5420        1.0199
    654.5461        1.0304
    654.5503        1.0484
    654.5544        1.0542
    654.5586        1.0478
    654.5627        1.0407
    654.5669        1.0325
    654.5710        1.0272
    654.5752        1.0236
    654.5793        1.0254
    654.5835        1.0367
    654.5876        1.0294
    654.5917        1.0009
    654.5959        0.9804
    654.6000        0.9671
    654.6042        0.9594
    654.6083        0.9548
    654.6125        0.9602
    654.6166        0.9755
    654.6208        0.9914
    654.6249        1.0093
    654.6291        1.0207
    654.6332        1.0272
    654.6374        1.0263
    654.6415        1.0160
    654.6456        1.0141
    654.6498        1.0192
    654.6539        1.0314
    654.6581        1.0571
    654.6622        1.0550
    654.6664        1.0217
    654.6705        1.0014
    654.6747        0.9924
    654.6788        0.9935
    654.6830        1.0022
    654.6871        1.0193
    654.6913        1.0508
    654.6954        1.0567
    654.6995        1.0372
    654.7037        1.0175
    654.7078        0.9952
    654.7120        0.9853
    654.7161        0.9848
    654.7203        0.9968
    654.7244        1.0242
    654.7286        1.0363
    654.7327        1.0320
    654.7369        1.0330
    654.7410        1.0434
    654.7451        1.0356
    654.7493        1.0058
    654.7534        0.9944
    654.7576        1.0054
    654.7617        0.9973
    654.7659        0.9650
    654.7700        0.9563
    654.7742        0.9692
    654.7783        0.9853
    654.7825        1.0040
    654.7866        1.0250
    654.7908        1.0524
    654.7949        1.0618
    654.7990        1.0549
    654.8032        1.0448
    654.8073        1.0286
    654.8115        1.0261
    654.8156        1.0383
    654.8198        1.0419
    654.8239        1.0386
    654.8281        1.0322
    654.8322        1.0259
    654.8364        1.0068
    654.8405        0.9743
    654.8446        0.9489
    654.8488        0.9267
    654.8529        0.9167
    654.8571        0.9125
    654.8612        0.9316
    654.8654        0.9801
    654.8695        0.9938
    654.8737        0.9737
    654.8778        0.9682
    654.8820        0.9798
    654.8861        0.9673
    654.8903        0.9236
    654.8944        0.9243
    654.8985        0.9678
    654.9027        0.9895
    654.9068        0.9929
    654.9110        1.0022
    654.9151        1.0185
    654.9193        1.0226
    654.9234        1.0158
    654.9276        1.0112
    654.9317        1.0065
    654.9359        1.0072
    654.9400        1.0144
    654.9442        1.0137
    654.9483        1.0077
    654.9524        0.9972
    654.9566        0.9778
    654.9607        0.9792
    654.9649        1.0013
    654.9690        1.0060
    654.9732        0.9955
    654.9773        0.9959
    654.9815        1.0032
    654.9856        1.0130
    654.9898        1.0264
    654.9939        1.0362
    654.9980        1.0464
    655.0022        1.0440
    655.0063        1.0289
    655.0105        1.0251
    655.0146        1.0327
    655.0188        1.0232
    655.0229        0.9977
    655.0271        0.9884
    655.0312        0.9913
    655.0354        0.9878
    655.0395        0.9802
    655.0437        0.9748
    655.0478        0.9689
    655.0519        0.9692
    655.0561        0.9710
    655.0602        0.9866
    655.0644        1.0140
    655.0685        1.0376
    655.0727        1.0660
    655.0768        1.0679
    655.0810        1.0491
    655.0851        1.0368
    655.0893        1.0223
    655.0934        1.0247
    655.0976        1.0411
    655.1017        1.0496
    655.1058        1.0598
    655.1100        1.0468
    655.1141        1.0098
    655.1183        1.0063
    655.1224        1.0268
    655.1266        1.0288
    655.1307        1.0188
    655.1349        1.0222
    655.1390        1.0391
    655.1432        1.0272
    655.1473        0.9895
    655.1514        0.9883
    655.1556        1.0116
    655.1597        1.0157
    655.1639        1.0110
    655.1680        1.0091
    655.1722        1.0054
    655.1763        1.0102
    655.1805        1.0215
    655.1846        1.0280
    655.1888        1.0372
    655.1929        1.0230
    655.1971        0.9897
    655.2012        0.9785
    655.2053        0.9804
    655.2095        0.9692
    655.2136        0.9463
    655.2178        0.9582
    655.2219        0.9968
    655.2261        0.9971
    655.2302        0.9768
    655.2344        0.9640
    655.2385        0.9501
    655.2427        0.9481
    655.2468        0.9546
    655.2509        0.9545
    655.2551        0.9536
    655.2592        0.9385
    655.2634        0.9112
    655.2675        0.9113
    655.2717        0.9274
    655.2758        0.9302
    655.2800        0.9265
    655.2841        0.9424
    655.2883        0.9722
    655.2924        0.9653
    655.2966        0.9361
    655.3007        0.9426
    655.3048        0.9668
    655.3090        0.9879
    655.3131        1.0114
    655.3173        1.0225
    655.3214        1.0272
    655.3256        1.0161
    655.3297        0.9936
    655.3339        0.9891
    655.3380        0.9926
    655.3422        1.0097
    655.3463        1.0363
    655.3505        1.0542
    655.3546        1.0688
    655.3587        1.0606
    655.3629        1.0389
    655.3670        1.0304
    655.3712        1.0264
    655.3753        1.0016
    655.3795        0.9672
    655.3836        0.9685
    655.3878        0.9871
    655.3919        0.9935
    655.3961        0.9962
    655.4002        0.9988
    655.4043        1.0016
    655.4085        1.0158
    655.4126        1.0337
    655.4168        1.0207
    655.4209        0.9947
    655.4251        0.9959
    655.4292        1.0074
    655.4334        1.0050
    655.4375        0.9988
    655.4417        1.0059
    655.4458        1.0189
    655.4500        1.0299
    655.4541        1.0389
    655.4582        1.0348
    655.4624        1.0229
    655.4665        1.0039
    655.4707        0.9800
    655.4748        0.9535
    655.4790        0.9318
    655.4831        0.9469
    655.4873        0.9761
    655.4914        0.9837
    655.4956        0.9866
    655.4997        1.0025
    655.5039        1.0235
    655.5080        1.0450
    655.5121        1.0645
    655.5163        1.0716
    655.5204        1.0724
    655.5246        1.0722
    655.5287        1.0674
    655.5329        1.0501
    655.5370        1.0317
    655.5412        1.0298
    655.5453        1.0345
    655.5495        1.0388
    655.5536        1.0463
    655.5577        1.0629
    655.5619        1.0743
    655.5660        1.0558
    655.5702        1.0337
    655.5743        1.0380
    655.5785        1.0459
    655.5826        1.0372
    655.5868        1.0233
    655.5909        1.0085
    655.5951        0.9996
    655.5992        1.0095
    655.6034        1.0233
    655.6075        1.0287
    655.6116        1.0317
    655.6158        1.0346
    655.6199        1.0365
    655.6241        1.0366
    655.6282        1.0378
    655.6324        1.0436
    655.6365        1.0499
    655.6407        1.0537
    655.6448        1.0603
    655.6490        1.0761
    655.6531        1.0865
    655.6572        1.0786
    655.6614        1.0734
    655.6655        1.0876
    655.6697        1.0935
    655.6738        1.0706
    655.6780        1.0532
    655.6821        1.0619
    655.6863        1.0680
    655.6904        1.0560
    655.6946        1.0462
    655.6987        1.0508
    655.7029        1.0452
    655.7070        1.0146
    655.7111        0.9893
    655.7153        0.9788
    655.7194        0.9847
    655.7236        1.0126
    655.7277        1.0338
    655.7319        1.0334
    655.7360        1.0421
    655.7402        1.0726
    655.7443        1.0977
    655.7485        1.1110
    655.7526        1.1145
    655.7568        1.1049
    655.7609        1.1034
    655.7650        1.1131
    655.7692        1.1380
    655.7733        1.1874
    655.7775        1.2075
    655.7816        1.1815
    655.7858        1.1705
    655.7899        1.1892
    655.7941        1.1969
    655.7982        1.1859
    655.8024        1.1777
    655.8065        1.1737
    655.8106        1.1770
    655.8148        1.1868
    655.8189        1.2024
    655.8231        1.2245
    655.8272        1.2425
    655.8314        1.2579
    655.8355        1.2637
    655.8397        1.2573
    655.8438        1.2615
    655.8480        1.2797
    655.8521        1.2853
    655.8563        1.2744
    655.8604        1.2783
    655.8645        1.2955
    655.8687        1.3171
    655.8728        1.3405
    655.8770        1.3732
    655.8811        1.4190
    655.8853        1.4449
    655.8894        1.4530
    655.8936        1.4629
    655.8977        1.4685
    655.9019        1.4963
    655.9060        1.5483
    655.9102        1.5752
    655.9143        1.5770
    655.9184        1.6068
    655.9226        1.6625
    655.9267        1.6936
    655.9309        1.7073
    655.9350        1.7258
    655.9392        1.7432
    655.9433        1.7722
    655.9475        1.8097
    655.9516        1.8475
    655.9558        1.8856
    655.9599        1.9287
    655.9640        1.9760
    655.9682        2.0206
    655.9723        2.0641
    655.9765        2.1078
    655.9806        2.1552
    655.9848        2.1827
    655.9889        2.1906
    655.9931        2.2346
    655.9972        2.3001
    656.0014        2.3587
    656.0055        2.4212
    656.0097        2.4568
    656.0138        2.4738
    656.0179        2.5039
    656.0221        2.5357
    656.0262        2.5960
    656.0304        2.6758
    656.0345        2.7413
    656.0387        2.8005
    656.0428        2.8800
    656.0470        2.9715
    656.0511        3.0422
    656.0553        3.1018
    656.0594        3.1962
    656.0635        3.3090
    656.0677        3.3985
    656.0718        3.4780
    656.0760        3.5656
    656.0801        3.6558
    656.0843        3.7431
    656.0884        3.8276
    656.0926        3.8825
    656.0967        3.9205
    656.1009        3.9529
    656.1050        3.9826
    656.1092        4.0472
    656.1133        4.1245
    656.1174        4.1658
    656.1216        4.1945
    656.1257        4.2457
    656.1299        4.3068
    656.1340        4.3726
    656.1382        4.4473
    656.1423        4.5510
    656.1465        4.6605
    656.1506        4.7264
    656.1548        4.7833
    656.1589        4.8832
    656.1631        4.9898
    656.1672        5.0564
    656.1713        5.1066
    656.1755        5.1509
    656.1796        5.2082
    656.1838        5.3278
    656.1879        5.4503
    656.1921        5.5006
    656.1962        5.5354
    656.2004        5.6049
    656.2045        5.6725
    656.2087        5.7122
    656.2128        5.7300
    656.2169        5.7165
    656.2211        5.7052
    656.2252        5.7378
    656.2294        5.7518
    656.2335        5.6864
    656.2377        5.6342
    656.2418        5.6650
    656.2460        5.7044
    656.2501        5.7085
    656.2543        5.7195
    656.2584        5.7635
    656.2626        5.7958
    656.2667        5.7898
    656.2708        5.7833
    656.2750        5.7939
    656.2791        5.8055
    656.2833        5.8223
    656.2874        5.8016
    656.2916        5.7148
    656.2957        5.6486
    656.2999        5.6419
    656.3040        5.6188
    656.3082        5.5576
    656.3123        5.4875
    656.3164        5.4221
    656.3206        5.3275
    656.3247        5.1948
    656.3289        5.0602
    656.3330        4.9225
    656.3372        4.8201
    656.3413        4.7620
    656.3455        4.6982
    656.3496        4.6178
    656.3538        4.5527
    656.3579        4.5068
    656.3621        4.4576
    656.3662        4.4056
    656.3703        4.3434
    656.3745        4.2672
    656.3786        4.2059
    656.3828        4.1627
    656.3869        4.1075
    656.3911        4.0463
    656.3952        3.9613
    656.3994        3.8540
    656.4035        3.7490
    656.4077        3.6418
    656.4118        3.5488
    656.4160        3.4668
    656.4201        3.3883
    656.4242        3.3086
    656.4284        3.2506
    656.4325        3.2124
    656.4367        3.1632
    656.4408        3.1099
    656.4450        3.0480
    656.4491        2.9775
    656.4533        2.9147
    656.4574        2.8583
    656.4616        2.7912
    656.4657        2.7147
    656.4698        2.6524
    656.4740        2.5976
    656.4781        2.5443
    656.4823        2.4967
    656.4864        2.4316
    656.4906        2.3540
    656.4947        2.2932
    656.4989        2.2402
    656.5030        2.1934
    656.5072        2.1525
    656.5113        2.1075
    656.5155        2.0599
    656.5196        2.0387
    656.5237        2.0342
    656.5279        1.9962
    656.5320        1.9418
    656.5362        1.8969
    656.5403        1.8549
    656.5445        1.8364
    656.5486        1.8303
    656.5528        1.7992
    656.5569        1.7580
    656.5611        1.7316
    656.5652        1.7100
    656.5694        1.6745
    656.5735        1.6357
    656.5776        1.6188
    656.5818        1.6105
    656.5859        1.5930
    656.5901        1.5720
    656.5942        1.5501
    656.5984        1.5259
    656.6025        1.4949
    656.6067        1.4630
    656.6108        1.4423
    656.6150        1.4223
    656.6191        1.3863
    656.6232        1.3517
    656.6274        1.3440
    656.6315        1.3377
    656.6357        1.3035
    656.6398        1.2646
    656.6440        1.2368
    656.6481        1.2221
    656.6523        1.2318
    656.6564        1.2441
    656.6606        1.2393
    656.6647        1.2314
    656.6689        1.2290
    656.6730        1.2214
    656.6771        1.1981
    656.6813        1.1820
    656.6854        1.1888
    656.6896        1.1972
    656.6937        1.1974
    656.6979        1.1961
    656.7020        1.1966
    656.7062        1.1924
    656.7103        1.1811
    656.7145        1.1677
    656.7186        1.1525
    656.7227        1.1428
    656.7269        1.1403
    656.7310        1.1416
    656.7352        1.1505
    656.7393        1.1403
    656.7435        1.0991
    656.7476        1.0796
    656.7518        1.0927
    656.7559        1.1019
    656.7601        1.1013
    656.7642        1.1047
    656.7684        1.1131
    656.7725        1.1214
    656.7766        1.1352
    656.7808        1.1237
    656.7849        1.0801
    656.7891        1.0670
    656.7932        1.0878
    656.7974        1.0876
    656.8015        1.0659
    656.8057        1.0574
    656.8098        1.0608
    656.8140        1.0583
    656.8181        1.0479
    656.8223        1.0549
    656.8264        1.0805
    656.8305        1.0812
    656.8347        1.0633
    656.8388        1.0534
    656.8430        1.0462
    656.8471        1.0415
    656.8513        1.0414
    656.8554        1.0305
    656.8596        1.0121
    656.8637        0.9984
    656.8679        0.9828
    656.8720        0.9884
    656.8761        1.0077
    656.8803        1.0256
    656.8844        1.0472
    656.8886        1.0500
    656.8927        1.0418
    656.8969        1.0344
    656.9010        1.0251
    656.9052        1.0226
    656.9093        1.0238
    656.9135        1.0102
    656.9176        0.9894
    656.9218        0.9852
    656.9259        0.9892
    656.9300        0.9974
    656.9342        1.0088
    656.9383        1.0141
    656.9425        1.0178
    656.9466        1.0311
    656.9508        1.0431
    656.9549        1.0192
    656.9591        0.9860
    656.9632        0.9907
    656.9674        1.0108
    656.9715        1.0312
    656.9757        1.0465
    656.9798        1.0341
    656.9839        1.0132
    656.9881        1.0030
    656.9922        0.9992
    656.9964        1.0054
    657.0005        1.0128
    657.0047        1.0110
    657.0088        1.0097
    657.0130        1.0170
    657.0171        1.0258
    657.0213        1.0332
    657.0254        1.0333
    657.0295        1.0178
    657.0337        1.0053
    657.0378        1.0071
    657.0420        1.0141
    657.0461        1.0241
    657.0503        1.0303
    657.0544        1.0270
    657.0586        1.0286
    657.0627        1.0444
    657.0669        1.0488
    657.0710        1.0315
    657.0752        1.0176
    657.0793        1.0104
    657.0834        1.0196
    657.0876        1.0550
    657.0917        1.0634
    657.0959        1.0306
    657.1000        1.0163
    657.1042        1.0304
    657.1083        1.0358
    657.1125        1.0277
    657.1166        1.0267
    657.1208        1.0349
    657.1249        1.0387
    657.1290        1.0397
    657.1332        1.0334
    657.1373        1.0163
    657.1415        1.0185
    657.1456        1.0421
    657.1498        1.0429
    657.1539        1.0240
    657.1581        1.0155
    657.1622        1.0118
    657.1664        1.0138
    657.1705        1.0203
    657.1747        1.0285
    657.1788        1.0432
    657.1829        1.0378
    657.1871        1.0209
    657.1912        0.9974
    657.1954        0.9626
    657.1995        0.9565
    657.2037        0.9684
    657.2078        0.9684
    657.2120        0.9646
    657.2161        0.9626
    657.2203        0.9604
    657.2244        0.9734
    657.2286        0.9957
    657.2327        0.9837
    657.2368        0.9545
    657.2410        0.9647
    657.2451        0.9917
    657.2493        0.9938
    657.2534        0.9865
    657.2576        0.9902
    657.2617        0.9987
    657.2659        1.0138
    657.2700        1.0295
    657.2742        1.0273
    657.2783        1.0159
    657.2824        0.9986
    657.2866        0.9854
    657.2907        1.0047
    657.2949        1.0324
    657.2990        1.0405
    657.3032        1.0438
    657.3073        1.0531
    657.3115        1.0596
    657.3156        1.0549
    657.3198        1.0458
    657.3239        1.0332
    657.3281        1.0306
    657.3322        1.0537
    657.3363        1.0779
    657.3405        1.0886
    657.3446        1.0890
    657.3488        1.0761
    657.3529        1.0643
    657.3571        1.0634
    657.3612        1.0559
    657.3654        1.0342
    657.3695        1.0131
    657.3737        0.9954
    657.3778        0.9865
    657.3820        0.9854
    657.3861        0.9984
    657.3902        1.0301
    657.3944        1.0498
    657.3985        1.0559
    657.4027        1.0467
    657.4068        1.0186
    657.4110        1.0064
    657.4151        1.0135
    657.4193        1.0157
    657.4234        1.0165
    657.4276        0.9991
    657.4317        0.9543
    657.4358        0.9570
    657.4400        1.0056
    657.4441        1.0313
    657.4483        1.0435
    657.4524        1.0461
    657.4566        1.0424
    657.4607        1.0288
    657.4649        1.0055
    657.4690        0.9887
    657.4732        0.9769
    657.4773        0.9560
    657.4815        0.9289
    657.4856        0.9073
    657.4897        0.8837
    657.4939        0.8914
    657.4980        0.9188
    657.5022        0.9494
    657.5063        0.9879
    657.5105        0.9907
    657.5146        0.9730
    657.5188        0.9855
    657.5229        1.0115
    657.5271        1.0312
    657.5312        1.0490
    657.5353        1.0568
    657.5395        1.0569
    657.5436        1.0377
    657.5478        1.0122
    657.5519        1.0180
    657.5561        1.0379
    657.5602        1.0583
    657.5644        1.0754
    657.5685        1.0667
    657.5727        1.0490
    657.5768        1.0405
    657.5810        1.0316
    657.5851        1.0128
    657.5892        0.9960
    657.5934        0.9940
    657.5975        0.9971
    657.6017        0.9991
    657.6058        1.0014
    657.6100        1.0043
    657.6141        1.0058
    657.6183        1.0042
    657.6224        1.0028
    657.6266        1.0016
    657.6307        1.0065
    657.6349        1.0224
    657.6390        1.0334
    657.6431        1.0358
    657.6473        1.0275
    657.6514        1.0055
    657.6556        0.9895
    657.6597        0.9844
    657.6639        0.9802
    657.6680        0.9732
    657.6722        0.9752
    657.6763        0.9918
    657.6805        0.9902
    657.6846        0.9650
    657.6887        0.9549
    657.6929        0.9600
    657.6970        0.9686
    657.7012        0.9801
    657.7053        0.9928
    657.7095        1.0087
    657.7136        1.0145
    657.7178        1.0137
    657.7219        1.0066
    657.7261        0.9899
    657.7302        0.9914
    657.7344        1.0086
    657.7385        1.0076
    657.7426        0.9930
    657.7468        0.9999
    657.7509        1.0242
    657.7551        1.0091
    657.7592        0.9700
    657.7634        0.9486
    657.7675        0.9310
    657.7717        0.9620
    657.7758        1.0240
    657.7800        1.0221
    657.7841        0.9901
    657.7883        0.9896
    657.7924        1.0007
    657.7965        1.0070
    657.8007        1.0124
    657.8048        1.0130
    657.8090        1.0116
    657.8131        1.0146
    657.8173        1.0153
    657.8214        0.9974
    657.8256        0.9798
    657.8297        0.9965
    657.8339        1.0207
    657.8380        1.0216
    657.8421        1.0208
    657.8463        1.0405
    657.8504        1.0537
    657.8546        1.0321
    657.8587        1.0128
    657.8629        1.0274
    657.8670        1.0357
    657.8712        1.0092
    657.8753        0.9883
    657.8795        0.9932
    657.8836        1.0062
    657.8878        1.0234
    657.8919        1.0350
    657.8960        1.0369
    657.9002        1.0356
    657.9043        1.0329
    657.9085        1.0286
    657.9126        1.0199
    657.9168        1.0251
    657.9209        1.0524
    657.9251        1.0579
    657.9292        1.0343
    657.9334        1.0243
    657.9375        1.0296
    657.9416        1.0348
    657.9458        1.0401
    657.9499        1.0448
    657.9541        1.0488
    657.9582        1.0536
    657.9624        1.0619
    657.9665        1.0572
    657.9707        1.0406
    657.9748        1.0344
    657.9790        1.0306
    657.9831        1.0419
    657.9873        1.0651
    657.9914        1.0838
    657.9955        1.1078
    657.9997        1.0866
    658.0038        1.0342
    658.0080        1.0209
    658.0121        1.0259
    658.0163        1.0265
    658.0204        1.0282
    658.0246        1.0345
    658.0287        1.0420
    658.0329        1.0207
    658.0370        0.9870
    658.0412        0.9789
    658.0453        0.9841
    658.0494        1.0043
    658.0536        1.0302
    658.0577        1.0389
    658.0619        1.0381
    658.0660        1.0274
    658.0702        1.0148
    658.0743        1.0157
    658.0785        1.0160
    658.0826        1.0008
    658.0868        0.9855
    658.0909        0.9836
    658.0950        0.9844
    658.0992        0.9811
    658.1033        0.9796
    658.1075        0.9836
    658.1116        0.9860
    658.1158        0.9821
    658.1199        0.9810
    658.1241        0.9879
    658.1282        0.9894
    658.1324        0.9782
    658.1365        0.9767
    658.1407        0.9943
    658.1448        0.9975
    658.1489        0.9749
    658.1531        0.9735
    658.1572        1.0002
    658.1614        1.0185
    658.1655        1.0308
    658.1697        1.0242
    658.1738        0.9947
    658.1780        0.9875
    658.1821        1.0031
    658.1863        1.0008
    658.1904        0.9803
    658.1946        0.9822
    658.1987        1.0035
    658.2028        1.0070
    658.2070        1.0001
    658.2111        0.9955
    658.2153        0.9900
    658.2194        0.9881
    658.2236        0.9898
    658.2277        0.9781
    658.2319        0.9578
    658.2360        0.9474
    658.2402        0.9412
    658.2443        0.9516
    658.2484        0.9723
    658.2526        0.9840
    658.2567        0.9933
    658.2609        1.0096
    658.2650        1.0240
    658.2692        0.9990
    658.2733        0.9638
    658.2775        0.9790
    658.2816        1.0094
    658.2858        1.0144
    658.2899        1.0123
    658.2941        1.0157
    658.2982        1.0180
    658.3023        1.0143
    658.3065        1.0066
    658.3106        0.9928
    658.3148        0.9852
    658.3189        0.9979
    658.3231        1.0063
    658.3272        0.9936
    658.3314        0.9825
    658.3355        0.9837
    658.3397        0.9877
    658.3438        0.9928
    658.3479        0.9932
    658.3521        0.9845
    658.3562        0.9823
    658.3604        0.9923
    658.3645        0.9951
    658.3687        0.9858
    658.3728        0.9847
    658.3770        0.9944
    658.3811        0.9999
    658.3853        0.9986
    658.3894        1.0058
    658.3936        1.0204
    658.3977        1.0353
    658.4018        1.0593
    658.4060        1.0451
    658.4101        0.9898
    658.4143        0.9882
    658.4184        1.0278
    658.4226        1.0344
    658.4267        1.0242
    658.4309        1.0197
    658.4350        1.0157
    658.4392        1.0115
    658.4433        1.0069
    658.4475        1.0027
    658.4516        0.9982
    658.4557        1.0109
    658.4599        1.0330
    658.4640        1.0437
    658.4682        1.0477
    658.4723        1.0274
    658.4765        0.9992
    658.4806        1.0097
    658.4848        1.0354
    658.4889        1.0498
    658.4931        1.0590
    658.4972        1.0590
    658.5013        1.0549
    658.5055        1.0539
    658.5096        1.0501
    658.5138        1.0367
    658.5179        1.0255
    658.5221        1.0294
    658.5262        1.0296
    658.5304        1.0103
    658.5345        0.9964
    658.5387        0.9997
    658.5428        1.0114
    658.5470        1.0320
    658.5511        1.0432
    658.5552        1.0398
    658.5594        1.0268
    658.5635        1.0040
    658.5677        0.9869
    658.5718        0.9766
    658.5760        0.9759
    658.5801        0.9886
    658.5843        0.9863
    658.5884        0.9619
    658.5926        0.9677
    658.5967        1.0068
    658.6009        1.0211
    658.6050        1.0194
    658.6091        1.0037
    658.6133        0.9691
    658.6174        0.9657
    658.6216        0.9863
    658.6257        0.9884
    658.6299        0.9795
    658.6340        0.9851
    658.6382        0.9982
    658.6423        1.0112
    658.6465        1.0268
    658.6506        1.0144
    658.6547        0.9856
    658.6589        0.9617
    658.6630        0.9390
    658.6672        0.9371
    658.6713        0.9473
    658.6755        0.9651
    658.6796        0.9840
    658.6838        0.9751
    658.6879        0.9624
    658.6921        0.9883
    658.6962        1.0211
    658.7004        1.0249
    658.7045        1.0180
    658.7086        1.0094
    658.7128        1.0035
    658.7169        1.0068
    658.7211        1.0192
    658.7252        1.0486
    658.7294        1.0611
    658.7335        1.0323
    658.7377        1.0029
    658.7418        0.9895
    658.7460        0.9832
    658.7501        0.9826
    658.7542        0.9824
    658.7584        0.9777
    658.7625        0.9854
    658.7667        1.0089
    658.7708        1.0283
    658.7750        1.0468
    658.7791        1.0427
    658.7833        1.0158
    658.7874        0.9919
    658.7916        0.9647
    658.7957        0.9627
    658.7999        0.9837
    658.8040        0.9925
    658.8081        0.9915
    658.8123        1.0025
    658.8164        1.0240
    658.8206        1.0278
    658.8247        1.0219
    658.8289        1.0140
    658.8330        1.0014
    658.8372        1.0082
    658.8413        1.0264
    658.8455        1.0351
    658.8496        1.0399
    658.8538        1.0268
    658.8579        1.0043
    658.8620        0.9922
    658.8662        0.9880
    658.8703        1.0112
    658.8745        1.0418
    658.8786        1.0400
    658.8828        1.0275
    658.8869        1.0248
    658.8911        1.0202
    658.8952        1.0025
    658.8994        0.9865
    658.9035        0.9842
    658.9076        0.9925
    658.9118        1.0160
    658.9159        1.0307
    658.9201        1.0167
    658.9242        1.0090
    658.9284        1.0258
    658.9325        1.0367
    658.9367        1.0334
    658.9408        1.0242
    658.9450        1.0098
    658.9491        0.9989
    658.9533        0.9859
    658.9574        1.0039
    658.9615        1.0672
    658.9657        1.0741
    658.9698        1.0189
    658.9740        0.9934
    658.9781        0.9888
    658.9823        1.0030
    658.9864        1.0396
    658.9906        1.0494
    658.9947        1.0419
    658.9989        1.0358
    659.0030        1.0256
    659.0071        1.0302
    659.0113        1.0462
    659.0154        1.0394
    659.0196        1.0188
    659.0237        1.0314
    659.0279        1.0609
    659.0320        1.0578
    659.0362        1.0390
    659.0403        1.0161
    659.0445        0.9931
    659.0486        1.0040
    659.0528        1.0302
    659.0569        1.0520
    659.0610        1.0672
    659.0652        1.0570
    659.0693        1.0363
    659.0735        1.0178
    659.0776        1.0033
    659.0818        0.9997
    659.0859        1.0012
    659.0901        1.0050
    659.0942        1.0082
    659.0984        1.0094
    659.1025        1.0049
    659.1067        0.9900
    659.1108        0.9821
    659.1149        0.9861
    659.1191        0.9958
    659.1232        1.0137
    659.1274        1.0171
    659.1315        1.0012
    659.1357        0.9904
    659.1398        0.9837
    659.1440        0.9902
    659.1481        1.0131
    659.1523        1.0190
    659.1564        1.0119
    659.1605        1.0005
    659.1647        0.9803
    659.1688        0.9794
    659.1730        0.9935
    659.1771        0.9977
    659.1813        0.9977
    659.1854        0.9983
    659.1896        0.9979
    659.1937        1.0019
    659.1979        1.0086
    659.2020        1.0135
    659.2062        1.0183
    659.2103        1.0339
    659.2144        1.0525
    659.2186        1.0470
    659.2227        1.0300
    659.2269        1.0134
    659.2310        1.0022
    659.2352        1.0213
    659.2393        1.0464
    659.2435        1.0460
    659.2476        1.0411
    659.2518        1.0500
    659.2559        1.0552
    659.2601        1.0427
    659.2642        1.0292
    659.2683        1.0253
    659.2725        1.0180
    659.2766        0.9996
    659.2808        0.9857
    659.2849        0.9805
    659.2891        0.9806
    659.2932        0.9839
    659.2974        0.9932
    659.3015        1.0139
    659.3057        1.0124
    659.3098        0.9807
    659.3139        0.9743
    659.3181        0.9965
    659.3222        1.0025
    659.3264        0.9904
    659.3305        0.9991
    659.3347        1.0320
    659.3388        1.0237
    659.3430        0.9800
    659.3471        0.9791
    659.3513        1.0022
    659.3554        1.0161
    659.3596        1.0285
    659.3637        1.0502
    659.3678        1.0773
    659.3720        1.0755
    659.3761        1.0582
    659.3803        1.0435
    659.3844        1.0279
    659.3886        1.0175
    659.3927        1.0110
    659.3969        1.0105
    659.4010        1.0148
    659.4052        1.0257
    659.4093        1.0352
    659.4134        1.0314
    659.4176        1.0206
    659.4217        1.0032
    659.4259        0.9922
    659.4300        1.0019
    659.4342        1.0061
    659.4383        0.9856
    659.4425        0.9781
    659.4466        1.0053
    659.4508        1.0118
    659.4549        0.9722
    659.4591        0.9657
    659.4632        1.0124
    659.4673        1.0416
    659.4715        1.0501
    659.4756        1.0385
    659.4798        1.0042
    659.4839        0.9891
    659.4881        0.9904
    659.4922        0.9914
    659.4964        0.9903
    659.5005        1.0005
    659.5047        1.0207
    659.5088        1.0331
    659.5130        1.0448
    659.5171        1.0373
    659.5212        1.0154
    659.5254        1.0150
    659.5295        1.0254
    659.5337        1.0115
    659.5378        0.9870
    659.5420        0.9869
    659.5461        0.9980
    659.5503        1.0063
    659.5544        1.0161
    659.5586        1.0334
    659.5627        1.0462
    659.5668        1.0300
    659.5710        1.0045
    659.5751        0.9858
    659.5793        0.9779
    659.5834        0.9933
    659.5876        1.0100
    659.5917        1.0113
    659.5959        1.0131
    659.6000        1.0244
    659.6042        1.0289
    659.6083        1.0192
    659.6125        1.0122
    659.6166        1.0099
    659.6207        1.0192
    659.6249        1.0509
    659.6290        1.0425
    659.6332        0.9832
    659.6373        0.9557
    659.6415        0.9586
    659.6456        0.9655
    659.6498        0.9781
    659.6539        0.9840
    659.6581        0.9848
    659.6622        0.9874
    659.6664        0.9894
    659.6705        0.9983
    659.6746        1.0135
    659.6788        1.0136
    659.6829        1.0048
    659.6871        1.0126
    659.6912        1.0281
    659.6954        1.0350
    659.6995        1.0373
    659.7037        1.0304
    659.7078        1.0193
    659.7120        1.0163
    659.7161        1.0140
    659.7202        1.0023
    659.7244        0.9886
    659.7285        0.9781
    659.7327        0.9756
    659.7368        0.9892
    659.7410        1.0092
    659.7451        1.0324
    659.7493        1.0437
    659.7534        1.0304
    659.7576        1.0223
    659.7617        1.0316
    659.7659        1.0445
    659.7700        1.0627
    659.7741        1.0604
    659.7783        1.0313
    659.7824        1.0094
    659.7866        1.0018
    659.7907        0.9761
    659.7949        0.9221
    659.7990        0.9151
    659.8032        0.9547
    659.8073        0.9582
    659.8115        0.9304
    659.8156        0.9372
    659.8197        0.9651
    659.8239        0.9846
    659.8280        1.0041
    659.8322        1.0089
    659.8363        1.0043
    659.8405        1.0024
    659.8446        1.0009
    659.8488        1.0134
    659.8529        1.0307
    659.8571        1.0259
    659.8612        1.0119
    659.8654        1.0007
    659.8695        0.9950
    659.8736        1.0099
    659.8778        1.0287
    659.8819        1.0357
    659.8861        1.0282
    659.8902        0.9924
    659.8944        0.9661
    659.8985        0.9801
    659.9027        0.9917
    659.9068        0.9789
    659.9110        0.9700
    659.9151        0.9741
    659.9193        0.9776
    659.9234        0.9763
    659.9275        0.9808
    659.9317        0.9987
    659.9358        0.9890
    659.9400        0.9414
    659.9441        0.9377
    659.9483        0.9769
    659.9524        0.9974
    659.9566        1.0088
    659.9607        1.0064
    659.9649        0.9914
    659.9690        0.9861
    659.9731        0.9848
    659.9773        0.9874
    659.9814        0.9935
    659.9856        0.9939
    659.9897        0.9913
    659.9939        0.9779
    659.9980        0.9597
    660.0022        0.9559
    660.0063        0.9629
    660.0105        0.9939
    660.0146        1.0310
    660.0188        1.0424
    660.0229        1.0434
    660.0270        1.0461
    660.0312        1.0363
    660.0353        0.9943
    660.0395        0.9657
    660.0436        0.9872
    660.0478        1.0097
    660.0519        1.0103
    660.0561        1.0066
    660.0602        1.0021
    660.0644        1.0013
    660.0685        1.0050
    660.0727        1.0128
    660.0768        1.0284
    660.0809        1.0274
    660.0851        1.0079
    660.0892        0.9969
    660.0934        0.9949
    660.0975        0.9859
    660.1017        0.9632
    660.1058        0.9777
    660.1100        1.0196
    660.1141        1.0473
    660.1183        1.0732
    660.1224        1.0753
    660.1265        1.0620
    660.1307        1.0413
    660.1348        1.0141
    660.1390        1.0049
    660.1431        1.0045
    660.1473        1.0056
    660.1514        1.0065
    660.1556        0.9944
    660.1597        0.9808
    660.1639        0.9790
    660.1680        0.9901
    660.1722        1.0273
    660.1763        1.0589
    660.1804        1.0566
    660.1846        1.0411
    660.1887        1.0193
    660.1929        1.0056
    660.1970        1.0102
    660.2012        1.0137
    660.2053        1.0113
    660.2095        1.0044
    660.2136        0.9924
    660.2178        0.9816
    660.2219        0.9680
    660.2260        0.9749
    660.2302        1.0013
    660.2343        1.0258
    660.2385        1.0579
    660.2426        1.0532
    660.2468        1.0159
    660.2509        1.0080
    660.2551        1.0169
    660.2592        1.0147
    660.2634        1.0085
    660.2675        1.0039
    660.2717        0.9998
    660.2758        0.9955
    660.2799        0.9919
    660.2841        0.9946
    660.2882        1.0013
    660.2924        1.0111
    660.2965        1.0181
    660.3007        1.0070
    660.3048        0.9891
    660.3090        0.9721
    660.3131        0.9634
    660.3173        0.9746
    660.3214        0.9917
    660.3256        1.0054
    660.3297        1.0218
    660.3338        1.0461
    660.3380        1.0560
    660.3421        1.0440
    660.3463        1.0302
    660.3504        1.0190
    660.3546        1.0078
    660.3587        0.9926
    660.3629        0.9944
    660.3670        1.0153
    660.3712        1.0213
    660.3753        1.0098
    660.3794        1.0236
    660.3836        1.0614
    660.3877        1.0681
    660.3919        1.0562
    660.3960        1.0524
    660.4002        1.0502
    660.4043        1.0421
    660.4085        1.0305
    660.4126        1.0197
    660.4168        1.0089
    660.4209        0.9987
    660.4251        0.9910
    660.4292        0.9947
    660.4333        1.0051
    660.4375        1.0218
    660.4416        1.0319
    660.4458        1.0166
    660.4499        0.9873
    660.4541        0.9437
    660.4582        0.9183
    660.4624        0.9362
    660.4665        0.9602
    660.4707        0.9787
    660.4748        0.9791
    660.4790        0.9525
    660.4831        0.9400
    660.4872        0.9450
    660.4914        0.9671
    660.4955        1.0156
    660.4997        1.0178
    660.5038        0.9669
    660.5080        0.9661
    660.5121        1.0086
    660.5163        1.0222
    660.5204        1.0181
    660.5246        1.0243
    660.5287        1.0346
    660.5328        1.0426
    660.5370        1.0501
    660.5411        1.0419
    660.5453        1.0239
    660.5494        0.9990
    660.5536        0.9709
    660.5577        0.9569
    660.5619        0.9515
    660.5660        0.9542
    660.5702        0.9651
    660.5743        0.9866
    660.5785        1.0073
    660.5826        1.0154
    660.5867        1.0136
    660.5909        0.9989
    660.5950        0.9915
    660.5992        1.0058
    660.6033        1.0133
    660.6075        1.0050
    660.6116        0.9931
    660.6158        0.9756
    660.6199        0.9758
    660.6241        0.9951
    660.6282        1.0143
    660.6323        1.0374
    660.6365        1.0394
    660.6406        1.0205
    660.6448        1.0190
    660.6489        1.0322
    660.6531        1.0269
    660.6572        1.0110
    660.6614        0.9993
    660.6655        0.9882
    660.6697        0.9767
    660.6738        0.9658
    660.6780        0.9708
    660.6821        0.9830
    660.6862        0.9828
    660.6904        0.9803
    660.6945        0.9922
    660.6987        0.9993
    660.7028        0.9690
    660.7070        0.9426
    660.7111        0.9646
    660.7153        0.9860
    660.7194        0.9731
    660.7236        0.9604
    660.7277        0.9599
    660.7319        0.9738
    660.7360        1.0100
    660.7401        1.0229
    660.7443        1.0022
    660.7484        0.9842
    660.7526        0.9712
    660.7567        0.9676
    660.7609        0.9673
    660.7650        0.9913
    660.7692        1.0481
    660.7733        1.0463
    660.7775        0.9997
    660.7816        0.9839
    660.7857        0.9798
    660.7899        0.9913
    660.7940        1.0154
    660.7982        1.0244
    660.8023        1.0265
    660.8065        1.0206
    660.8106        1.0111
    660.8148        1.0140
    660.8189        1.0194
    660.8231        1.0121
    660.8272        1.0049
    660.8314        1.0146
    660.8355        1.0218
    660.8396        1.0082
    660.8438        0.9931
    660.8479        0.9878
    660.8521        0.9831
    660.8562        0.9728
    660.8604        0.9757
    660.8645        0.9994
    660.8687        1.0139
    660.8728        1.0151
    660.8770        1.0109
    660.8811        1.0024
    660.8853        0.9947
    660.8894        0.9886
    660.8935        0.9801
    660.8977        0.9657
    660.9018        0.9698
    660.9060        0.9878
    660.9101        0.9960
    660.9143        1.0012
    660.9184        0.9927
    660.9226        0.9761
    660.9267        0.9914
    660.9309        1.0196
    660.9350        1.0169
    660.9391        1.0008
    660.9433        0.9816
    660.9474        0.9682
    660.9516        0.9862
    660.9557        1.0090
    660.9599        1.0116
    660.9640        1.0077
    660.9682        1.0043
    660.9723        0.9961
    660.9765        0.9793
    660.9806        0.9699
    660.9848        0.9729
    660.9889        0.9801
    660.9930        0.9894
    660.9972        0.9985
    661.0013        1.0102
    661.0055        1.0071
    661.0096        0.9866
    661.0138        0.9849
    661.0179        1.0022
    661.0221        0.9968
    661.0262        0.9721
    661.0304        0.9778
    661.0345        1.0003
    661.0386        1.0225
    661.0428        1.0478
    661.0469        1.0407
    661.0511        1.0171
    661.0552        1.0067
    661.0594        1.0019
    661.0635        1.0065
    661.0677        1.0159
    661.0718        1.0246
    661.0760        1.0291
    661.0801        1.0229
    661.0843        1.0098
    661.0884        0.9896
    661.0925        0.9751
    661.0967        0.9745
    661.1008        0.9769
    661.1050        0.9783
    661.1091        0.9816
    661.1133        0.9862
    661.1174        0.9952
    661.1216        1.0131
    661.1257        1.0113
    661.1299        0.9883
    661.1340        0.9798
    661.1382        0.9820
    661.1423        0.9832
    661.1464        0.9862
    661.1506        0.9819
    661.1547        0.9733
    661.1589        0.9627
    661.1630        0.9504
    661.1672        0.9602
    661.1713        0.9792
    661.1755        0.9676
    661.1796        0.9466
    661.1838        0.9484
    661.1879        0.9571
    661.1920        0.9591
    661.1962        0.9591
    661.2003        0.9581
    661.2045        0.9561
    661.2086        0.9531
    661.2128        0.9508
    661.2169        0.9478
    661.2211        0.9542
    661.2252        0.9740
    661.2294        0.9935
    661.2335        1.0147
    661.2377        1.0153
    661.2418        0.9965
    661.2459        0.9715
    661.2501        0.9322
    661.2542        0.9334
    661.2584        0.9732
    661.2625        0.9735
    661.2667        0.9483
    661.2708        0.9482
    661.2750        0.9597
    661.2791        0.9641
    661.2833        0.9664
    661.2874        0.9705
    661.2915        0.9759
    661.2957        0.9883
    661.2998        1.0002
    661.3040        0.9942
    661.3081        0.9846
    661.3123        0.9868
    661.3164        0.9922
    661.3206        0.9985
    661.3247        0.9953
    661.3289        0.9693
    661.3330        0.9587
    661.3372        0.9805
    661.3413        1.0038
    661.3454        1.0244
    661.3496        1.0293
    661.3537        1.0196
    661.3579        1.0023
    661.3620        0.9754
    661.3662        0.9636
    661.3703        0.9601
    661.3745        0.9715
    661.3786        0.9941
    661.3828        1.0189
    661.3869        1.0494
    661.3911        1.0518
    661.3952        1.0378
    661.3993        1.0383
    661.4035        1.0426
    661.4076        1.0345
    661.4118        1.0200
    661.4159        1.0006
    661.4201        0.9843
    661.4242        0.9898
    661.4284        0.9968
    661.4325        0.9841
    661.4367        0.9750
    661.4408        0.9858
    661.4449        0.9953
    661.4491        0.9936
    661.4532        0.9928
    661.4574        0.9914
    661.4615        1.0084
    661.4657        1.0530
    661.4698        1.0683
    661.4740        1.0531
    661.4781        1.0405
    661.4823        1.0303
    661.4864        1.0177
    661.4906        1.0005
    661.4947        0.9985
    661.4988        1.0063
    661.5030        1.0119
    661.5071        1.0182
    661.5113        1.0027
    661.5154        0.9773
    661.5196        0.9755
    661.5237        0.9868
    661.5279        1.0150
    661.5320        1.0405
    661.5362        1.0231
    661.5403        0.9994
    661.5445        1.0036
    661.5486        1.0092
    661.5527        1.0006
    661.5569        0.9930
    661.5610        0.9926
    661.5652        0.9920
    661.5693        0.9874
    661.5735        0.9898
    661.5776        1.0055
    661.5818        1.0010
    661.5859        0.9679
    661.5901        0.0000
    661.5942        0.0000
    661.5983        0.0000
