    650.3235        1.0073
    650.3277        1.0054
    650.3318        1.0017
    650.3359        0.9979
    650.3401        0.9962
    650.3442        0.9974
    650.3484        1.0010
    650.3525        1.0060
    650.3567        1.0120
    650.3608        1.0183
    650.3650        1.0238
    650.3691        1.0268
    650.3733        1.0259
    650.3774        1.0201
    650.3815        1.0102
    650.3857        0.9992
    650.3898        0.9913
    650.3940        0.9886
    650.3981        0.9902
    650.4023        0.9941
    650.4064        0.9983
    650.4106        1.0022
    650.4147        1.0055
    650.4189        1.0081
    650.4230        1.0103
    650.4272        1.0115
    650.4313        1.0108
    650.4354        1.0071
    650.4396        1.0001
    650.4437        0.9899
    650.4479        0.9784
    650.4520        0.9686
    650.4562        0.9643
    650.4603        0.9681
    650.4645        0.9792
    650.4686        0.9944
    650.4728        1.0101
    650.4769        1.0240
    650.4811        1.0353
    650.4852        1.0438
    650.4893        1.0498
    650.4935        1.0532
    650.4976        1.0548
    650.5018        1.0550
    650.5059        1.0545
    650.5101        1.0537
    650.5142        1.0534
    650.5184        1.0551
    650.5225        1.0604
    650.5267        1.0688
    650.5308        1.0775
    650.5349        1.0828
    650.5391        1.0832
    650.5432        1.0797
    650.5474        1.0742
    650.5515        1.0679
    650.5557        1.0609
    650.5598        1.0534
    650.5640        1.0452
    650.5681        1.0367
    650.5723        1.0288
    650.5764        1.0225
    650.5806        1.0185
    650.5847        1.0159
    650.5888        1.0137
    650.5930        1.0113
    650.5971        1.0093
    650.6013        1.0092
    650.6054        1.0118
    650.6096        1.0167
    650.6137        1.0233
    650.6179        1.0311
    650.6220        1.0397
    650.6262        1.0480
    650.6303        1.0539
    650.6344        1.0550
    650.6386        1.0501
    650.6427        1.0401
    650.6469        1.0285
    650.6510        1.0198
    650.6552        1.0168
    650.6593        1.0190
    650.6635        1.0241
    650.6676        1.0297
    650.6718        1.0336
    650.6759        1.0337
    650.6801        1.0292
    650.6842        1.0215
    650.6883        1.0142
    650.6925        1.0110
    650.6966        1.0137
    650.7008        1.0210
    650.7049        1.0300
    650.7091        1.0371
    650.7132        1.0405
    650.7174        1.0394
    650.7215        1.0349
    650.7257        1.0289
    650.7298        1.0234
    650.7340        1.0194
    650.7381        1.0161
    650.7422        1.0115
    650.7464        1.0049
    650.7505        0.9977
    650.7547        0.9927
    650.7588        0.9909
    650.7630        0.9911
    650.7671        0.9915
    650.7713        0.9913
    650.7754        0.9913
    650.7796        0.9925
    650.7837        0.9955
    650.7878        0.9999
    650.7920        1.0051
    650.7961        1.0109
    650.8003        1.0175
    650.8044        1.0250
    650.8086        1.0318
    650.8127        1.0358
    650.8169        1.0353
    650.8210        1.0305
    650.8252        1.0226
    650.8293        1.0132
    650.8335        1.0034
    650.8376        0.9941
    650.8417        0.9861
    650.8459        0.9796
    650.8500        0.9741
    650.8542        0.9695
    650.8583        0.9667
    650.8625        0.9672
    650.8666        0.9722
    650.8708        0.9808
    650.8749        0.9906
    650.8791        0.9992
    650.8832        1.0057
    650.8874        1.0110
    650.8915        1.0166
    650.8956        1.0235
    650.8998        1.0312
    650.9039        1.0378
    650.9081        1.0408
    650.9122        1.0393
    650.9164        1.0347
    650.9205        1.0296
    650.9247        1.0258
    650.9288        1.0235
    650.9330        1.0220
    650.9371        1.0215
    650.9412        1.0230
    650.9454        1.0269
    650.9495        1.0319
    650.9537        1.0355
    650.9578        1.0355
    650.9620        1.0319
    650.9661        1.0265
    650.9703        1.0230
    650.9744        1.0245
    650.9786        1.0322
    650.9827        1.0441
    650.9869        1.0559
    650.9910        1.0643
    650.9951        1.0680
    650.9993        1.0680
    651.0034        1.0659
    651.0076        1.0632
    651.0117        1.0612
    651.0159        1.0605
    651.0200        1.0594
    651.0242        1.0553
    651.0283        1.0471
    651.0325        1.0368
    651.0366        1.0287
    651.0407        1.0257
    651.0449        1.0277
    651.0490        1.0321
    651.0532        1.0361
    651.0573        1.0382
    651.0615        1.0382
    651.0656        1.0363
    651.0698        1.0335
    651.0739        1.0313
    651.0781        1.0313
    651.0822        1.0338
    651.0864        1.0384
    651.0905        1.0437
    651.0946        1.0484
    651.0988        1.0517
    651.1029        1.0529
    651.1071        1.0525
    651.1112        1.0515
    651.1154        1.0515
    651.1195        1.0536
    651.1237        1.0570
    651.1278        1.0605
    651.1320        1.0632
    651.1361        1.0646
    651.1403        1.0643
    651.1444        1.0623
    651.1485        1.0584
    651.1527        1.0528
    651.1568        1.0461
    651.1610        1.0383
    651.1651        1.0294
    651.1693        1.0191
    651.1734        1.0075
    651.1776        0.9953
    651.1817        0.9832
    651.1859        0.9718
    651.1900        0.9615
    651.1941        0.9534
    651.1983        0.9489
    651.2024        0.9483
    651.2066        0.9504
    651.2107        0.9531
    651.2149        0.9546
    651.2190        0.9548
    651.2232        0.9545
    651.2273        0.9552
    651.2315        0.9588
    651.2356        0.9670
    651.2398        0.9802
    651.2439        0.9971
    651.2480        1.0149
    651.2522        1.0306
    651.2563        1.0416
    651.2605        1.0472
    651.2646        1.0478
    651.2688        1.0448
    651.2729        1.0391
    651.2771        1.0318
    651.2812        1.0243
    651.2854        1.0185
    651.2895        1.0164
    651.2937        1.0190
    651.2978        1.0254
    651.3019        1.0333
    651.3061        1.0405
    651.3102        1.0455
    651.3144        1.0481
    651.3185        1.0487
    651.3227        1.0477
    651.3268        1.0458
    651.3310        1.0434
    651.3351        1.0411
    651.3393        1.0397
    651.3434        1.0397
    651.3475        1.0416
    651.3517        1.0453
    651.3558        1.0499
    651.3600        1.0537
    651.3641        1.0552
    651.3683        1.0538
    651.3724        1.0504
    651.3766        1.0464
    651.3807        1.0432
    651.3849        1.0408
    651.3890        1.0380
    651.3932        1.0331
    651.3973        1.0256
    651.4014        1.0168
    651.4056        1.0087
    651.4097        1.0022
    651.4139        0.9970
    651.4180        0.9918
    651.4222        0.9853
    651.4263        0.9772
    651.4305        0.9678
    651.4346        0.9583
    651.4388        0.9493
    651.4429        0.9403
    651.4470        0.9300
    651.4512        0.9173
    651.4553        0.9027
    651.4595        0.8888
    651.4636        0.8789
    651.4678        0.8753
    651.4719        0.8784
    651.4761        0.8873
    651.4802        0.9002
    651.4844        0.9160
    651.4885        0.9328
    651.4927        0.9481
    651.4968        0.9591
    651.5009        0.9644
    651.5051        0.9653
    651.5092        0.9647
    651.5134        0.9653
    651.5175        0.9677
    651.5217        0.9712
    651.5258        0.9751
    651.5300        0.9788
    651.5341        0.9815
    651.5383        0.9824
    651.5424        0.9818
    651.5466        0.9809
    651.5507        0.9819
    651.5548        0.9854
    651.5590        0.9901
    651.5631        0.9939
    651.5673        0.9949
    651.5714        0.9923
    651.5756        0.9864
    651.5797        0.9789
    651.5839        0.9730
    651.5880        0.9719
    651.5922        0.9768
    651.5963        0.9852
    651.6004        0.9924
    651.6046        0.9940
    651.6087        0.9881
    651.6129        0.9759
    651.6170        0.9601
    651.6212        0.9426
    651.6253        0.9238
    651.6295        0.9025
    651.6336        0.8777
    651.6378        0.8501
    651.6419        0.8215
    651.6461        0.7946
    651.6502        0.7724
    651.6543        0.7575
    651.6585        0.7518
    651.6626        0.7555
    651.6668        0.7677
    651.6709        0.7867
    651.6751        0.8104
    651.6792        0.8366
    651.6834        0.8629
    651.6875        0.8860
    651.6917        0.9031
    651.6958        0.9121
    651.6999        0.9135
    651.7041        0.9114
    651.7082        0.9121
    651.7124        0.9215
    651.7165        0.9416
    651.7207        0.9693
    651.7248        0.9974
    651.7290        1.0186
    651.7331        1.0293
    651.7373        1.0305
    651.7414        1.0263
    651.7456        1.0210
    651.7497        1.0166
    651.7538        1.0130
    651.7580        1.0090
    651.7621        1.0035
    651.7663        0.9961
    651.7704        0.9873
    651.7746        0.9775
    651.7787        0.9677
    651.7829        0.9594
    651.7870        0.9545
    651.7912        0.9547
    651.7953        0.9610
    651.7995        0.9724
    651.8036        0.9871
    651.8077        1.0024
    651.8119        1.0157
    651.8160        1.0252
    651.8202        1.0305
    651.8243        1.0323
    651.8285        1.0323
    651.8326        1.0322
    651.8368        1.0325
    651.8409        1.0323
    651.8451        1.0303
    651.8492        1.0263
    651.8533        1.0222
    651.8575        1.0205
    651.8616        1.0220
    651.8658        1.0242
    651.8699        1.0229
    651.8741        1.0155
    651.8782        1.0033
    651.8824        0.9910
    651.8865        0.9836
    651.8907        0.9828
    651.8948        0.9862
    651.8990        0.9893
    651.9031        0.9885
    651.9072        0.9831
    651.9114        0.9752
    651.9155        0.9676
    651.9197        0.9614
    651.9238        0.9559
    651.9280        0.9494
    651.9321        0.9406
    651.9363        0.9301
    651.9404        0.9197
    651.9446        0.9121
    651.9487        0.9099
    651.9529        0.9153
    651.9570        0.9290
    651.9611        0.9488
    651.9653        0.9697
    651.9694        0.9861
    651.9736        0.9949
    651.9777        0.9972
    651.9819        0.9970
    651.9860        0.9988
    651.9902        1.0043
    651.9943        1.0120
    651.9985        1.0194
    652.0026        1.0252
    652.0067        1.0303
    652.0109        1.0359
    652.0150        1.0415
    652.0192        1.0455
    652.0233        1.0468
    652.0275        1.0453
    652.0316        1.0423
    652.0358        1.0391
    652.0399        1.0370
    652.0441        1.0360
    652.0482        1.0348
    652.0524        1.0316
    652.0565        1.0250
    652.0606        1.0153
    652.0648        1.0047
    652.0689        0.9959
    652.0731        0.9911
    652.0772        0.9907
    652.0814        0.9934
    652.0855        0.9976
    652.0897        1.0027
    652.0938        1.0095
    652.0980        1.0193
    652.1021        1.0315
    652.1062        1.0435
    652.1104        1.0516
    652.1145        1.0530
    652.1187        1.0467
    652.1228        1.0342
    652.1270        1.0184
    652.1311        1.0037
    652.1353        0.9940
    652.1394        0.9910
    652.1436        0.9947
    652.1477        1.0033
    652.1519        1.0142
    652.1560        1.0243
    652.1601        1.0307
    652.1643        1.0322
    652.1684        1.0297
    652.1726        1.0254
    652.1767        1.0221
    652.1809        1.0221
    652.1850        1.0258
    652.1892        1.0304
    652.1933        1.0316
    652.1975        1.0263
    652.2016        1.0153
    652.2058        1.0028
    652.2099        0.9944
    652.2140        0.9928
    652.2182        0.9966
    652.2223        1.0014
    652.2265        1.0032
    652.2306        1.0007
    652.2348        0.9954
    652.2389        0.9907
    652.2431        0.9897
    652.2472        0.9939
    652.2514        1.0030
    652.2555        1.0151
    652.2596        1.0269
    652.2638        1.0354
    652.2679        1.0388
    652.2721        1.0378
    652.2762        1.0346
    652.2804        1.0311
    652.2845        1.0272
    652.2887        1.0220
    652.2928        1.0144
    652.2970        1.0045
    652.3011        0.9936
    652.3053        0.9838
    652.3094        0.9774
    652.3135        0.9754
    652.3177        0.9780
    652.3218        0.9846
    652.3260        0.9945
    652.3301        1.0062
    652.3343        1.0173
    652.3384        1.0246
    652.3426        1.0260
    652.3467        1.0204
    652.3509        1.0077
    652.3550        0.9877
    652.3592        0.9613
    652.3633        0.9317
    652.3674        0.9044
    652.3716        0.8851
    652.3757        0.8762
    652.3799        0.8769
    652.3840        0.8850
    652.3882        0.8977
    652.3923        0.9124
    652.3965        0.9266
    652.4006        0.9384
    652.4048        0.9476
    652.4089        0.9555
    652.4130        0.9636
    652.4172        0.9729
    652.4213        0.9833
    652.4255        0.9946
    652.4296        1.0060
    652.4338        1.0159
    652.4379        1.0228
    652.4421        1.0264
    652.4462        1.0276
    652.4504        1.0275
    652.4545        1.0277
    652.4587        1.0287
    652.4628        1.0302
    652.4669        1.0305
    652.4711        1.0279
    652.4752        1.0228
    652.4794        1.0179
    652.4835        1.0164
    652.4877        1.0200
    652.4918        1.0271
    652.4960        1.0342
    652.5001        1.0386
    652.5043        1.0394
    652.5084        1.0382
    652.5125        1.0375
    652.5167        1.0394
    652.5208        1.0436
    652.5250        1.0473
    652.5291        1.0471
    652.5333        1.0408
    652.5374        1.0299
    652.5416        1.0187
    652.5457        1.0116
    652.5499        1.0100
    652.5540        1.0123
    652.5582        1.0151
    652.5623        1.0165
    652.5664        1.0167
    652.5706        1.0167
    652.5747        1.0175
    652.5789        1.0195
    652.5830        1.0233
    652.5872        1.0292
    652.5913        1.0366
    652.5955        1.0433
    652.5996        1.0471
    652.6038        1.0475
    652.6079        1.0465
    652.6121        1.0461
    652.6162        1.0465
    652.6203        1.0459
    652.6245        1.0427
    652.6286        1.0371
    652.6328        1.0313
    652.6369        1.0273
    652.6411        1.0258
    652.6452        1.0262
    652.6494        1.0275
    652.6535        1.0286
    652.6577        1.0294
    652.6618        1.0299
    652.6659        1.0307
    652.6701        1.0327
    652.6742        1.0364
    652.6784        1.0413
    652.6825        1.0450
    652.6867        1.0447
    652.6908        1.0397
    652.6950        1.0318
    652.6991        1.0241
    652.7033        1.0194
    652.7074        1.0188
    652.7116        1.0216
    652.7157        1.0255
    652.7198        1.0278
    652.7240        1.0267
    652.7281        1.0222
    652.7323        1.0161
    652.7364        1.0104
    652.7406        1.0066
    652.7447        1.0050
    652.7489        1.0051
    652.7530        1.0063
    652.7572        1.0082
    652.7613        1.0104
    652.7655        1.0123
    652.7696        1.0137
    652.7737        1.0150
    652.7779        1.0173
    652.7820        1.0219
    652.7862        1.0292
    652.7903        1.0376
    652.7945        1.0449
    652.7986        1.0488
    652.8028        1.0483
    652.8069        1.0435
    652.8111        1.0359
    652.8152        1.0273
    652.8193        1.0198
    652.8235        1.0147
    652.8276        1.0124
    652.8318        1.0125
    652.8359        1.0137
    652.8401        1.0142
    652.8442        1.0123
    652.8484        1.0092
    652.8525        1.0076
    652.8567        1.0098
    652.8608        1.0155
    652.8650        1.0241
    652.8691        1.0352
    652.8732        1.0487
    652.8774        1.0623
    652.8815        1.0720
    652.8857        1.0742
    652.8898        1.0691
    652.8940        1.0603
    652.8981        1.0525
    652.9023        1.0488
    652.9064        1.0491
    652.9106        1.0510
    652.9147        1.0518
    652.9188        1.0499
    652.9230        1.0450
    652.9271        1.0381
    652.9313        1.0304
    652.9354        1.0231
    652.9396        1.0173
    652.9437        1.0137
    652.9479        1.0129
    652.9520        1.0145
    652.9562        1.0179
    652.9603        1.0226
    652.9645        1.0286
    652.9686        1.0361
    652.9727        1.0447
    652.9769        1.0530
    652.9810        1.0587
    652.9852        1.0599
    652.9893        1.0555
    652.9935        1.0457
    652.9976        1.0325
    653.0018        1.0187
    653.0059        1.0073
    653.0101        1.0001
    653.0142        0.9979
    653.0184        1.0003
    653.0225        1.0058
    653.0266        1.0116
    653.0308        1.0147
    653.0349        1.0129
    653.0391        1.0069
    653.0432        0.9996
    653.0474        0.9950
    653.0515        0.9956
    653.0557        1.0008
    653.0598        1.0077
    653.0640        1.0128
    653.0681        1.0141
    653.0722        1.0116
    653.0764        1.0062
    653.0805        0.9996
    653.0847        0.9935
    653.0888        0.9888
    653.0930        0.9860
    653.0971        0.9848
    653.1013        0.9854
    653.1054        0.9883
    653.1096        0.9941
    653.1137        1.0025
    653.1179        1.0122
    653.1220        1.0211
    653.1261        1.0281
    653.1303        1.0328
    653.1344        1.0353
    653.1386        1.0363
    653.1427        1.0364
    653.1469        1.0359
    653.1510        1.0347
    653.1552        1.0326
    653.1593        1.0298
    653.1635        1.0263
    653.1676        1.0221
    653.1718        1.0175
    653.1759        1.0137
    653.1800        1.0122
    653.1842        1.0132
    653.1883        1.0148
    653.1925        1.0136
    653.1966        1.0065
    653.2008        0.9925
    653.2049        0.9729
    653.2091        0.9508
    653.2132        0.9298
    653.2174        0.9123
    653.2215        0.8988
    653.2256        0.8888
    653.2298        0.8825
    653.2339        0.8809
    653.2381        0.8858
    653.2422        0.8970
    653.2464        0.9125
    653.2505        0.9290
    653.2547        0.9438
    653.2588        0.9556
    653.2630        0.9644
    653.2671        0.9711
    653.2713        0.9764
    653.2754        0.9808
    653.2795        0.9844
    653.2837        0.9871
    653.2878        0.9900
    653.2920        0.9943
    653.2961        1.0009
    653.3003        1.0089
    653.3044        1.0159
    653.3086        1.0193
    653.3127        1.0177
    653.3169        1.0121
    653.3210        1.0051
    653.3251        1.0009
    653.3293        1.0027
    653.3334        1.0114
    653.3376        1.0246
    653.3417        1.0378
    653.3459        1.0464
    653.3500        1.0480
    653.3542        1.0429
    653.3583        1.0342
    653.3625        1.0250
    653.3666        1.0169
    653.3708        1.0093
    653.3749        1.0009
    653.3790        0.9917
    653.3832        0.9826
    653.3873        0.9746
    653.3915        0.9682
    653.3956        0.9634
    653.3998        0.9596
    653.4039        0.9561
    653.4081        0.9529
    653.4122        0.9512
    653.4164        0.9527
    653.4205        0.9589
    653.4247        0.9690
    653.4288        0.9798
    653.4329        0.9872
    653.4371        0.9889
    653.4412        0.9856
    653.4454        0.9809
    653.4495        0.9786
    653.4537        0.9804
    653.4578        0.9851
    653.4620        0.9897
    653.4661        0.9922
    653.4703        0.9928
    653.4744        0.9925
    653.4785        0.9920
    653.4827        0.9911
    653.4868        0.9906
    653.4910        0.9918
    653.4951        0.9965
    653.4993        1.0042
    653.5034        1.0127
    653.5076        1.0189
    653.5117        1.0211
    653.5159        1.0200
    653.5200        1.0175
    653.5242        1.0157
    653.5283        1.0156
    653.5324        1.0169
    653.5366        1.0184
    653.5407        1.0181
    653.5449        1.0140
    653.5490        1.0056
    653.5532        0.9948
    653.5573        0.9857
    653.5615        0.9825
    653.5656        0.9871
    653.5698        0.9982
    653.5739        1.0120
    653.5781        1.0234
    653.5822        1.0283
    653.5863        1.0254
    653.5905        1.0164
    653.5946        1.0059
    653.5988        0.9987
    653.6029        0.9977
    653.6071        1.0023
    653.6112        1.0099
    653.6154        1.0168
    653.6195        1.0210
    653.6237        1.0224
    653.6278        1.0221
    653.6319        1.0206
    653.6361        1.0177
    653.6402        1.0129
    653.6444        1.0063
    653.6485        0.9989
    653.6527        0.9918
    653.6568        0.9859
    653.6610        0.9824
    653.6651        0.9825
    653.6693        0.9863
    653.6734        0.9920
    653.6776        0.9972
    653.6817        1.0006
    653.6858        1.0032
    653.6900        1.0065
    653.6941        1.0108
    653.6983        1.0157
    653.7024        1.0205
    653.7066        1.0249
    653.7107        1.0275
    653.7149        1.0267
    653.7190        1.0211
    653.7232        1.0116
    653.7273        1.0018
    653.7314        0.9958
    653.7356        0.9964
    653.7397        1.0028
    653.7439        1.0114
    653.7480        1.0173
    653.7522        1.0180
    653.7563        1.0139
    653.7605        1.0078
    653.7646        1.0024
    653.7688        0.9993
    653.7729        0.9989
    653.7771        1.0015
    653.7812        1.0067
    653.7853        1.0131
    653.7895        1.0187
    653.7936        1.0215
    653.7978        1.0206
    653.8019        1.0165
    653.8061        1.0110
    653.8102        1.0060
    653.8144        1.0029
    653.8185        1.0016
    653.8227        1.0011
    653.8268        1.0001
    653.8310        0.9976
    653.8351        0.9935
    653.8392        0.9887
    653.8434        0.9851
    653.8475        0.9841
    653.8517        0.9864
    653.8558        0.9908
    653.8600        0.9954
    653.8641        0.9989
    653.8683        1.0017
    653.8724        1.0049
    653.8766        1.0094
    653.8807        1.0148
    653.8848        1.0198
    653.8890        1.0227
    653.8931        1.0223
    653.8973        1.0190
    653.9014        1.0146
    653.9056        1.0107
    653.9097        1.0079
    653.9139        1.0060
    653.9180        1.0041
    653.9222        1.0011
    653.9263        0.9955
    653.9305        0.9870
    653.9346        0.9770
    653.9387        0.9688
    653.9429        0.9655
    653.9470        0.9682
    653.9512        0.9757
    653.9553        0.9857
    653.9595        0.9961
    653.9636        1.0049
    653.9678        1.0106
    653.9719        1.0116
    653.9761        1.0080
    653.9802        1.0020
    653.9844        0.9971
    653.9885        0.9961
    653.9926        0.9992
    653.9968        1.0044
    654.0009        1.0090
    654.0051        1.0108
    654.0092        1.0092
    654.0134        1.0043
    654.0175        0.9971
    654.0217        0.9889
    654.0258        0.9819
    654.0300        0.9771
    654.0341        0.9749
    654.0382        0.9748
    654.0424        0.9759
    654.0465        0.9771
    654.0507        0.9767
    654.0548        0.9741
    654.0590        0.9708
    654.0631        0.9695
    654.0673        0.9714
    654.0714        0.9757
    654.0756        0.9801
    654.0797        0.9827
    654.0839        0.9833
    654.0880        0.9831
    654.0921        0.9838
    654.0963        0.9859
    654.1004        0.9887
    654.1046        0.9915
    654.1087        0.9943
    654.1129        0.9977
    654.1170        1.0014
    654.1212        1.0039
    654.1253        1.0038
    654.1295        1.0007
    654.1336        0.9957
    654.1377        0.9906
    654.1419        0.9860
    654.1460        0.9819
    654.1502        0.9773
    654.1543        0.9724
    654.1585        0.9689
    654.1626        0.9684
    654.1668        0.9708
    654.1709        0.9740
    654.1751        0.9751
    654.1792        0.9724
    654.1834        0.9668
    654.1875        0.9606
    654.1916        0.9555
    654.1958        0.9521
    654.1999        0.9496
    654.2041        0.9467
    654.2082        0.9415
    654.2124        0.9322
    654.2165        0.9184
    654.2207        0.9025
    654.2248        0.8898
    654.2290        0.8856
    654.2331        0.8928
    654.2373        0.9100
    654.2414        0.9321
    654.2455        0.9530
    654.2497        0.9682
    654.2538        0.9764
    654.2580        0.9789
    654.2621        0.9785
    654.2663        0.9782
    654.2704        0.9797
    654.2746        0.9832
    654.2787        0.9881
    654.2829        0.9939
    654.2870        0.9999
    654.2911        1.0049
    654.2953        1.0064
    654.2994        1.0025
    654.3036        0.9934
    654.3077        0.9827
    654.3119        0.9747
    654.3160        0.9722
    654.3202        0.9741
    654.3243        0.9772
    654.3285        0.9786
    654.3326        0.9770
    654.3368        0.9730
    654.3409        0.9677
    654.3450        0.9618
    654.3492        0.9559
    654.3533        0.9496
    654.3575        0.9417
    654.3616        0.9303
    654.3658        0.9134
    654.3699        0.8903
    654.3741        0.8627
    654.3782        0.8351
    654.3824        0.8136
    654.3865        0.8038
    654.3906        0.8082
    654.3948        0.8251
    654.3989        0.8499
    654.4031        0.8770
    654.4072        0.9015
    654.4114        0.9207
    654.4155        0.9344
    654.4197        0.9439
    654.4238        0.9504
    654.4280        0.9544
    654.4321        0.9559
    654.4363        0.9556
    654.4404        0.9548
    654.4445        0.9552
    654.4487        0.9567
    654.4528        0.9580
    654.4570        0.9574
    654.4611        0.9550
    654.4653        0.9523
    654.4694        0.9515
    654.4736        0.9534
    654.4777        0.9567
    654.4819        0.9598
    654.4860        0.9616
    654.4902        0.9624
    654.4943        0.9629
    654.4984        0.9623
    654.5026        0.9591
    654.5067        0.9518
    654.5109        0.9415
    654.5150        0.9312
    654.5192        0.9244
    654.5233        0.9228
    654.5275        0.9259
    654.5316        0.9316
    654.5358        0.9371
    654.5399        0.9401
    654.5440        0.9396
    654.5482        0.9363
    654.5523        0.9315
    654.5565        0.9261
    654.5606        0.9204
    654.5648        0.9155
    654.5689        0.9121
    654.5731        0.9106
    654.5772        0.9103
    654.5814        0.9107
    654.5855        0.9113
    654.5897        0.9124
    654.5938        0.9133
    654.5979        0.9134
    654.6021        0.9120
    654.6062        0.9101
    654.6104        0.9100
    654.6145        0.9146
    654.6187        0.9249
    654.6228        0.9390
    654.6270        0.9525
    654.6311        0.9615
    654.6353        0.9648
    654.6394        0.9635
    654.6436        0.9596
    654.6477        0.9541
    654.6518        0.9474
    654.6560        0.9394
    654.6601        0.9316
    654.6643        0.9260
    654.6684        0.9236
    654.6726        0.9236
    654.6767        0.9248
    654.6809        0.9271
    654.6850        0.9313
    654.6892        0.9378
    654.6933        0.9452
    654.6974        0.9508
    654.7016        0.9524
    654.7057        0.9504
    654.7099        0.9472
    654.7140        0.9458
    654.7182        0.9471
    654.7223        0.9502
    654.7265        0.9533
    654.7306        0.9549
    654.7348        0.9534
    654.7389        0.9472
    654.7431        0.9359
    654.7472        0.9212
    654.7513        0.9058
    654.7555        0.8922
    654.7596        0.8810
    654.7638        0.8727
    654.7679        0.8685
    654.7721        0.8700
    654.7762        0.8773
    654.7804        0.8885
    654.7845        0.9004
    654.7887        0.9107
    654.7928        0.9185
    654.7969        0.9239
    654.8011        0.9278
    654.8052        0.9317
    654.8094        0.9364
    654.8135        0.9415
    654.8177        0.9445
    654.8218        0.9422
    654.8260        0.9316
    654.8301        0.9121
    654.8343        0.8863
    654.8384        0.8599
    654.8426        0.8385
    654.8467        0.8252
    654.8508        0.8197
    654.8550        0.8189
    654.8591        0.8203
    654.8633        0.8230
    654.8674        0.8276
    654.8716        0.8351
    654.8757        0.8463
    654.8799        0.8611
    654.8840        0.8785
    654.8882        0.8967
    654.8923        0.9129
    654.8965        0.9243
    654.9006        0.9292
    654.9047        0.9281
    654.9089        0.9241
    654.9130        0.9210
    654.9172        0.9216
    654.9213        0.9255
    654.9255        0.9305
    654.9296        0.9342
    654.9338        0.9352
    654.9379        0.9340
    654.9421        0.9315
    654.9462        0.9290
    654.9503        0.9269
    654.9545        0.9260
    654.9586        0.9267
    654.9628        0.9292
    654.9669        0.9328
    654.9711        0.9361
    654.9752        0.9384
    654.9794        0.9392
    654.9835        0.9385
    654.9877        0.9362
    654.9918        0.9331
    654.9960        0.9309
    655.0001        0.9310
    655.0042        0.9335
    655.0084        0.9371
    655.0125        0.9402
    655.0167        0.9413
    655.0208        0.9398
    655.0250        0.9363
    655.0291        0.9328
    655.0333        0.9317
    655.0374        0.9337
    655.0416        0.9371
    655.0457        0.9394
    655.0499        0.9387
    655.0540        0.9356
    655.0581        0.9323
    655.0623        0.9312
    655.0664        0.9330
    655.0706        0.9358
    655.0747        0.9374
    655.0789        0.9363
    655.0830        0.9327
    655.0872        0.9278
    655.0913        0.9224
    655.0955        0.9175
    655.0996        0.9137
    655.1037        0.9108
    655.1079        0.9082
    655.1120        0.9050
    655.1162        0.9015
    655.1203        0.8996
    655.1245        0.9011
    655.1286        0.9060
    655.1328        0.9122
    655.1369        0.9173
    655.1411        0.9204
    655.1452        0.9227
    655.1494        0.9262
    655.1535        0.9319
    655.1576        0.9389
    655.1618        0.9453
    655.1659        0.9505
    655.1701        0.9549
    655.1742        0.9584
    655.1784        0.9593
    655.1825        0.9561
    655.1867        0.9483
    655.1908        0.9374
    655.1950        0.9258
    655.1991        0.9164
    655.2032        0.9114
    655.2074        0.9112
    655.2115        0.9143
    655.2157        0.9174
    655.2198        0.9174
    655.2240        0.9128
    655.2281        0.9039
    655.2323        0.8914
    655.2364        0.8753
    655.2406        0.8552
    655.2447        0.8319
    655.2489        0.8080
    655.2530        0.7878
    655.2571        0.7755
    655.2613        0.7729
    655.2654        0.7789
    655.2696        0.7907
    655.2737        0.8059
    655.2779        0.8237
    655.2820        0.8427
    655.2862        0.8608
    655.2903        0.8753
    655.2945        0.8855
    655.2986        0.8926
    655.3028        0.8985
    655.3069        0.9045
    655.3110        0.9101
    655.3152        0.9148
    655.3193        0.9186
    655.3235        0.9217
    655.3276        0.9236
    655.3318        0.9236
    655.3359        0.9210
    655.3401        0.9165
    655.3442        0.9113
    655.3484        0.9064
    655.3525        0.9021
    655.3566        0.8982
    655.3608        0.8949
    655.3649        0.8928
    655.3691        0.8929
    655.3732        0.8951
    655.3774        0.8978
    655.3815        0.8987
    655.3857        0.8964
    655.3898        0.8917
    655.3940        0.8868
    655.3981        0.8840
    655.4023        0.8846
    655.4064        0.8887
    655.4105        0.8954
    655.4147        0.9028
    655.4188        0.9084
    655.4230        0.9103
    655.4271        0.9082
    655.4313        0.9045
    655.4354        0.9024
    655.4396        0.9040
    655.4437        0.9094
    655.4479        0.9164
    655.4520        0.9226
    655.4562        0.9260
    655.4603        0.9267
    655.4644        0.9258
    655.4686        0.9243
    655.4727        0.9223
    655.4769        0.9196
    655.4810        0.9167
    655.4852        0.9142
    655.4893        0.9125
    655.4935        0.9118
    655.4976        0.9131
    655.5018        0.9177
    655.5059        0.9257
    655.5100        0.9347
    655.5142        0.9413
    655.5183        0.9434
    655.5225        0.9418
    655.5266        0.9396
    655.5308        0.9390
    655.5349        0.9403
    655.5391        0.9425
    655.5432        0.9447
    655.5474        0.9463
    655.5515        0.9470
    655.5557        0.9458
    655.5598        0.9419
    655.5639        0.9352
    655.5681        0.9280
    655.5722        0.9238
    655.5764        0.9252
    655.5805        0.9325
    655.5847        0.9438
    655.5888        0.9568
    655.5930        0.9702
    655.5971        0.9834
    655.6013        0.9953
    655.6054        1.0041
    655.6095        1.0082
    655.6137        1.0077
    655.6178        1.0046
    655.6220        1.0016
    655.6261        1.0006
    655.6303        1.0016
    655.6344        1.0028
    655.6386        1.0032
    655.6427        1.0030
    655.6469        1.0036
    655.6510        1.0059
    655.6552        1.0099
    655.6593        1.0151
    655.6634        1.0216
    655.6676        1.0296
    655.6717        1.0379
    655.6759        1.0445
    655.6800        1.0471
    655.6842        1.0456
    655.6883        1.0414
    655.6925        1.0367
    655.6966        1.0332
    655.7008        1.0315
    655.7049        1.0320
    655.7091        1.0349
    655.7132        1.0411
    655.7173        1.0512
    655.7215        1.0653
    655.7256        1.0816
    655.7298        1.0977
    655.7339        1.1122
    655.7381        1.1265
    655.7422        1.1425
    655.7464        1.1602
    655.7505        1.1771
    655.7547        1.1906
    655.7588        1.1992
    655.7629        1.2034
    655.7671        1.2048
    655.7712        1.2047
    655.7754        1.2035
    655.7795        1.2010
    655.7837        1.1974
    655.7878        1.1934
    655.7920        1.1902
    655.7961        1.1894
    655.8003        1.1922
    655.8044        1.2001
    655.8086        1.2136
    655.8127        1.2320
    655.8168        1.2534
    655.8210        1.2758
    655.8251        1.2980
    655.8293        1.3196
    655.8334        1.3393
    655.8376        1.3556
    655.8417        1.3683
    655.8459        1.3795
    655.8500        1.3921
    655.8542        1.4076
    655.8583        1.4263
    655.8625        1.4471
    655.8666        1.4691
    655.8707        1.4909
    655.8749        1.5115
    655.8790        1.5302
    655.8832        1.5460
    655.8873        1.5586
    655.8915        1.5686
    655.8956        1.5787
    655.8998        1.5917
    655.9039        1.6088
    655.9081        1.6284
    655.9122        1.6474
    655.9163        1.6638
    655.9205        1.6777
    655.9246        1.6906
    655.9288        1.7032
    655.9329        1.7145
    655.9371        1.7224
    655.9412        1.7263
    655.9454        1.7279
    655.9495        1.7304
    655.9537        1.7363
    655.9578        1.7466
    655.9620        1.7609
    655.9661        1.7781
    655.9702        1.7965
    655.9744        1.8133
    655.9785        1.8261
    655.9827        1.8341
    655.9868        1.8388
    655.9910        1.8417
    655.9951        1.8431
    655.9993        1.8424
    656.0034        1.8400
    656.0076        1.8374
    656.0117        1.8362
    656.0158        1.8361
    656.0200        1.8349
    656.0241        1.8304
    656.0283        1.8226
    656.0324        1.8138
    656.0366        1.8069
    656.0407        1.8035
    656.0449        1.8028
    656.0490        1.8026
    656.0532        1.8008
    656.0573        1.7971
    656.0615        1.7926
    656.0656        1.7895
    656.0697        1.7900
    656.0739        1.7953
    656.0780        1.8040
    656.0822        1.8120
    656.0863        1.8140
    656.0905        1.8063
    656.0946        1.7888
    656.0988        1.7646
    656.1029        1.7387
    656.1071        1.7160
    656.1112        1.6991
    656.1154        1.6882
    656.1195        1.6820
    656.1236        1.6785
    656.1278        1.6754
    656.1319        1.6707
    656.1361        1.6640
    656.1402        1.6563
    656.1444        1.6490
    656.1485        1.6418
    656.1527        1.6338
    656.1568        1.6244
    656.1610        1.6144
    656.1651        1.6051
    656.1692        1.5976
    656.1734        1.5929
    656.1775        1.5909
    656.1817        1.5903
    656.1858        1.5887
    656.1900        1.5834
    656.1941        1.5725
    656.1983        1.5568
    656.2024        1.5394
    656.2066        1.5245
    656.2107        1.5156
    656.2149        1.5131
    656.2190        1.5147
    656.2231        1.5168
    656.2273        1.5171
    656.2314        1.5155
    656.2356        1.5132
    656.2397        1.5116
    656.2439        1.5118
    656.2480        1.5148
    656.2522        1.5220
    656.2563        1.5340
    656.2605        1.5510
    656.2646        1.5716
    656.2688        1.5930
    656.2729        1.6121
    656.2770        1.6278
    656.2812        1.6412
    656.2853        1.6538
    656.2895        1.6660
    656.2936        1.6767
    656.2978        1.6861
    656.3019        1.6957
    656.3061        1.7074
    656.3102        1.7204
    656.3144        1.7311
    656.3185        1.7362
    656.3226        1.7353
    656.3268        1.7308
    656.3309        1.7261
    656.3351        1.7240
    656.3392        1.7264
    656.3434        1.7345
    656.3475        1.7495
    656.3517        1.7709
    656.3558        1.7957
    656.3600        1.8187
    656.3641        1.8349
    656.3683        1.8430
    656.3724        1.8451
    656.3765        1.8438
    656.3807        1.8400
    656.3848        1.8324
    656.3890        1.8195
    656.3931        1.8011
    656.3973        1.7788
    656.4014        1.7555
    656.4056        1.7347
    656.4097        1.7199
    656.4139        1.7135
    656.4180        1.7163
    656.4221        1.7265
    656.4263        1.7407
    656.4304        1.7550
    656.4346        1.7672
    656.4387        1.7768
    656.4429        1.7843
    656.4470        1.7904
    656.4512        1.7954
    656.4553        1.7996
    656.4595        1.8035
    656.4636        1.8068
    656.4678        1.8087
    656.4719        1.8081
    656.4760        1.8044
    656.4802        1.7972
    656.4843        1.7867
    656.4885        1.7739
    656.4926        1.7608
    656.4968        1.7495
    656.5009        1.7403
    656.5051        1.7320
    656.5092        1.7224
    656.5134        1.7111
    656.5175        1.6994
    656.5217        1.6889
    656.5258        1.6795
    656.5299        1.6697
    656.5341        1.6574
    656.5382        1.6419
    656.5424        1.6242
    656.5465        1.6055
    656.5507        1.5869
    656.5548        1.5693
    656.5590        1.5536
    656.5631        1.5406
    656.5673        1.5301
    656.5714        1.5211
    656.5755        1.5119
    656.5797        1.5009
    656.5838        1.4871
    656.5880        1.4704
    656.5921        1.4517
    656.5963        1.4323
    656.6004        1.4141
    656.6046        1.3987
    656.6087        1.3870
    656.6129        1.3780
    656.6170        1.3698
    656.6212        1.3605
    656.6253        1.3501
    656.6294        1.3407
    656.6336        1.3343
    656.6377        1.3310
    656.6419        1.3278
    656.6460        1.3204
    656.6502        1.3057
    656.6543        1.2840
    656.6585        1.2588
    656.6626        1.2350
    656.6668        1.2165
    656.6709        1.2047
    656.6750        1.1987
    656.6792        1.1958
    656.6833        1.1933
    656.6875        1.1894
    656.6916        1.1835
    656.6958        1.1761
    656.6999        1.1678
    656.7041        1.1596
    656.7082        1.1529
    656.7124        1.1488
    656.7165        1.1472
    656.7207        1.1459
    656.7248        1.1424
    656.7289        1.1355
    656.7331        1.1263
    656.7372        1.1167
    656.7414        1.1086
    656.7455        1.1030
    656.7497        1.0998
    656.7538        1.0980
    656.7580        1.0959
    656.7621        1.0920
    656.7663        1.0861
    656.7704        1.0788
    656.7746        1.0715
    656.7787        1.0649
    656.7828        1.0589
    656.7870        1.0532
    656.7911        1.0469
    656.7953        1.0392
    656.7994        1.0302
    656.8036        1.0211
    656.8077        1.0129
    656.8119        1.0052
    656.8160        0.9961
    656.8202        0.9838
    656.8243        0.9689
    656.8284        0.9538
    656.8326        0.9422
    656.8367        0.9362
    656.8409        0.9355
    656.8450        0.9369
    656.8492        0.9367
    656.8533        0.9329
    656.8575        0.9265
    656.8616        0.9203
    656.8658        0.9173
    656.8699        0.9189
    656.8741        0.9239
    656.8782        0.9296
    656.8823        0.9333
    656.8865        0.9341
    656.8906        0.9323
    656.8948        0.9288
    656.8989        0.9245
    656.9031        0.9208
    656.9072        0.9195
    656.9114        0.9214
    656.9155        0.9261
    656.9197        0.9316
    656.9238        0.9352
    656.9280        0.9352
    656.9321        0.9312
    656.9362        0.9243
    656.9404        0.9160
    656.9445        0.9083
    656.9487        0.9029
    656.9528        0.9011
    656.9570        0.9032
    656.9611        0.9084
    656.9653        0.9150
    656.9694        0.9215
    656.9736        0.9253
    656.9777        0.9242
    656.9818        0.9176
    656.9860        0.9077
    656.9901        0.8990
    656.9943        0.8950
    656.9984        0.8963
    657.0026        0.9008
    657.0067        0.9055
    657.0109        0.9091
    657.0150        0.9123
    657.0192        0.9165
    657.0233        0.9222
    657.0275        0.9282
    657.0316        0.9326
    657.0357        0.9340
    657.0399        0.9324
    657.0440        0.9286
    657.0482        0.9239
    657.0523        0.9192
    657.0565        0.9154
    657.0606        0.9134
    657.0648        0.9135
    657.0689        0.9150
    657.0731        0.9164
    657.0772        0.9168
    657.0813        0.9171
    657.0855        0.9188
    657.0896        0.9221
    657.0938        0.9256
    657.0979        0.9267
    657.1021        0.9240
    657.1062        0.9174
    657.1104        0.9087
    657.1145        0.9005
    657.1187        0.8957
    657.1228        0.8962
    657.1270        0.9024
    657.1311        0.9119
    657.1352        0.9212
    657.1394        0.9265
    657.1435        0.9257
    657.1477        0.9194
    657.1518        0.9097
    657.1560        0.8996
    657.1601        0.8916
    657.1643        0.8868
    657.1684        0.8841
    657.1726        0.8803
    657.1767        0.8725
    657.1809        0.8606
    657.1850        0.8473
    657.1891        0.8358
    657.1933        0.8276
    657.1974        0.8223
    657.2016        0.8188
    657.2057        0.8164
    657.2099        0.8151
    657.2140        0.8153
    657.2182        0.8178
    657.2223        0.8237
    657.2265        0.8335
    657.2306        0.8474
    657.2347        0.8651
    657.2389        0.8857
    657.2430        0.9069
    657.2472        0.9258
    657.2513        0.9393
    657.2555        0.9459
    657.2596        0.9460
    657.2638        0.9411
    657.2679        0.9327
    657.2721        0.9223
    657.2762        0.9121
    657.2804        0.9045
    657.2845        0.9013
    657.2886        0.9021
    657.2928        0.9049
    657.2969        0.9079
    657.3011        0.9103
    657.3052        0.9120
    657.3094        0.9127
    657.3135        0.9119
    657.3177        0.9096
    657.3218        0.9062
    657.3260        0.9023
    657.3301        0.8977
    657.3343        0.8916
    657.3384        0.8837
    657.3425        0.8753
    657.3467        0.8689
    657.3508        0.8670
    657.3550        0.8702
    657.3591        0.8772
    657.3633        0.8860
    657.3674        0.8950
    657.3716        0.9032
    657.3757        0.9095
    657.3799        0.9134
    657.3840        0.9146
    657.3881        0.9138
    657.3923        0.9132
    657.3964        0.9144
    657.4006        0.9182
    657.4047        0.9232
    657.4089        0.9275
    657.4130        0.9295
    657.4172        0.9292
    657.4213        0.9279
    657.4255        0.9267
    657.4296        0.9260
    657.4338        0.9250
    657.4379        0.9234
    657.4420        0.9213
    657.4462        0.9186
    657.4503        0.9140
    657.4545        0.9057
    657.4586        0.8928
    657.4628        0.8756
    657.4669        0.8550
    657.4711        0.8331
    657.4752        0.8128
    657.4794        0.7981
    657.4835        0.7924
    657.4876        0.7967
    657.4918        0.8086
    657.4959        0.8237
    657.5001        0.8381
    657.5042        0.8501
    657.5084        0.8600
    657.5125        0.8688
    657.5167        0.8773
    657.5208        0.8857
    657.5250        0.8944
    657.5291        0.9042
    657.5333        0.9154
    657.5374        0.9274
    657.5415        0.9384
    657.5457        0.9467
    657.5498        0.9515
    657.5540        0.9537
    657.5581        0.9546
    657.5623        0.9549
    657.5664        0.9534
    657.5706        0.9500
    657.5747        0.9461
    657.5789        0.9447
    657.5830        0.9473
    657.5872        0.9526
    657.5913        0.9573
    657.5954        0.9587
    657.5996        0.9568
    657.6037        0.9529
    657.6079        0.9484
    657.6120        0.9440
    657.6162        0.9406
    657.6203        0.9394
    657.6245        0.9412
    657.6286        0.9443
    657.6328        0.9460
    657.6369        0.9442
    657.6410        0.9390
    657.6452        0.9322
    657.6493        0.9259
    657.6535        0.9216
    657.6576        0.9195
    657.6618        0.9196
    657.6659        0.9218
    657.6701        0.9262
    657.6742        0.9318
    657.6784        0.9369
    657.6825        0.9403
    657.6867        0.9426
    657.6908        0.9456
    657.6949        0.9500
    657.6991        0.9549
    657.7032        0.9589
    657.7074        0.9617
    657.7115        0.9637
    657.7157        0.9651
    657.7198        0.9660
    657.7240        0.9670
    657.7281        0.9693
    657.7323        0.9735
    657.7364        0.9782
    657.7406        0.9806
    657.7447        0.9790
    657.7488        0.9734
    657.7530        0.9657
    657.7571        0.9579
    657.7613        0.9512
    657.7654        0.9462
    657.7696        0.9428
    657.7737        0.9408
    657.7779        0.9405
    657.7820        0.9422
    657.7862        0.9464
    657.7903        0.9525
    657.7944        0.9588
    657.7986        0.9637
    657.8027        0.9670
    657.8069        0.9698
    657.8110        0.9732
    657.8152        0.9763
    657.8193        0.9767
    657.8235        0.9728
    657.8276        0.9657
    657.8318        0.9584
    657.8359        0.9538
    657.8401        0.9523
    657.8442        0.9529
    657.8483        0.9538
    657.8525        0.9541
    657.8566        0.9537
    657.8608        0.9528
    657.8649        0.9516
    657.8691        0.9506
    657.8732        0.9499
    657.8774        0.9500
    657.8815        0.9513
    657.8857        0.9538
    657.8898        0.9565
    657.8939        0.9580
    657.8981        0.9575
    657.9022        0.9553
    657.9064        0.9523
    657.9105        0.9497
    657.9147        0.9481
    657.9188        0.9484
    657.9230        0.9506
    657.9271        0.9541
    657.9313        0.9573
    657.9354        0.9595
    657.9396        0.9614
    657.9437        0.9643
    657.9478        0.9685
    657.9520        0.9739
    657.9561        0.9791
    657.9603        0.9821
    657.9644        0.9802
    657.9686        0.9722
    657.9727        0.9595
    657.9769        0.9466
    657.9810        0.9375
    657.9852        0.9340
    657.9893        0.9348
    657.9935        0.9374
    657.9976        0.9397
    658.0017        0.9408
    658.0059        0.9409
    658.0100        0.9405
    658.0142        0.9397
    658.0183        0.9381
    658.0225        0.9357
    658.0266        0.9338
    658.0308        0.9351
    658.0349        0.9413
    658.0391        0.9514
    658.0432        0.9618
    658.0473        0.9677
    658.0515        0.9665
    658.0556        0.9593
    658.0598        0.9497
    658.0639        0.9415
    658.0681        0.9359
    658.0722        0.9317
    658.0764        0.9271
    658.0805        0.9224
    658.0847        0.9195
    658.0888        0.9210
    658.0930        0.9278
    658.0971        0.9377
    658.1012        0.9473
    658.1054        0.9538
    658.1095        0.9570
    658.1137        0.9593
    658.1178        0.9625
    658.1220        0.9666
    658.1261        0.9694
    658.1303        0.9696
    658.1344        0.9677
    658.1386        0.9653
    658.1427        0.9636
    658.1469        0.9623
    658.1510        0.9611
    658.1551        0.9597
    658.1593        0.9583
    658.1634        0.9574
    658.1676        0.9579
    658.1717        0.9603
    658.1759        0.9640
    658.1800        0.9677
    658.1842        0.9705
    658.1883        0.9726
    658.1925        0.9754
    658.1966        0.9792
    658.2007        0.9828
    658.2049        0.9835
    658.2090        0.9796
    658.2132        0.9718
    658.2173        0.9627
    658.2215        0.9555
    658.2256        0.9525
    658.2298        0.9538
    658.2339        0.9580
    658.2381        0.9631
    658.2422        0.9677
    658.2464        0.9709
    658.2505        0.9727
    658.2546        0.9741
    658.2588        0.9761
    658.2629        0.9796
    658.2671        0.9850
    658.2712        0.9920
    658.2754        0.9996
    658.2795        1.0060
    658.2837        1.0093
    658.2878        1.0084
    658.2920        1.0037
    658.2961        0.9970
    658.3002        0.9908
    658.3044        0.9864
    658.3085        0.9831
    658.3127        0.9791
    658.3168        0.9735
    658.3210        0.9669
    658.3251        0.9612
    658.3293        0.9571
    658.3334        0.9545
    658.3376        0.9530
    658.3417        0.9532
    658.3459        0.9555
    658.3500        0.9604
    658.3541        0.9680
    658.3583        0.9777
    658.3624        0.9880
    658.3666        0.9977
    658.3707        1.0056
    658.3749        1.0104
    658.3790        1.0106
    658.3832        1.0061
    658.3873        0.9987
    658.3915        0.9914
    658.3956        0.9866
    658.3998        0.9847
    658.4039        0.9845
    658.4080        0.9840
    658.4122        0.9816
    658.4163        0.9777
    658.4205        0.9738
    658.4246        0.9725
    658.4288        0.9750
    658.4329        0.9810
    658.4371        0.9884
    658.4412        0.9952
    658.4454        1.0002
    658.4495        1.0040
    658.4536        1.0070
    658.4578        1.0088
    658.4619        1.0085
    658.4661        1.0065
    658.4702        1.0038
    658.4744        1.0010
    658.4785        0.9976
    658.4827        0.9932
    658.4868        0.9888
    658.4910        0.9857
    658.4951        0.9840
    658.4993        0.9826
    658.5034        0.9798
    658.5075        0.9748
    658.5117        0.9687
    658.5158        0.9638
    658.5200        0.9621
    658.5241        0.9645
    658.5283        0.9702
    658.5324        0.9780
    658.5366        0.9864
    658.5407        0.9939
    658.5449        0.9990
    658.5490        1.0008
    658.5532        0.9994
    658.5573        0.9966
    658.5614        0.9946
    658.5656        0.9947
    658.5697        0.9964
    658.5739        0.9978
    658.5780        0.9974
    658.5822        0.9946
    658.5863        0.9909
    658.5905        0.9882
    658.5946        0.9873
    658.5988        0.9870
    658.6029        0.9853
    658.6070        0.9816
    658.6112        0.9776
    658.6153        0.9761
    658.6195        0.9783
    658.6236        0.9814
    658.6278        0.9807
    658.6319        0.9734
    658.6361        0.9602
    658.6402        0.9453
    658.6444        0.9332
    658.6485        0.9264
    658.6527        0.9247
    658.6568        0.9263
    658.6609        0.9295
    658.6651        0.9335
    658.6692        0.9385
    658.6734        0.9450
    658.6775        0.9524
    658.6817        0.9586
    658.6858        0.9621
    658.6900        0.9633
    658.6941        0.9648
    658.6983        0.9687
    658.7024        0.9747
    658.7065        0.9801
    658.7107        0.9827
    658.7148        0.9821
    658.7190        0.9792
    658.7231        0.9761
    658.7273        0.9746
    658.7314        0.9753
    658.7356        0.9767
    658.7397        0.9769
    658.7439        0.9752
    658.7480        0.9725
    658.7522        0.9705
    658.7563        0.9709
    658.7604        0.9754
    658.7646        0.9844
    658.7687        0.9962
    658.7729        1.0077
    658.7770        1.0155
    658.7812        1.0182
    658.7853        1.0174
    658.7895        1.0162
    658.7936        1.0162
    658.7978        1.0165
    658.8019        1.0148
    658.8061        1.0102
    658.8102        1.0043
    658.8143        0.9995
    658.8185        0.9966
    658.8226        0.9943
    658.8268        0.9904
    658.8309        0.9840
    658.8351        0.9766
    658.8392        0.9711
    658.8434        0.9698
    658.8475        0.9729
    658.8517        0.9790
    658.8558        0.9853
    658.8599        0.9897
    658.8641        0.9916
    658.8682        0.9923
    658.8724        0.9941
    658.8765        0.9985
    658.8807        1.0051
    658.8848        1.0122
    658.8890        1.0176
    658.8931        1.0203
    658.8973        1.0205
    658.9014        1.0190
    658.9056        1.0160
    658.9097        1.0118
    658.9138        1.0074
    658.9180        1.0039
    658.9221        1.0017
    658.9263        1.0000
    658.9304        0.9977
    658.9346        0.9942
    658.9387        0.9895
    658.9429        0.9851
    658.9470        0.9825
    658.9512        0.9831
    658.9553        0.9871
    658.9595        0.9929
    658.9636        0.9975
    658.9677        0.9983
    658.9719        0.9940
    658.9760        0.9864
    658.9802        0.9789
    658.9843        0.9749
    658.9885        0.9755
    658.9926        0.9800
    658.9968        0.9869
    659.0009        0.9940
    659.0051        0.9996
    659.0092        1.0030
    659.0133        1.0050
    659.0175        1.0078
    659.0216        1.0135
    659.0258        1.0226
    659.0299        1.0330
    659.0341        1.0411
    659.0382        1.0446
    659.0424        1.0443
    659.0465        1.0423
    659.0507        1.0398
    659.0548        1.0364
    659.0590        1.0311
    659.0631        1.0236
    659.0672        1.0148
    659.0714        1.0062
    659.0755        0.9991
    659.0797        0.9940
    659.0838        0.9913
    659.0880        0.9905
    659.0921        0.9908
    659.0963        0.9916
    659.1004        0.9929
    659.1046        0.9954
    659.1087        0.9998
    659.1128        1.0053
    659.1170        1.0100
    659.1211        1.0118
    659.1253        1.0104
    659.1294        1.0074
    659.1336        1.0049
    659.1377        1.0039
    659.1419        1.0040
    659.1460        1.0045
    659.1502        1.0049
    659.1543        1.0047
    659.1585        1.0025
    659.1626        0.9976
    659.1667        0.9907
    659.1709        0.9844
    659.1750        0.9815
    659.1792        0.9832
    659.1833        0.9885
    659.1875        0.9955
    659.1916        1.0028
    659.1958        1.0095
    659.1999        1.0154
    659.2041        1.0196
    659.2082        1.0207
    659.2124        1.0177
    659.2165        1.0105
    659.2206        1.0002
    659.2248        0.9897
    659.2289        0.9830
    659.2331        0.9827
    659.2372        0.9884
    659.2414        0.9969
    659.2455        1.0041
    659.2497        1.0080
    659.2538        1.0089
    659.2580        1.0091
    659.2621        1.0105
    659.2662        1.0131
    659.2704        1.0153
    659.2745        1.0153
    659.2787        1.0127
    659.2828        1.0084
    659.2870        1.0038
    659.2911        0.9998
    659.2953        0.9965
    659.2994        0.9935
    659.3036        0.9905
    659.3077        0.9872
    659.3119        0.9841
    659.3160        0.9826
    659.3201        0.9842
    659.3243        0.9892
    659.3284        0.9960
    659.3326        1.0020
    659.3367        1.0054
    659.3409        1.0053
    659.3450        1.0026
    659.3492        0.9991
    659.3533        0.9964
    659.3575        0.9946
    659.3616        0.9921
    659.3657        0.9879
    659.3699        0.9826
    659.3740        0.9784
    659.3782        0.9768
    659.3823        0.9773
    659.3865        0.9784
    659.3906        0.9788
    659.3948        0.9789
    659.3989        0.9797
    659.4031        0.9814
    659.4072        0.9837
    659.4114        0.9859
    659.4155        0.9876
    659.4196        0.9885
    659.4238        0.9883
    659.4279        0.9878
    659.4321        0.9888
    659.4362        0.9922
    659.4404        0.9974
    659.4445        1.0026
    659.4487        1.0063
    659.4528        1.0085
    659.4570        1.0098
    659.4611        1.0112
    659.4653        1.0134
    659.4694        1.0164
    659.4735        1.0188
    659.4777        1.0183
    659.4818        1.0138
    659.4860        1.0063
    659.4901        0.9987
    659.4943        0.9935
    659.4984        0.9916
    659.5026        0.9925
    659.5067        0.9954
    659.5109        0.9995
    659.5150        1.0031
    659.5191        1.0045
    659.5233        1.0032
    659.5274        1.0004
    659.5316        0.9978
    659.5357        0.9958
    659.5399        0.9947
    659.5440        0.9950
    659.5482        0.9973
    659.5523        1.0011
    659.5565        1.0044
    659.5606        1.0053
    659.5648        1.0036
    659.5689        1.0010
    659.5730        0.9989
    659.5772        0.9977
    659.5813        0.9970
    659.5855        0.9966
    659.5896        0.9963
    659.5938        0.9955
    659.5979        0.9938
    659.6021        0.9907
    659.6062        0.9867
    659.6104        0.9831
    659.6145        0.9819
    659.6187        0.9849
    659.6228        0.9923
    659.6269        1.0025
    659.6311        1.0122
    659.6352        1.0181
    659.6394        1.0189
    659.6435        1.0158
    659.6477        1.0120
    659.6518        1.0104
    659.6560        1.0118
    659.6601        1.0151
    659.6643        1.0179
    659.6684        1.0187
    659.6725        1.0176
    659.6767        1.0156
    659.6808        1.0130
    659.6850        1.0094
    659.6891        1.0039
    659.6933        0.9961
    659.6974        0.9869
    659.7016        0.9783
    659.7057        0.9727
    659.7099        0.9709
    659.7140        0.9714
    659.7182        0.9717
    659.7223        0.9710
    659.7264        0.9708
    659.7306        0.9741
    659.7347        0.9823
    659.7389        0.9935
    659.7430        1.0044
    659.7472        1.0116
    659.7513        1.0142
    659.7555        1.0126
    659.7596        1.0086
    659.7638        1.0044
    659.7679        1.0020
    659.7720        1.0026
    659.7762        1.0058
    659.7803        1.0095
    659.7845        1.0111
    659.7886        1.0099
    659.7928        1.0070
    659.7969        1.0049
    659.8011        1.0046
    659.8052        1.0051
    659.8094        1.0044
    659.8135        1.0010
    659.8177        0.9956
    659.8218        0.9896
    659.8259        0.9840
    659.8301        0.9799
    659.8342        0.9788
    659.8384        0.9820
    659.8425        0.9902
    659.8467        1.0025
    659.8508        1.0163
    659.8550        1.0276
    659.8591        1.0323
    659.8633        1.0291
    659.8674        1.0205
    659.8716        1.0113
    659.8757        1.0050
    659.8798        1.0026
    659.8840        1.0025
    659.8881        1.0016
    659.8923        0.9975
    659.8964        0.9899
    659.9006        0.9802
    659.9047        0.9712
    659.9089        0.9650
    659.9130        0.9614
    659.9172        0.9594
    659.9213        0.9588
    659.9254        0.9605
    659.9296        0.9655
    659.9337        0.9740
    659.9379        0.9846
    659.9420        0.9950
    659.9462        1.0032
    659.9503        1.0080
    659.9545        1.0099
    659.9586        1.0103
    659.9628        1.0105
    659.9669        1.0108
    659.9711        1.0105
    659.9752        1.0090
    659.9793        1.0073
    659.9835        1.0066
    659.9876        1.0081
    659.9918        1.0125
    659.9959        1.0194
    660.0001        1.0276
    660.0042        1.0350
    660.0084        1.0401
    660.0125        1.0428
    660.0167        1.0432
    660.0208        1.0415
    660.0250        1.0380
    660.0291        1.0334
    660.0332        1.0288
    660.0374        1.0250
    660.0415        1.0221
    660.0457        1.0194
    660.0498        1.0171
    660.0540        1.0156
    660.0581        1.0158
    660.0623        1.0177
    660.0664        1.0208
    660.0706        1.0242
    660.0747        1.0263
    660.0788        1.0260
    660.0830        1.0227
    660.0871        1.0173
    660.0913        1.0121
    660.0954        1.0091
    660.0996        1.0087
    660.1037        1.0100
    660.1079        1.0118
    660.1120        1.0133
    660.1162        1.0142
    660.1203        1.0157
    660.1245        1.0189
    660.1286        1.0240
    660.1327        1.0292
    660.1369        1.0320
    660.1410        1.0317
    660.1452        1.0291
    660.1493        1.0252
    660.1535        1.0209
    660.1576        1.0170
    660.1618        1.0139
    660.1659        1.0117
    660.1701        1.0095
    660.1742        1.0063
    660.1783        1.0019
    660.1825        0.9971
    660.1866        0.9929
    660.1908        0.9893
    660.1949        0.9855
    660.1991        0.9813
    660.2032        0.9778
    660.2074        0.9770
    660.2115        0.9803
    660.2157        0.9869
    660.2198        0.9945
    660.2240        1.0011
    660.2281        1.0070
    660.2322        1.0128
    660.2364        1.0181
    660.2405        1.0215
    660.2447        1.0224
    660.2488        1.0210
    660.2530        1.0183
    660.2571        1.0152
    660.2613        1.0129
    660.2654        1.0121
    660.2696        1.0125
    660.2737        1.0133
    660.2779        1.0137
    660.2820        1.0140
    660.2861        1.0155
    660.2903        1.0193
    660.2944        1.0257
    660.2986        1.0338
    660.3027        1.0416
    660.3069        1.0470
    660.3110        1.0485
    660.3152        1.0458
    660.3193        1.0397
    660.3235        1.0321
    660.3276        1.0247
    660.3317        1.0178
    660.3359        1.0114
    660.3400        1.0056
    660.3442        1.0013
    660.3483        0.9995
    660.3525        1.0002
    660.3566        1.0023
    660.3608        1.0048
    660.3649        1.0064
    660.3691        1.0064
    660.3732        1.0040
    660.3774        0.9992
    660.3815        0.9931
    660.3856        0.9874
    660.3898        0.9842
    660.3939        0.9846
    660.3981        0.9881
    660.4022        0.9925
    660.4064        0.9959
    660.4105        0.9981
    660.4147        1.0006
    660.4188        1.0047
    660.4230        1.0098
    660.4271        1.0151
    660.4313        1.0200
    660.4354        1.0244
    660.4395        1.0277
    660.4437        1.0301
    660.4478        1.0319
    660.4520        1.0343
    660.4561        1.0383
    660.4603        1.0439
    660.4644        1.0502
    660.4686        1.0549
    660.4727        1.0560
    660.4769        1.0526
    660.4810        1.0460
    660.4851        1.0381
    660.4893        1.0301
    660.4934        1.0224
    660.4976        1.0152
    660.5017        1.0099
    660.5059        1.0074
    660.5100        1.0074
    660.5142        1.0075
    660.5183        1.0059
    660.5225        1.0029
    660.5266        1.0010
    660.5308        1.0015
    660.5349        1.0035
    660.5390        1.0043
    660.5432        1.0022
    660.5473        0.9981
    660.5515        0.9944
    660.5556        0.9932
    660.5598        0.9951
    660.5639        0.9988
    660.5681        1.0026
    660.5722        1.0062
    660.5764        1.0106
    660.5805        1.0173
    660.5846        1.0260
    660.5888        1.0345
    660.5929        1.0397
    660.5971        1.0399
    660.6012        1.0354
    660.6054        1.0283
    660.6095        1.0210
    660.6137        1.0149
    660.6178        1.0101
    660.6220        1.0061
    660.6261        1.0024
    660.6303        0.9990
    660.6344        0.9965
    660.6385        0.9958
    660.6427        0.9978
    660.6468        1.0026
    660.6510        1.0101
    660.6551        1.0192
    660.6593        1.0279
    660.6634        1.0337
    660.6676        1.0351
    660.6717        1.0324
    660.6759        1.0274
    660.6800        1.0217
    660.6842        1.0164
    660.6883        1.0117
    660.6924        1.0080
    660.6966        1.0061
    660.7007        1.0066
    660.7049        1.0090
    660.7090        1.0115
    660.7132        1.0116
    660.7173        1.0084
    660.7215        1.0034
    660.7256        1.0001
    660.7298        1.0012
    660.7339        1.0073
    660.7380        1.0165
    660.7422        1.0265
    660.7463        1.0352
    660.7505        1.0416
    660.7546        1.0446
    660.7588        1.0440
    660.7629        1.0403
    660.7671        1.0346
    660.7712        1.0280
    660.7754        1.0219
    660.7795        1.0170
    660.7837        1.0137
    660.7878        1.0117
    660.7919        1.0102
    660.7961        1.0092
    660.8002        1.0097
    660.8044        1.0122
    660.8085        1.0161
    660.8127        1.0193
    660.8168        1.0199
    660.8210        1.0173
    660.8251        1.0128
    660.8293        1.0093
    660.8334        1.0086
    660.8376        1.0106
    660.8417        1.0133
    660.8458        1.0152
    660.8500        1.0157
    660.8541        1.0156
    660.8583        1.0161
    660.8624        1.0181
    660.8666        1.0212
    660.8707        1.0241
    660.8749        1.0255
    660.8790        1.0256
    660.8832        1.0262
    660.8873        1.0289
    660.8914        1.0337
    660.8956        1.0391
    660.8997        1.0434
    660.9039        1.0453
    660.9080        1.0441
    660.9122        1.0396
    660.9163        1.0329
    660.9205        1.0268
    660.9246        1.0235
    660.9288        1.0233
    660.9329        1.0250
    660.9371        1.0274
    660.9412        1.0301
    660.9453        1.0329
    660.9495        1.0352
    660.9536        1.0353
    660.9578        1.0318
    660.9619        1.0246
    660.9661        1.0149
    660.9702        1.0050
    660.9744        0.9973
    660.9785        0.9932
    660.9827        0.9918
    660.9868        0.9916
    660.9909        0.9910
    660.9951        0.9898
    660.9992        0.9888
    661.0034        0.9890
    661.0075        0.9915
    661.0117        0.9961
    661.0158        1.0021
    661.0200        1.0082
    661.0241        1.0138
    661.0283        1.0187
    661.0324        1.0236
    661.0366        1.0287
    661.0407        1.0335
    661.0448        1.0370
    661.0490        1.0380
    661.0531        1.0359
    661.0573        1.0311
    661.0614        1.0251
    661.0656        1.0200
    661.0697        1.0166
    661.0739        1.0139
    661.0780        1.0098
    661.0822        1.0034
    661.0863        0.9965
    661.0905        0.9930
    661.0946        0.9955
    661.0987        1.0033
    661.1029        1.0120
    661.1070        1.0160
    661.1112        1.0125
    661.1153        1.0030
    661.1195        0.9926
    661.1236        0.9857
    661.1278        0.9837
    661.1319        0.9853
    661.1361        0.9885
    661.1402        0.9924
    661.1443        0.9974
    661.1485        1.0043
    661.1526        1.0135
    661.1568        1.0238
    661.1609        1.0332
    661.1651        1.0393
    661.1692        1.0405
    661.1734        1.0371
    661.1775        1.0305
    661.1817        1.0223
    661.1858        1.0137
    661.1900        1.0060
    661.1941        1.0007
    661.1982        0.9999
    661.2024        1.0041
    661.2065        1.0119
    661.2107        1.0197
    661.2148        1.0241
    661.2190        1.0231
    661.2231        1.0164
    661.2273        1.0057
    661.2314        0.9942
    661.2356        0.9845
