    649.6451        1.0073
    649.6492        1.0109
    649.6534        1.0138
    649.6575        1.0139
    649.6617        1.0106
    649.6658        1.0039
    649.6699        0.9959
    649.6741        0.9888
    649.6782        0.9842
    649.6824        0.9824
    649.6865        0.9826
    649.6907        0.9837
    649.6948        0.9849
    649.6990        0.9862
    649.7031        0.9880
    649.7073        0.9904
    649.7114        0.9931
    649.7155        0.9954
    649.7197        0.9964
    649.7238        0.9957
    649.7280        0.9930
    649.7321        0.9890
    649.7363        0.9839
    649.7404        0.9783
    649.7446        0.9726
    649.7487        0.9673
    649.7529        0.9631
    649.7570        0.9607
    649.7612        0.9610
    649.7653        0.9647
    649.7694        0.9719
    649.7736        0.9815
    649.7777        0.9915
    649.7819        0.9996
    649.7860        1.0044
    649.7902        1.0059
    649.7943        1.0055
    649.7985        1.0055
    649.8026        1.0075
    649.8068        1.0114
    649.8109        1.0157
    649.8151        1.0183
    649.8192        1.0167
    649.8233        1.0101
    649.8275        0.9989
    649.8316        0.9852
    649.8358        0.9727
    649.8399        0.9647
    649.8441        0.9631
    649.8482        0.9676
    649.8524        0.9761
    649.8565        0.9857
    649.8607        0.9938
    649.8648        0.9992
    649.8689        1.0019
    649.8731        1.0031
    649.8772        1.0043
    649.8814        1.0065
    649.8855        1.0097
    649.8897        1.0135
    649.8938        1.0172
    649.8980        1.0205
    649.9021        1.0237
    649.9063        1.0274
    649.9104        1.0316
    649.9146        1.0355
    649.9187        1.0381
    649.9228        1.0380
    649.9270        1.0349
    649.9311        1.0294
    649.9353        1.0220
    649.9394        1.0139
    649.9436        1.0062
    649.9477        0.9993
    649.9519        0.9940
    649.9560        0.9904
    649.9602        0.9889
    649.9643        0.9900
    649.9685        0.9940
    649.9726        1.0012
    649.9767        1.0107
    649.9809        1.0207
    649.9850        1.0289
    649.9892        1.0330
    649.9933        1.0322
    649.9975        1.0266
    650.0016        1.0175
    650.0058        1.0077
    650.0099        0.9999
    650.0141        0.9960
    650.0182        0.9967
    650.0223        1.0013
    650.0265        1.0082
    650.0306        1.0158
    650.0348        1.0227
    650.0389        1.0284
    650.0431        1.0327
    650.0472        1.0356
    650.0514        1.0369
    650.0555        1.0371
    650.0597        1.0355
    650.0638        1.0316
    650.0680        1.0250
    650.0721        1.0163
    650.0762        1.0073
    650.0804        1.0006
    650.0845        0.9982
    650.0887        1.0005
    650.0928        1.0058
    650.0970        1.0118
    650.1011        1.0162
    650.1053        1.0179
    650.1094        1.0172
    650.1136        1.0141
    650.1177        1.0082
    650.1218        0.9995
    650.1260        0.9880
    650.1301        0.9755
    650.1343        0.9647
    650.1384        0.9586
    650.1426        0.9586
    650.1467        0.9645
    650.1509        0.9737
    650.1550        0.9831
    650.1592        0.9902
    650.1633        0.9941
    650.1675        0.9955
    650.1716        0.9960
    650.1757        0.9975
    650.1799        1.0005
    650.1840        1.0050
    650.1882        1.0101
    650.1923        1.0152
    650.1965        1.0197
    650.2006        1.0232
    650.2048        1.0253
    650.2089        1.0254
    650.2131        1.0228
    650.2172        1.0180
    650.2214        1.0115
    650.2255        1.0049
    650.2296        0.9997
    650.2338        0.9966
    650.2379        0.9962
    650.2421        0.9980
    650.2462        1.0008
    650.2504        1.0033
    650.2545        1.0036
    650.2587        1.0010
    650.2628        0.9956
    650.2670        0.9891
    650.2711        0.9836
    650.2752        0.9807
    650.2794        0.9806
    650.2835        0.9825
    650.2877        0.9851
    650.2918        0.9875
    650.2960        0.9898
    650.3001        0.9924
    650.3043        0.9951
    650.3084        0.9982
    650.3126        1.0013
    650.3167        1.0044
    650.3209        1.0075
    650.3250        1.0106
    650.3291        1.0130
    650.3333        1.0141
    650.3374        1.0136
    650.3416        1.0115
    650.3457        1.0081
    650.3499        1.0035
    650.3540        0.9978
    650.3582        0.9908
    650.3623        0.9828
    650.3665        0.9743
    650.3706        0.9666
    650.3748        0.9614
    650.3789        0.9597
    650.3830        0.9619
    650.3872        0.9673
    650.3913        0.9744
    650.3955        0.9813
    650.3996        0.9865
    650.4038        0.9897
    650.4079        0.9913
    650.4121        0.9921
    650.4162        0.9931
    650.4204        0.9947
    650.4245        0.9970
    650.4286        0.9993
    650.4328        1.0012
    650.4369        1.0026
    650.4411        1.0041
    650.4452        1.0063
    650.4494        1.0099
    650.4535        1.0148
    650.4577        1.0199
    650.4618        1.0238
    650.4660        1.0253
    650.4701        1.0242
    650.4743        1.0215
    650.4784        1.0189
    650.4825        1.0181
    650.4867        1.0200
    650.4908        1.0238
    650.4950        1.0278
    650.4991        1.0304
    650.5033        1.0308
    650.5074        1.0291
    650.5116        1.0259
    650.5157        1.0216
    650.5199        1.0163
    650.5240        1.0098
    650.5281        1.0018
    650.5323        0.9928
    650.5364        0.9840
    650.5406        0.9777
    650.5447        0.9763
    650.5489        0.9814
    650.5530        0.9932
    650.5572        1.0100
    650.5613        1.0279
    650.5655        1.0424
    650.5696        1.0497
    650.5738        1.0484
    650.5779        1.0399
    650.5820        1.0276
    650.5862        1.0159
    650.5903        1.0081
    650.5945        1.0059
    650.5986        1.0087
    650.6028        1.0144
    650.6069        1.0208
    650.6111        1.0267
    650.6152        1.0313
    650.6194        1.0345
    650.6235        1.0361
    650.6277        1.0362
    650.6318        1.0352
    650.6359        1.0336
    650.6401        1.0324
    650.6442        1.0318
    650.6484        1.0311
    650.6525        1.0297
    650.6567        1.0266
    650.6608        1.0219
    650.6650        1.0166
    650.6691        1.0119
    650.6733        1.0087
    650.6774        1.0074
    650.6815        1.0074
    650.6857        1.0081
    650.6898        1.0087
    650.6940        1.0086
    650.6981        1.0076
    650.7023        1.0064
    650.7064        1.0055
    650.7106        1.0055
    650.7147        1.0069
    650.7189        1.0096
    650.7230        1.0125
    650.7272        1.0147
    650.7313        1.0154
    650.7354        1.0146
    650.7396        1.0129
    650.7437        1.0111
    650.7479        1.0098
    650.7520        1.0087
    650.7562        1.0070
    650.7603        1.0043
    650.7645        1.0007
    650.7686        0.9975
    650.7728        0.9957
    650.7769        0.9959
    650.7811        0.9971
    650.7852        0.9977
    650.7893        0.9959
    650.7935        0.9911
    650.7976        0.9840
    650.8018        0.9766
    650.8059        0.9710
    650.8101        0.9694
    650.8142        0.9723
    650.8184        0.9796
    650.8225        0.9895
    650.8267        0.9992
    650.8308        1.0060
    650.8349        1.0080
    650.8391        1.0043
    650.8432        0.9958
    650.8474        0.9848
    650.8515        0.9737
    650.8557        0.9652
    650.8598        0.9610
    650.8640        0.9608
    650.8681        0.9635
    650.8723        0.9672
    650.8764        0.9699
    650.8806        0.9713
    650.8847        0.9713
    650.8888        0.9710
    650.8930        0.9713
    650.8971        0.9728
    650.9013        0.9755
    650.9054        0.9800
    650.9096        0.9863
    650.9137        0.9941
    650.9179        1.0030
    650.9220        1.0116
    650.9262        1.0182
    650.9303        1.0212
    650.9344        1.0199
    650.9386        1.0148
    650.9427        1.0079
    650.9469        1.0017
    650.9510        0.9981
    650.9552        0.9976
    650.9593        0.9996
    650.9635        1.0029
    650.9676        1.0064
    650.9718        1.0094
    650.9759        1.0119
    650.9801        1.0134
    650.9842        1.0138
    650.9883        1.0127
    650.9925        1.0106
    650.9966        1.0080
    651.0008        1.0059
    651.0049        1.0050
    651.0091        1.0058
    651.0132        1.0080
    651.0174        1.0110
    651.0215        1.0138
    651.0257        1.0153
    651.0298        1.0143
    651.0340        1.0101
    651.0381        1.0032
    651.0422        0.9943
    651.0464        0.9851
    651.0505        0.9769
    651.0547        0.9705
    651.0588        0.9660
    651.0630        0.9636
    651.0671        0.9630
    651.0713        0.9642
    651.0754        0.9672
    651.0796        0.9714
    651.0837        0.9764
    651.0878        0.9814
    651.0920        0.9857
    651.0961        0.9886
    651.1003        0.9899
    651.1044        0.9899
    651.1086        0.9887
    651.1127        0.9867
    651.1169        0.9841
    651.1210        0.9813
    651.1252        0.9785
    651.1293        0.9762
    651.1335        0.9744
    651.1376        0.9728
    651.1417        0.9709
    651.1459        0.9682
    651.1500        0.9652
    651.1542        0.9632
    651.1583        0.9636
    651.1625        0.9674
    651.1666        0.9741
    651.1708        0.9820
    651.1749        0.9892
    651.1791        0.9939
    651.1832        0.9956
    651.1874        0.9945
    651.1915        0.9909
    651.1956        0.9856
    651.1998        0.9790
    651.2039        0.9716
    651.2081        0.9643
    651.2122        0.9584
    651.2164        0.9552
    651.2205        0.9556
    651.2247        0.9593
    651.2288        0.9652
    651.2330        0.9714
    651.2371        0.9764
    651.2412        0.9790
    651.2454        0.9796
    651.2495        0.9793
    651.2537        0.9797
    651.2578        0.9819
    651.2620        0.9865
    651.2661        0.9925
    651.2703        0.9986
    651.2744        1.0027
    651.2786        1.0038
    651.2827        1.0023
    651.2869        1.0000
    651.2910        0.9991
    651.2951        1.0015
    651.2993        1.0075
    651.3034        1.0162
    651.3076        1.0253
    651.3117        1.0327
    651.3159        1.0364
    651.3200        1.0354
    651.3242        1.0294
    651.3283        1.0197
    651.3325        1.0085
    651.3366        0.9992
    651.3407        0.9942
    651.3449        0.9943
    651.3490        0.9987
    651.3532        1.0047
    651.3573        1.0093
    651.3615        1.0106
    651.3656        1.0078
    651.3698        1.0014
    651.3739        0.9928
    651.3781        0.9837
    651.3822        0.9753
    651.3864        0.9687
    651.3905        0.9648
    651.3946        0.9642
    651.3988        0.9665
    651.4029        0.9709
    651.4071        0.9760
    651.4112        0.9802
    651.4154        0.9822
    651.4195        0.9807
    651.4237        0.9757
    651.4278        0.9676
    651.4320        0.9573
    651.4361        0.9461
    651.4403        0.9349
    651.4444        0.9243
    651.4485        0.9149
    651.4527        0.9068
    651.4568        0.9001
    651.4610        0.8951
    651.4651        0.8916
    651.4693        0.8898
    651.4734        0.8893
    651.4776        0.8900
    651.4817        0.8921
    651.4859        0.8958
    651.4900        0.9022
    651.4941        0.9122
    651.4983        0.9265
    651.5024        0.9446
    651.5066        0.9646
    651.5107        0.9835
    651.5149        0.9979
    651.5190        1.0054
    651.5232        1.0055
    651.5273        0.9996
    651.5315        0.9908
    651.5356        0.9821
    651.5398        0.9759
    651.5439        0.9732
    651.5480        0.9732
    651.5522        0.9749
    651.5563        0.9761
    651.5605        0.9751
    651.5646        0.9711
    651.5688        0.9640
    651.5729        0.9553
    651.5771        0.9464
    651.5812        0.9387
    651.5854        0.9326
    651.5895        0.9277
    651.5937        0.9236
    651.5978        0.9207
    651.6019        0.9199
    651.6061        0.9217
    651.6102        0.9258
    651.6144        0.9307
    651.6185        0.9341
    651.6227        0.9344
    651.6268        0.9306
    651.6310        0.9226
    651.6351        0.9110
    651.6393        0.8963
    651.6434        0.8795
    651.6475        0.8621
    651.6517        0.8461
    651.6558        0.8337
    651.6600        0.8262
    651.6641        0.8244
    651.6683        0.8285
    651.6724        0.8380
    651.6766        0.8523
    651.6807        0.8703
    651.6849        0.8903
    651.6890        0.9100
    651.6932        0.9272
    651.6973        0.9401
    651.7014        0.9477
    651.7056        0.9504
    651.7097        0.9494
    651.7139        0.9466
    651.7180        0.9442
    651.7222        0.9441
    651.7263        0.9476
    651.7305        0.9545
    651.7346        0.9638
    651.7388        0.9735
    651.7429        0.9822
    651.7470        0.9882
    651.7512        0.9914
    651.7553        0.9922
    651.7595        0.9911
    651.7636        0.9887
    651.7678        0.9857
    651.7719        0.9825
    651.7761        0.9795
    651.7802        0.9769
    651.7844        0.9750
    651.7885        0.9736
    651.7927        0.9730
    651.7968        0.9734
    651.8009        0.9753
    651.8051        0.9790
    651.8092        0.9838
    651.8134        0.9883
    651.8175        0.9911
    651.8217        0.9912
    651.8258        0.9888
    651.8300        0.9850
    651.8341        0.9816
    651.8383        0.9795
    651.8424        0.9789
    651.8466        0.9792
    651.8507        0.9790
    651.8548        0.9773
    651.8590        0.9733
    651.8631        0.9670
    651.8673        0.9589
    651.8714        0.9495
    651.8756        0.9403
    651.8797        0.9329
    651.8839        0.9290
    651.8880        0.9295
    651.8922        0.9337
    651.8963        0.9397
    651.9004        0.9452
    651.9046        0.9486
    651.9087        0.9502
    651.9129        0.9514
    651.9170        0.9536
    651.9212        0.9573
    651.9253        0.9609
    651.9295        0.9617
    651.9336        0.9568
    651.9378        0.9452
    651.9419        0.9284
    651.9461        0.9101
    651.9502        0.8950
    651.9543        0.8870
    651.9585        0.8876
    651.9626        0.8954
    651.9668        0.9075
    651.9709        0.9204
    651.9751        0.9321
    651.9792        0.9420
    651.9834        0.9501
    651.9875        0.9569
    651.9917        0.9618
    651.9958        0.9641
    652.0000        0.9638
    652.0041        0.9615
    652.0082        0.9586
    652.0124        0.9569
    652.0165        0.9576
    652.0207        0.9606
    652.0248        0.9652
    652.0290        0.9703
    652.0331        0.9747
    652.0373        0.9781
    652.0414        0.9807
    652.0456        0.9833
    652.0497        0.9861
    652.0538        0.9890
    652.0580        0.9915
    652.0621        0.9933
    652.0663        0.9944
    652.0704        0.9953
    652.0746        0.9961
    652.0787        0.9967
    652.0829        0.9967
    652.0870        0.9960
    652.0912        0.9952
    652.0953        0.9956
    652.0995        0.9990
    652.1036        1.0064
    652.1077        1.0173
    652.1119        1.0298
    652.1160        1.0405
    652.1202        1.0456
    652.1243        1.0427
    652.1285        1.0316
    652.1326        1.0150
    652.1368        0.9967
    652.1409        0.9807
    652.1451        0.9691
    652.1492        0.9626
    652.1533        0.9601
    652.1575        0.9605
    652.1616        0.9630
    652.1658        0.9671
    652.1699        0.9723
    652.1741        0.9786
    652.1782        0.9856
    652.1824        0.9932
    652.1865        1.0014
    652.1907        1.0094
    652.1948        1.0162
    652.1990        1.0208
    652.2031        1.0227
    652.2072        1.0220
    652.2114        1.0193
    652.2155        1.0157
    652.2197        1.0116
    652.2238        1.0075
    652.2280        1.0029
    652.2321        0.9971
    652.2363        0.9898
    652.2404        0.9813
    652.2446        0.9722
    652.2487        0.9641
    652.2529        0.9583
    652.2570        0.9559
    652.2611        0.9577
    652.2653        0.9633
    652.2694        0.9719
    652.2736        0.9816
    652.2777        0.9902
    652.2819        0.9962
    652.2860        0.9989
    652.2902        0.9991
    652.2943        0.9978
    652.2985        0.9964
    652.3026        0.9956
    652.3067        0.9952
    652.3109        0.9950
    652.3150        0.9941
    652.3192        0.9919
    652.3233        0.9888
    652.3275        0.9852
    652.3316        0.9827
    652.3358        0.9822
    652.3399        0.9840
    652.3441        0.9874
    652.3482        0.9907
    652.3524        0.9921
    652.3565        0.9897
    652.3606        0.9834
    652.3648        0.9737
    652.3689        0.9623
    652.3731        0.9514
    652.3772        0.9428
    652.3814        0.9377
    652.3855        0.9364
    652.3897        0.9384
    652.3938        0.9428
    652.3980        0.9489
    652.4021        0.9559
    652.4062        0.9638
    652.4104        0.9720
    652.4145        0.9804
    652.4187        0.9883
    652.4228        0.9953
    652.4270        1.0009
    652.4311        1.0044
    652.4353        1.0057
    652.4394        1.0040
    652.4436        0.9994
    652.4477        0.9920
    652.4519        0.9826
    652.4560        0.9724
    652.4601        0.9629
    652.4643        0.9554
    652.4684        0.9509
    652.4726        0.9498
    652.4767        0.9520
    652.4809        0.9569
    652.4850        0.9634
    652.4892        0.9703
    652.4933        0.9767
    652.4975        0.9826
    652.5016        0.9883
    652.5058        0.9943
    652.5099        1.0006
    652.5140        1.0061
    652.5182        1.0098
    652.5223        1.0106
    652.5265        1.0086
    652.5306        1.0042
    652.5348        0.9986
    652.5389        0.9931
    652.5431        0.9885
    652.5472        0.9852
    652.5514        0.9832
    652.5555        0.9824
    652.5596        0.9832
    652.5638        0.9855
    652.5679        0.9893
    652.5721        0.9942
    652.5762        0.9991
    652.5804        1.0034
    652.5845        1.0066
    652.5887        1.0091
    652.5928        1.0117
    652.5970        1.0151
    652.6011        1.0193
    652.6053        1.0236
    652.6094        1.0269
    652.6135        1.0275
    652.6177        1.0247
    652.6218        1.0181
    652.6260        1.0087
    652.6301        0.9979
    652.6343        0.9874
    652.6384        0.9786
    652.6426        0.9725
    652.6467        0.9687
    652.6509        0.9671
    652.6550        0.9668
    652.6592        0.9670
    652.6633        0.9674
    652.6674        0.9678
    652.6716        0.9686
    652.6757        0.9706
    652.6799        0.9745
    652.6840        0.9805
    652.6882        0.9875
    652.6923        0.9936
    652.6965        0.9971
    652.7006        0.9977
    652.7048        0.9968
    652.7089        0.9965
    652.7130        0.9983
    652.7172        1.0019
    652.7213        1.0057
    652.7255        1.0074
    652.7296        1.0064
    652.7338        1.0031
    652.7379        0.9986
    652.7421        0.9942
    652.7462        0.9900
    652.7504        0.9858
    652.7545        0.9816
    652.7587        0.9776
    652.7628        0.9743
    652.7669        0.9718
    652.7711        0.9694
    652.7752        0.9661
    652.7794        0.9614
    652.7835        0.9554
    652.7877        0.9492
    652.7918        0.9440
    652.7960        0.9403
    652.8001        0.9379
    652.8043        0.9370
    652.8084        0.9383
    652.8125        0.9424
    652.8167        0.9500
    652.8208        0.9603
    652.8250        0.9718
    652.8291        0.9824
    652.8333        0.9903
    652.8374        0.9949
    652.8416        0.9963
    652.8457        0.9953
    652.8499        0.9929
    652.8540        0.9898
    652.8582        0.9864
    652.8623        0.9829
    652.8664        0.9792
    652.8706        0.9758
    652.8747        0.9733
    652.8789        0.9722
    652.8830        0.9731
    652.8872        0.9756
    652.8913        0.9786
    652.8955        0.9809
    652.8996        0.9818
    652.9038        0.9805
    652.9079        0.9774
    652.9121        0.9732
    652.9162        0.9687
    652.9203        0.9651
    652.9245        0.9632
    652.9286        0.9640
    652.9328        0.9682
    652.9369        0.9754
    652.9411        0.9841
    652.9452        0.9917
    652.9494        0.9955
    652.9535        0.9937
    652.9577        0.9865
    652.9618        0.9764
    652.9659        0.9658
    652.9701        0.9577
    652.9742        0.9529
    652.9784        0.9519
    652.9825        0.9541
    652.9867        0.9594
    652.9908        0.9671
    652.9950        0.9763
    652.9991        0.9855
    653.0033        0.9932
    653.0074        0.9987
    653.0116        1.0019
    653.0157        1.0036
    653.0198        1.0044
    653.0240        1.0043
    653.0281        1.0025
    653.0323        0.9979
    653.0364        0.9902
    653.0406        0.9805
    653.0447        0.9713
    653.0489        0.9649
    653.0530        0.9624
    653.0572        0.9636
    653.0613        0.9668
    653.0655        0.9701
    653.0696        0.9724
    653.0737        0.9739
    653.0779        0.9754
    653.0820        0.9778
    653.0862        0.9814
    653.0903        0.9856
    653.0945        0.9887
    653.0986        0.9899
    653.1028        0.9887
    653.1069        0.9860
    653.1111        0.9835
    653.1152        0.9833
    653.1193        0.9871
    653.1235        0.9951
    653.1276        1.0063
    653.1318        1.0184
    653.1359        1.0280
    653.1401        1.0332
    653.1442        1.0336
    653.1484        1.0304
    653.1525        1.0261
    653.1567        1.0228
    653.1608        1.0219
    653.1650        1.0242
    653.1691        1.0295
    653.1732        1.0372
    653.1774        1.0460
    653.1815        1.0545
    653.1857        1.0609
    653.1898        1.0630
    653.1940        1.0589
    653.1981        1.0479
    653.2023        1.0302
    653.2064        1.0080
    653.2106        0.9845
    653.2147        0.9627
    653.2188        0.9450
    653.2230        0.9329
    653.2271        0.9269
    653.2313        0.9261
    653.2354        0.9290
    653.2396        0.9340
    653.2437        0.9394
    653.2479        0.9442
    653.2520        0.9485
    653.2562        0.9524
    653.2603        0.9566
    653.2645        0.9612
    653.2686        0.9665
    653.2727        0.9719
    653.2769        0.9770
    653.2810        0.9812
    653.2852        0.9842
    653.2893        0.9856
    653.2935        0.9853
    653.2976        0.9832
    653.3018        0.9795
    653.3059        0.9751
    653.3101        0.9717
    653.3142        0.9708
    653.3184        0.9736
    653.3225        0.9798
    653.3266        0.9873
    653.3308        0.9936
    653.3349        0.9967
    653.3391        0.9964
    653.3432        0.9942
    653.3474        0.9924
    653.3515        0.9934
    653.3557        0.9975
    653.3598        1.0037
    653.3640        1.0096
    653.3681        1.0127
    653.3722        1.0116
    653.3764        1.0065
    653.3805        0.9984
    653.3847        0.9887
    653.3888        0.9788
    653.3930        0.9696
    653.3971        0.9616
    653.4013        0.9552
    653.4054        0.9508
    653.4096        0.9483
    653.4137        0.9477
    653.4179        0.9490
    653.4220        0.9520
    653.4261        0.9568
    653.4303        0.9630
    653.4344        0.9700
    653.4386        0.9771
    653.4427        0.9838
    653.4469        0.9887
    653.4510        0.9908
    653.4552        0.9891
    653.4593        0.9836
    653.4635        0.9755
    653.4676        0.9671
    653.4718        0.9611
    653.4759        0.9597
    653.4800        0.9630
    653.4842        0.9698
    653.4883        0.9772
    653.4925        0.9828
    653.4966        0.9849
    653.5008        0.9831
    653.5049        0.9776
    653.5091        0.9696
    653.5132        0.9608
    653.5174        0.9533
    653.5215        0.9492
    653.5256        0.9495
    653.5298        0.9536
    653.5339        0.9601
    653.5381        0.9671
    653.5422        0.9733
    653.5464        0.9780
    653.5505        0.9811
    653.5547        0.9820
    653.5588        0.9809
    653.5630        0.9777
    653.5671        0.9737
    653.5713        0.9703
    653.5754        0.9688
    653.5795        0.9702
    653.5837        0.9737
    653.5878        0.9782
    653.5920        0.9822
    653.5961        0.9849
    653.6003        0.9865
    653.6044        0.9873
    653.6086        0.9877
    653.6127        0.9878
    653.6169        0.9868
    653.6210        0.9845
    653.6251        0.9808
    653.6293        0.9767
    653.6334        0.9731
    653.6376        0.9705
    653.6417        0.9691
    653.6459        0.9684
    653.6500        0.9679
    653.6542        0.9673
    653.6583        0.9669
    653.6625        0.9676
    653.6666        0.9702
    653.6708        0.9747
    653.6749        0.9805
    653.6790        0.9860
    653.6832        0.9896
    653.6873        0.9903
    653.6915        0.9886
    653.6956        0.9859
    653.6998        0.9842
    653.7039        0.9850
    653.7081        0.9889
    653.7122        0.9950
    653.7164        1.0014
    653.7205        1.0065
    653.7247        1.0090
    653.7288        1.0089
    653.7329        1.0070
    653.7371        1.0048
    653.7412        1.0032
    653.7454        1.0027
    653.7495        1.0029
    653.7537        1.0029
    653.7578        1.0018
    653.7620        0.9994
    653.7661        0.9961
    653.7703        0.9930
    653.7744        0.9912
    653.7785        0.9909
    653.7827        0.9915
    653.7868        0.9921
    653.7910        0.9919
    653.7951        0.9911
    653.7993        0.9906
    653.8034        0.9910
    653.8076        0.9922
    653.8117        0.9934
    653.8159        0.9935
    653.8200        0.9927
    653.8242        0.9919
    653.8283        0.9931
    653.8324        0.9976
    653.8366        1.0050
    653.8407        1.0133
    653.8449        1.0200
    653.8490        1.0230
    653.8532        1.0215
    653.8573        1.0166
    653.8615        1.0102
    653.8656        1.0043
    653.8698        0.9999
    653.8739        0.9969
    653.8781        0.9946
    653.8822        0.9923
    653.8863        0.9893
    653.8905        0.9860
    653.8946        0.9828
    653.8988        0.9804
    653.9029        0.9796
    653.9071        0.9804
    653.9112        0.9826
    653.9154        0.9848
    653.9195        0.9862
    653.9237        0.9865
    653.9278        0.9864
    653.9319        0.9873
    653.9361        0.9901
    653.9402        0.9950
    653.9444        1.0011
    653.9485        1.0079
    653.9527        1.0146
    653.9568        1.0217
    653.9610        1.0291
    653.9651        1.0362
    653.9693        1.0422
    653.9734        1.0465
    653.9776        1.0489
    653.9817        1.0498
    653.9858        1.0490
    653.9900        1.0463
    653.9941        1.0412
    653.9983        1.0340
    654.0024        1.0257
    654.0066        1.0175
    654.0107        1.0106
    654.0149        1.0055
    654.0190        1.0028
    654.0232        1.0024
    654.0273        1.0039
    654.0314        1.0071
    654.0356        1.0113
    654.0397        1.0164
    654.0439        1.0214
    654.0480        1.0259
    654.0522        1.0291
    654.0563        1.0304
    654.0605        1.0302
    654.0646        1.0293
    654.0688        1.0286
    654.0729        1.0286
    654.0771        1.0286
    654.0812        1.0274
    654.0853        1.0238
    654.0895        1.0175
    654.0936        1.0093
    654.0978        1.0010
    654.1019        0.9949
    654.1061        0.9925
    654.1102        0.9941
    654.1144        0.9986
    654.1185        1.0046
    654.1227        1.0110
    654.1268        1.0173
    654.1310        1.0236
    654.1351        1.0303
    654.1392        1.0375
    654.1434        1.0449
    654.1475        1.0512
    654.1517        1.0548
    654.1558        1.0539
    654.1600        1.0474
    654.1641        1.0360
    654.1683        1.0216
    654.1724        1.0068
    654.1766        0.9941
    654.1807        0.9848
    654.1848        0.9789
    654.1890        0.9757
    654.1931        0.9741
    654.1973        0.9733
    654.2014        0.9726
    654.2056        0.9708
    654.2097        0.9674
    654.2139        0.9623
    654.2180        0.9560
    654.2222        0.9495
    654.2263        0.9439
    654.2305        0.9398
    654.2346        0.9372
    654.2387        0.9362
    654.2429        0.9372
    654.2470        0.9413
    654.2512        0.9490
    654.2553        0.9602
    654.2595        0.9736
    654.2636        0.9871
    654.2678        0.9990
    654.2719        1.0083
    654.2761        1.0147
    654.2802        1.0185
    654.2844        1.0199
    654.2885        1.0188
    654.2926        1.0157
    654.2968        1.0108
    654.3009        1.0049
    654.3051        0.9986
    654.3092        0.9921
    654.3134        0.9858
    654.3175        0.9795
    654.3217        0.9736
    654.3258        0.9687
    654.3300        0.9662
    654.3341        0.9668
    654.3382        0.9713
    654.3424        0.9791
    654.3465        0.9894
    654.3507        0.9999
    654.3548        1.0083
    654.3590        1.0119
    654.3631        1.0087
    654.3673        0.9982
    654.3714        0.9813
    654.3756        0.9603
    654.3797        0.9379
    654.3839        0.9171
    654.3880        0.9001
    654.3921        0.8891
    654.3963        0.8858
    654.4004        0.8910
    654.4046        0.9041
    654.4087        0.9228
    654.4129        0.9440
    654.4170        0.9644
    654.4212        0.9814
    654.4253        0.9937
    654.4295        1.0007
    654.4336        1.0028
    654.4377        1.0012
    654.4419        0.9971
    654.4460        0.9926
    654.4502        0.9896
    654.4543        0.9887
    654.4585        0.9899
    654.4626        0.9923
    654.4668        0.9947
    654.4709        0.9969
    654.4751        0.9990
    654.4792        1.0019
    654.4834        1.0065
    654.4875        1.0130
    654.4916        1.0204
    654.4958        1.0276
    654.4999        1.0331
    654.5041        1.0367
    654.5082        1.0381
    654.5124        1.0374
    654.5165        1.0350
    654.5207        1.0311
    654.5248        1.0262
    654.5290        1.0214
    654.5331        1.0182
    654.5373        1.0180
    654.5414        1.0219
    654.5455        1.0294
    654.5497        1.0389
    654.5538        1.0477
    654.5580        1.0531
    654.5621        1.0531
    654.5663        1.0478
    654.5704        1.0383
    654.5746        1.0269
    654.5787        1.0154
    654.5829        1.0048
    654.5870        0.9959
    654.5911        0.9891
    654.5953        0.9844
    654.5994        0.9822
    654.6036        0.9828
    654.6077        0.9863
    654.6119        0.9921
    654.6160        0.9997
    654.6202        1.0074
    654.6243        1.0139
    654.6285        1.0178
    654.6326        1.0187
    654.6368        1.0176
    654.6409        1.0155
    654.6450        1.0138
    654.6492        1.0127
    654.6533        1.0118
    654.6575        1.0107
    654.6616        1.0089
    654.6658        1.0070
    654.6699        1.0053
    654.6741        1.0045
    654.6782        1.0042
    654.6824        1.0036
    654.6865        1.0020
    654.6906        0.9995
    654.6948        0.9967
    654.6989        0.9947
    654.7031        0.9939
    654.7072        0.9947
    654.7114        0.9968
    654.7155        0.9991
    654.7197        1.0010
    654.7238        1.0018
    654.7280        1.0015
    654.7321        1.0010
    654.7363        1.0008
    654.7404        1.0009
    654.7445        1.0001
    654.7487        0.9974
    654.7528        0.9925
    654.7570        0.9866
    654.7611        0.9819
    654.7653        0.9808
    654.7694        0.9842
    654.7736        0.9916
    654.7777        1.0008
    654.7819        1.0086
    654.7860        1.0123
    654.7902        1.0108
    654.7943        1.0053
    654.7984        0.9982
    654.8026        0.9916
    654.8067        0.9871
    654.8109        0.9849
    654.8150        0.9846
    654.8192        0.9860
    654.8233        0.9890
    654.8275        0.9927
    654.8316        0.9959
    654.8358        0.9960
    654.8399        0.9909
    654.8440        0.9798
    654.8482        0.9639
    654.8523        0.9464
    654.8565        0.9316
    654.8606        0.9232
    654.8648        0.9237
    654.8689        0.9327
    654.8731        0.9480
    654.8772        0.9658
    654.8814        0.9829
    654.8855        0.9965
    654.8897        1.0060
    654.8938        1.0114
    654.8979        1.0128
    654.9021        1.0106
    654.9062        1.0049
    654.9104        0.9967
    654.9145        0.9876
    654.9187        0.9798
    654.9228        0.9754
    654.9270        0.9748
    654.9311        0.9775
    654.9353        0.9814
    654.9394        0.9844
    654.9436        0.9846
    654.9477        0.9817
    654.9518        0.9768
    654.9560        0.9725
    654.9601        0.9712
    654.9643        0.9743
    654.9684        0.9812
    654.9726        0.9900
    654.9767        0.9985
    654.9809        1.0050
    654.9850        1.0092
    654.9892        1.0114
    654.9933        1.0123
    654.9974        1.0127
    655.0016        1.0133
    655.0057        1.0144
    655.0099        1.0162
    655.0140        1.0181
    655.0182        1.0200
    655.0223        1.0216
    655.0265        1.0232
    655.0306        1.0252
    655.0348        1.0277
    655.0389        1.0311
    655.0431        1.0356
    655.0472        1.0414
    655.0513        1.0480
    655.0555        1.0545
    655.0596        1.0590
    655.0638        1.0595
    655.0679        1.0551
    655.0721        1.0464
    655.0762        1.0350
    655.0804        1.0231
    655.0845        1.0123
    655.0887        1.0036
    655.0928        0.9969
    655.0969        0.9919
    655.1011        0.9887
    655.1052        0.9870
    655.1094        0.9868
    655.1135        0.9877
    655.1177        0.9896
    655.1218        0.9919
    655.1260        0.9944
    655.1301        0.9965
    655.1343        0.9977
    655.1384        0.9974
    655.1426        0.9951
    655.1467        0.9906
    655.1508        0.9842
    655.1550        0.9768
    655.1591        0.9692
    655.1633        0.9620
    655.1674        0.9559
    655.1716        0.9511
    655.1757        0.9483
    655.1799        0.9476
    655.1840        0.9487
    655.1882        0.9504
    655.1923        0.9520
    655.1965        0.9531
    655.2006        0.9545
    655.2047        0.9578
    655.2089        0.9643
    655.2130        0.9744
    655.2172        0.9870
    655.2213        0.9991
    655.2255        1.0075
    655.2296        1.0091
    655.2338        1.0027
    655.2379        0.9886
    655.2421        0.9687
    655.2462        0.9460
    655.2503        0.9232
    655.2545        0.9033
    655.2586        0.8888
    655.2628        0.8817
    655.2669        0.8824
    655.2711        0.8901
    655.2752        0.9026
    655.2794        0.9167
    655.2835        0.9296
    655.2877        0.9402
    655.2918        0.9486
    655.2960        0.9560
    655.3001        0.9640
    655.3042        0.9729
    655.3084        0.9827
    655.3125        0.9927
    655.3167        1.0025
    655.3208        1.0117
    655.3250        1.0200
    655.3291        1.0267
    655.3333        1.0306
    655.3374        1.0305
    655.3416        1.0259
    655.3457        1.0171
    655.3499        1.0058
    655.3540        0.9948
    655.3581        0.9864
    655.3623        0.9819
    655.3664        0.9812
    655.3706        0.9836
    655.3747        0.9882
    655.3789        0.9950
    655.3830        1.0039
    655.3872        1.0146
    655.3913        1.0261
    655.3955        1.0368
    655.3996        1.0449
    655.4037        1.0490
    655.4079        1.0489
    655.4120        1.0451
    655.4162        1.0387
    655.4203        1.0312
    655.4245        1.0238
    655.4286        1.0177
    655.4328        1.0139
    655.4369        1.0132
    655.4411        1.0150
    655.4452        1.0182
    655.4494        1.0212
    655.4535        1.0227
    655.4576        1.0225
    655.4618        1.0215
    655.4659        1.0211
    655.4701        1.0217
    655.4742        1.0234
    655.4784        1.0255
    655.4825        1.0272
    655.4867        1.0283
    655.4908        1.0286
    655.4950        1.0285
    655.4991        1.0290
    655.5032        1.0312
    655.5074        1.0364
    655.5115        1.0449
    655.5157        1.0553
    655.5198        1.0655
    655.5240        1.0729
    655.5281        1.0762
    655.5323        1.0753
    655.5364        1.0716
    655.5406        1.0667
    655.5447        1.0613
    655.5489        1.0551
    655.5530        1.0473
    655.5571        1.0383
    655.5613        1.0290
    655.5654        1.0213
    655.5696        1.0168
    655.5737        1.0160
    655.5779        1.0171
    655.5820        1.0182
    655.5862        1.0182
    655.5903        1.0178
    655.5945        1.0192
    655.5986        1.0246
    655.6028        1.0342
    655.6069        1.0469
    655.6110        1.0598
    655.6152        1.0704
    655.6193        1.0775
    655.6235        1.0813
    655.6276        1.0831
    655.6318        1.0842
    655.6359        1.0852
    655.6401        1.0871
    655.6442        1.0902
    655.6484        1.0946
    655.6525        1.0995
    655.6566        1.1038
    655.6608        1.1058
    655.6649        1.1049
    655.6691        1.1012
    655.6732        1.0954
    655.6774        1.0886
    655.6815        1.0812
    655.6857        1.0733
    655.6898        1.0643
    655.6940        1.0547
    655.6981        1.0448
    655.7023        1.0364
    655.7064        1.0304
    655.7105        1.0280
    655.7147        1.0288
    655.7188        1.0325
    655.7230        1.0385
    655.7271        1.0473
    655.7313        1.0591
    655.7354        1.0738
    655.7396        1.0895
    655.7437        1.1034
    655.7479        1.1123
    655.7520        1.1141
    655.7562        1.1087
    655.7603        1.0983
    655.7644        1.0865
    655.7686        1.0772
    655.7727        1.0733
    655.7769        1.0755
    655.7810        1.0827
    655.7852        1.0931
    655.7893        1.1041
    655.7935        1.1133
    655.7976        1.1187
    655.8018        1.1190
    655.8059        1.1143
    655.8100        1.1064
    655.8142        1.0981
    655.8183        1.0921
    655.8225        1.0892
    655.8266        1.0882
    655.8308        1.0871
    655.8349        1.0842
    655.8391        1.0795
    655.8432        1.0746
    655.8474        1.0714
    655.8515        1.0714
    655.8557        1.0752
    655.8598        1.0823
    655.8639        1.0911
    655.8681        1.0997
    655.8722        1.1067
    655.8764        1.1112
    655.8805        1.1133
    655.8847        1.1137
    655.8888        1.1132
    655.8930        1.1123
    655.8971        1.1109
    655.9013        1.1083
    655.9054        1.1038
    655.9095        1.0966
    655.9137        1.0868
    655.9178        1.0750
    655.9220        1.0624
    655.9261        1.0499
    655.9303        1.0389
    655.9344        1.0302
    655.9386        1.0245
    655.9427        1.0217
    655.9469        1.0221
    655.9510        1.0253
    655.9552        1.0309
    655.9593        1.0381
    655.9634        1.0462
    655.9676        1.0544
    655.9717        1.0614
    655.9759        1.0663
    655.9800        1.0680
    655.9842        1.0658
    655.9883        1.0594
    655.9925        1.0495
    655.9966        1.0374
    656.0008        1.0248
    656.0049        1.0125
    656.0091        1.0013
    656.0132        0.9914
    656.0173        0.9830
    656.0215        0.9759
    656.0256        0.9705
    656.0298        0.9665
    656.0339        0.9635
    656.0381        0.9606
    656.0422        0.9573
    656.0464        0.9534
    656.0505        0.9498
    656.0547        0.9478
    656.0588        0.9480
    656.0629        0.9501
    656.0671        0.9524
    656.0712        0.9531
    656.0754        0.9513
    656.0795        0.9475
    656.0837        0.9428
    656.0878        0.9389
    656.0920        0.9366
    656.0961        0.9354
    656.1003        0.9342
    656.1044        0.9315
    656.1086        0.9266
    656.1127        0.9195
    656.1168        0.9110
    656.1210        0.9026
    656.1251        0.8950
    656.1293        0.8886
    656.1334        0.8834
    656.1376        0.8791
    656.1417        0.8756
    656.1459        0.8724
    656.1500        0.8681
    656.1542        0.8612
    656.1583        0.8506
    656.1625        0.8366
    656.1666        0.8207
    656.1707        0.8059
    656.1749        0.7944
    656.1790        0.7868
    656.1832        0.7827
    656.1873        0.7802
    656.1915        0.7773
    656.1956        0.7727
    656.1998        0.7659
    656.2039        0.7576
    656.2081        0.7490
    656.2122        0.7410
    656.2163        0.7346
    656.2205        0.7303
    656.2246        0.7283
    656.2288        0.7281
    656.2329        0.7287
    656.2371        0.7284
    656.2412        0.7256
    656.2454        0.7191
    656.2495        0.7095
    656.2537        0.6982
    656.2578        0.6871
    656.2620        0.6777
    656.2661        0.6697
    656.2702        0.6617
    656.2744        0.6514
    656.2785        0.6377
    656.2827        0.6203
    656.2868        0.6008
    656.2910        0.5810
    656.2951        0.5629
    656.2993        0.5474
    656.3034        0.5347
    656.3076        0.5242
    656.3117        0.5154
    656.3158        0.5076
    656.3200        0.5009
    656.3241        0.4951
    656.3283        0.4901
    656.3324        0.4851
    656.3366        0.4796
    656.3407        0.4734
    656.3449        0.4667
    656.3490        0.4608
    656.3532        0.4574
    656.3573        0.4580
    656.3615        0.4640
    656.3656        0.4749
    656.3697        0.4896
    656.3739        0.5063
    656.3780        0.5234
    656.3822        0.5397
    656.3863        0.5546
    656.3905        0.5675
    656.3946        0.5774
    656.3988        0.5837
    656.4029        0.5867
    656.4071        0.5871
    656.4112        0.5870
    656.4154        0.5880
    656.4195        0.5914
    656.4236        0.5985
    656.4278        0.6097
    656.4319        0.6255
    656.4361        0.6451
    656.4402        0.6669
    656.4444        0.6883
    656.4485        0.7071
    656.4527        0.7222
    656.4568        0.7341
    656.4610        0.7443
    656.4651        0.7541
    656.4692        0.7644
    656.4734        0.7747
    656.4775        0.7835
    656.4817        0.7893
    656.4858        0.7913
    656.4900        0.7896
    656.4941        0.7857
    656.4983        0.7816
    656.5024        0.7790
    656.5066        0.7789
    656.5107        0.7820
    656.5149        0.7886
    656.5190        0.7985
    656.5231        0.8113
    656.5273        0.8262
    656.5314        0.8422
    656.5356        0.8580
    656.5397        0.8727
    656.5439        0.8858
    656.5480        0.8972
    656.5522        0.9074
    656.5563        0.9170
    656.5605        0.9256
    656.5646        0.9329
    656.5688        0.9380
    656.5729        0.9402
    656.5770        0.9395
    656.5812        0.9366
    656.5853        0.9331
    656.5895        0.9308
    656.5936        0.9307
    656.5978        0.9334
    656.6019        0.9386
    656.6061        0.9461
    656.6102        0.9556
    656.6144        0.9662
    656.6185        0.9766
    656.6226        0.9849
    656.6268        0.9894
    656.6309        0.9896
    656.6351        0.9871
    656.6392        0.9848
    656.6434        0.9854
    656.6475        0.9902
    656.6517        0.9989
    656.6558        1.0092
    656.6600        1.0188
    656.6641        1.0257
    656.6683        1.0298
    656.6724        1.0321
    656.6765        1.0348
    656.6807        1.0396
    656.6848        1.0475
    656.6890        1.0575
    656.6931        1.0680
    656.6973        1.0769
    656.7014        1.0826
    656.7056        1.0844
    656.7097        1.0829
    656.7139        1.0791
    656.7180        1.0741
    656.7221        1.0691
    656.7263        1.0647
    656.7304        1.0619
    656.7346        1.0614
    656.7387        1.0640
    656.7429        1.0700
    656.7470        1.0793
    656.7512        1.0905
    656.7553        1.1010
    656.7595        1.1088
    656.7636        1.1125
    656.7678        1.1125
    656.7719        1.1104
    656.7760        1.1085
    656.7802        1.1085
    656.7843        1.1115
    656.7885        1.1172
    656.7926        1.1247
    656.7968        1.1323
    656.8009        1.1383
    656.8051        1.1411
    656.8092        1.1397
    656.8134        1.1346
    656.8175        1.1265
    656.8217        1.1172
    656.8258        1.1085
    656.8299        1.1020
    656.8341        1.0990
    656.8382        1.0998
    656.8424        1.1041
    656.8465        1.1109
    656.8507        1.1186
    656.8548        1.1255
    656.8590        1.1307
    656.8631        1.1339
    656.8673        1.1355
    656.8714        1.1362
    656.8755        1.1363
    656.8797        1.1357
    656.8838        1.1335
    656.8880        1.1299
    656.8921        1.1249
    656.8963        1.1195
    656.9004        1.1145
    656.9046        1.1105
    656.9087        1.1072
    656.9129        1.1040
    656.9170        1.1001
    656.9212        1.0955
    656.9253        1.0907
    656.9294        1.0865
    656.9336        1.0832
    656.9377        1.0816
    656.9419        1.0817
    656.9460        1.0835
    656.9502        1.0864
    656.9543        1.0897
    656.9585        1.0928
    656.9626        1.0951
    656.9668        1.0967
    656.9709        1.0974
    656.9751        1.0972
    656.9792        1.0960
    656.9833        1.0933
    656.9875        1.0888
    656.9916        1.0829
    656.9958        1.0769
    656.9999        1.0726
    657.0041        1.0716
    657.0082        1.0746
    657.0124        1.0808
    657.0165        1.0885
    657.0207        1.0959
    657.0248        1.1018
    657.0289        1.1060
    657.0331        1.1085
    657.0372        1.1094
    657.0414        1.1083
    657.0455        1.1050
    657.0497        1.0987
    657.0538        1.0897
    657.0580        1.0782
    657.0621        1.0658
    657.0663        1.0547
    657.0704        1.0475
    657.0746        1.0464
    657.0787        1.0514
    657.0828        1.0619
    657.0870        1.0749
    657.0911        1.0871
    657.0953        1.0958
    657.0994        1.0985
    657.1036        1.0954
    657.1077        1.0879
    657.1119        1.0782
    657.1160        1.0689
    657.1202        1.0620
    657.1243        1.0581
    657.1284        1.0571
    657.1326        1.0580
    657.1367        1.0601
    657.1409        1.0629
    657.1450        1.0668
    657.1492        1.0729
    657.1533        1.0819
    657.1575        1.0933
    657.1616        1.1050
    657.1658        1.1141
    657.1699        1.1177
    657.1741        1.1137
    657.1782        1.1021
    657.1823        1.0841
    657.1865        1.0619
    657.1906        1.0380
    657.1948        1.0149
    657.1989        0.9955
    657.2031        0.9819
    657.2072        0.9756
    657.2114        0.9764
    657.2155        0.9824
    657.2197        0.9907
    657.2238        0.9986
    657.2280        1.0040
    657.2321        1.0063
    657.2362        1.0062
    657.2404        1.0048
    657.2445        1.0036
    657.2487        1.0037
    657.2528        1.0056
    657.2570        1.0090
    657.2611        1.0135
    657.2653        1.0182
    657.2694        1.0227
    657.2736        1.0268
    657.2777        1.0307
    657.2818        1.0347
    657.2860        1.0384
    657.2901        1.0414
    657.2943        1.0433
    657.2984        1.0442
    657.3026        1.0445
    657.3067        1.0453
    657.3109        1.0476
    657.3150        1.0520
    657.3192        1.0579
    657.3233        1.0640
    657.3275        1.0688
    657.3316        1.0712
    657.3357        1.0711
    657.3399        1.0695
    657.3440        1.0672
    657.3482        1.0643
    657.3523        1.0605
    657.3565        1.0552
    657.3606        1.0487
    657.3648        1.0423
    657.3689        1.0378
    657.3731        1.0365
    657.3772        1.0385
    657.3813        1.0431
    657.3855        1.0483
    657.3896        1.0529
    657.3938        1.0557
    657.3979        1.0564
    657.4021        1.0550
    657.4062        1.0516
    657.4104        1.0463
    657.4145        1.0393
    657.4187        1.0309
    657.4228        1.0215
    657.4270        1.0118
    657.4311        1.0031
    657.4352        0.9960
    657.4394        0.9907
    657.4435        0.9866
    657.4477        0.9819
    657.4518        0.9744
    657.4560        0.9622
    657.4601        0.9448
    657.4643        0.9236
    657.4684        0.9017
    657.4726        0.8834
    657.4767        0.8727
    657.4809        0.8718
    657.4850        0.8806
    657.4891        0.8966
    657.4933        0.9163
    657.4974        0.9365
    657.5016        0.9548
    657.5057        0.9707
    657.5099        0.9845
    657.5140        0.9967
    657.5182        1.0074
    657.5223        1.0167
    657.5265        1.0242
    657.5306        1.0296
    657.5347        1.0325
    657.5389        1.0327
    657.5430        1.0302
    657.5472        1.0250
    657.5513        1.0178
    657.5555        1.0092
    657.5596        1.0002
    657.5638        0.9918
    657.5679        0.9854
    657.5721        0.9823
    657.5762        0.9835
    657.5804        0.9895
    657.5845        0.9994
    657.5886        1.0113
    657.5928        1.0221
    657.5969        1.0291
    657.6011        1.0311
    657.6052        1.0288
    657.6094        1.0251
    657.6135        1.0224
    657.6177        1.0218
    657.6218        1.0225
    657.6260        1.0223
    657.6301        1.0194
    657.6343        1.0133
    657.6384        1.0044
    657.6425        0.9945
    657.6467        0.9849
    657.6508        0.9762
    657.6550        0.9686
    657.6591        0.9617
    657.6633        0.9559
    657.6674        0.9522
    657.6716        0.9516
    657.6757        0.9546
    657.6799        0.9608
    657.6840        0.9684
    657.6881        0.9755
    657.6923        0.9808
    657.6964        0.9834
    657.7006        0.9834
    657.7047        0.9820
    657.7089        0.9812
    657.7130        0.9827
    657.7172        0.9877
    657.7213        0.9952
    657.7255        1.0026
    657.7296        1.0071
    657.7338        1.0069
    657.7379        1.0022
    657.7420        0.9948
    657.7462        0.9867
    657.7503        0.9792
    657.7545        0.9730
    657.7586        0.9683
    657.7628        0.9655
    657.7669        0.9648
    657.7711        0.9658
    657.7752        0.9670
    657.7794        0.9669
    657.7835        0.9646
    657.7876        0.9609
    657.7918        0.9578
    657.7959        0.9574
    657.8001        0.9609
    657.8042        0.9680
    657.8084        0.9769
    657.8125        0.9859
    657.8167        0.9933
    657.8208        0.9981
    657.8250        1.0004
    657.8291        1.0003
    657.8333        0.9986
    657.8374        0.9959
    657.8415        0.9926
    657.8457        0.9890
    657.8498        0.9856
    657.8540        0.9831
    657.8581        0.9819
    657.8623        0.9817
    657.8664        0.9817
    657.8706        0.9803
    657.8747        0.9767
    657.8789        0.9708
    657.8830        0.9636
    657.8872        0.9572
    657.8913        0.9532
    657.8954        0.9529
    657.8996        0.9559
    657.9037        0.9615
    657.9079        0.9690
    657.9120        0.9775
    657.9162        0.9866
    657.9203        0.9960
    657.9245        1.0051
    657.9286        1.0128
    657.9328        1.0180
    657.9369        1.0201
    657.9410        1.0196
    657.9452        1.0173
    657.9493        1.0147
    657.9535        1.0129
    657.9576        1.0122
    657.9618        1.0125
    657.9659        1.0129
    657.9701        1.0127
    657.9742        1.0110
    657.9784        1.0069
    657.9825        1.0007
    657.9867        0.9932
    657.9908        0.9859
    657.9949        0.9801
    657.9991        0.9772
    658.0032        0.9781
    658.0074        0.9832
    658.0115        0.9922
    658.0157        1.0037
    658.0198        1.0154
    658.0240        1.0248
    658.0281        1.0301
    658.0323        1.0311
    658.0364        1.0288
    658.0406        1.0248
    658.0447        1.0205
    658.0488        1.0170
    658.0530        1.0151
    658.0571        1.0146
    658.0613        1.0150
    658.0654        1.0147
    658.0696        1.0127
    658.0737        1.0087
    658.0779        1.0038
    658.0820        0.9999
    658.0862        0.9989
    658.0903        1.0012
    658.0944        1.0054
    658.0986        1.0086
    658.1027        1.0083
    658.1069        1.0036
    658.1110        0.9957
    658.1152        0.9880
    658.1193        0.9843
    658.1235        0.9870
    658.1276        0.9961
    658.1318        1.0097
    658.1359        1.0249
    658.1401        1.0388
    658.1442        1.0500
    658.1483        1.0584
    658.1525        1.0649
    658.1566        1.0698
    658.1608        1.0733
    658.1649        1.0747
    658.1691        1.0736
    658.1732        1.0699
    658.1774        1.0636
    658.1815        1.0555
    658.1857        1.0465
    658.1898        1.0376
    658.1939        1.0297
    658.1981        1.0239
    658.2022        1.0212
    658.2064        1.0216
    658.2105        1.0248
    658.2147        1.0290
    658.2188        1.0330
    658.2230        1.0355
    658.2271        1.0367
    658.2313        1.0371
    658.2354        1.0378
    658.2396        1.0392
    658.2437        1.0418
    658.2478        1.0449
    658.2520        1.0482
    658.2561        1.0505
    658.2603        1.0511
    658.2644        1.0491
    658.2686        1.0446
    658.2727        1.0386
    658.2769        1.0321
    658.2810        1.0262
    658.2852        1.0215
    658.2893        1.0179
    658.2935        1.0149
    658.2976        1.0116
    658.3017        1.0079
    658.3059        1.0038
    658.3100        0.9995
    658.3142        0.9953
    658.3183        0.9916
    658.3225        0.9890
    658.3266        0.9878
    658.3308        0.9879
    658.3349        0.9889
    658.3391        0.9896
    658.3432        0.9891
    658.3473        0.9874
    658.3515        0.9849
    658.3556        0.9828
    658.3598        0.9824
    658.3639        0.9843
    658.3681        0.9886
    658.3722        0.9942
    658.3764        1.0000
    658.3805        1.0047
    658.3847        1.0082
    658.3888        1.0107
    658.3930        1.0134
    658.3971        1.0166
    658.4012        1.0191
    658.4054        1.0194
    658.4095        1.0163
    658.4137        1.0099
    658.4178        1.0022
    658.4220        0.9956
    658.4261        0.9914
    658.4303        0.9897
    658.4344        0.9890
    658.4386        0.9880
    658.4427        0.9858
    658.4469        0.9829
    658.4510        0.9809
    658.4551        0.9810
    658.4593        0.9840
    658.4634        0.9902
    658.4676        0.9993
    658.4717        1.0101
    658.4759        1.0214
    658.4800        1.0317
    658.4842        1.0400
    658.4883        1.0459
    658.4925        1.0503
    658.4966        1.0541
    658.5007        1.0577
    658.5049        1.0609
    658.5090        1.0633
    658.5132        1.0643
    658.5173        1.0636
    658.5215        1.0616
    658.5256        1.0585
    658.5298        1.0547
    658.5339        1.0504
    658.5381        1.0453
    658.5422        1.0395
    658.5464        1.0328
    658.5505        1.0252
    658.5546        1.0176
    658.5588        1.0111
    658.5629        1.0075
    658.5671        1.0081
    658.5712        1.0133
    658.5754        1.0226
    658.5795        1.0347
    658.5837        1.0475
    658.5878        1.0590
    658.5920        1.0679
    658.5961        1.0736
    658.6002        1.0765
    658.6044        1.0770
    658.6085        1.0753
    658.6127        1.0713
    658.6168        1.0651
    658.6210        1.0561
    658.6251        1.0443
    658.6293        1.0299
    658.6334        1.0137
    658.6376        0.9971
    658.6417        0.9825
    658.6459        0.9714
    658.6500        0.9652
    658.6541        0.9637
    658.6583        0.9662
    658.6624        0.9720
    658.6666        0.9809
    658.6707        0.9934
    658.6749        1.0097
    658.6790        1.0287
    658.6832        1.0477
    658.6873        1.0633
    658.6915        1.0726
    658.6956        1.0750
    658.6998        1.0719
    658.7039        1.0662
    658.7080        1.0606
    658.7122        1.0564
    658.7163        1.0538
    658.7205        1.0520
    658.7246        1.0503
    658.7288        1.0490
    658.7329        1.0485
    658.7371        1.0488
    658.7412        1.0490
    658.7454        1.0478
    658.7495        1.0438
    658.7536        1.0373
    658.7578        1.0294
    658.7619        1.0226
    658.7661        1.0187
    658.7702        1.0185
    658.7744        1.0212
    658.7785        1.0249
    658.7827        1.0279
    658.7868        1.0290
    658.7910        1.0287
    658.7951        1.0277
    658.7993        1.0272
    658.8034        1.0284
    658.8075        1.0319
    658.8117        1.0375
    658.8158        1.0449
    658.8200        1.0528
    658.8241        1.0598
    658.8283        1.0643
    658.8324        1.0651
    658.8366        1.0620
    658.8407        1.0559
    658.8449        1.0483
    658.8490        1.0408
    658.8532        1.0344
    658.8573        1.0296
    658.8614        1.0261
    658.8656        1.0240
    658.8697        1.0234
    658.8739        1.0240
    658.8780        1.0259
    658.8822        1.0287
    658.8863        1.0320
    658.8905        1.0356
    658.8946        1.0388
    658.8988        1.0411
    658.9029        1.0422
    658.9070        1.0426
    658.9112        1.0434
    658.9153        1.0451
    658.9195        1.0475
    658.9236        1.0502
    658.9278        1.0519
    658.9319        1.0521
    658.9361        1.0504
    658.9402        1.0467
    658.9444        1.0412
    658.9485        1.0342
    658.9527        1.0261
    658.9568        1.0190
    658.9609        1.0146
    658.9651        1.0140
    658.9692        1.0175
    658.9734        1.0239
    658.9775        1.0315
    658.9817        1.0391
    658.9858        1.0459
    658.9900        1.0517
    658.9941        1.0570
    658.9983        1.0620
    659.0024        1.0672
    659.0065        1.0725
    659.0107        1.0774
    659.0148        1.0810
    659.0190        1.0821
    659.0231        1.0801
    659.0273        1.0754
    659.0314        1.0693
    659.0356        1.0635
    659.0397        1.0598
    659.0439        1.0586
    659.0480        1.0598
    659.0522        1.0624
    659.0563        1.0650
    659.0604        1.0661
    659.0646        1.0643
    659.0687        1.0588
    659.0729        1.0497
    659.0770        1.0375
    659.0812        1.0238
    659.0853        1.0107
    659.0895        1.0007
    659.0936        0.9950
    659.0978        0.9939
    659.1019        0.9966
    659.1061        1.0016
    659.1102        1.0077
    659.1143        1.0137
    659.1185        1.0189
    659.1226        1.0226
    659.1268        1.0246
    659.1309        1.0252
    659.1351        1.0250
    659.1392        1.0254
    659.1434        1.0275
    659.1475        1.0324
    659.1517        1.0405
    659.1558        1.0514
    659.1599        1.0636
    659.1641        1.0749
    659.1682        1.0834
    659.1724        1.0878
    659.1765        1.0884
    659.1807        1.0865
    659.1848        1.0834
    659.1890        1.0798
    659.1931        1.0748
    659.1973        1.0673
    659.2014        1.0564
    659.2056        1.0427
    659.2097        1.0274
    659.2138        1.0130
    659.2180        1.0016
    659.2221        0.9950
    659.2263        0.9936
    659.2304        0.9964
    659.2346        1.0012
    659.2387        1.0055
    659.2429        1.0073
    659.2470        1.0053
    659.2512        0.9997
    659.2553        0.9916
    659.2595        0.9828
    659.2636        0.9757
    659.2677        0.9720
    659.2719        0.9725
    659.2760        0.9770
    659.2802        0.9844
    659.2843        0.9930
    659.2885        1.0021
    659.2926        1.0109
    659.2968        1.0197
    659.3009        1.0289
    659.3051        1.0386
    659.3092        1.0482
    659.3133        1.0562
    659.3175        1.0606
    659.3216        1.0603
    659.3258        1.0557
    659.3299        1.0483
    659.3341        1.0402
    659.3382        1.0322
    659.3424        1.0247
    659.3465        1.0175
    659.3507        1.0115
    659.3548        1.0081
    659.3590        1.0084
    659.3631        1.0124
    659.3672        1.0180
    659.3714        1.0224
    659.3755        1.0238
    659.3797        1.0224
    659.3838        1.0203
    659.3880        1.0198
    659.3921        1.0220
    659.3963        1.0262
    659.4004        1.0304
    659.4046        1.0327
    659.4087        1.0315
    659.4128        1.0269
    659.4170        1.0193
    659.4211        1.0103
    659.4253        1.0016
    659.4294        0.9945
    659.4336        0.9900
    659.4377        0.9884
    659.4419        0.9901
    659.4460        0.9944
    659.4502        1.0006
    659.4543        1.0078
    659.4585        1.0151
    659.4626        1.0218
    659.4667        1.0279
    659.4709        1.0331
    659.4750        1.0374
    659.4792        1.0409
    659.4833        1.0428
    659.4875        1.0431
    659.4916        1.0415
    659.4958        1.0378
    659.4999        1.0323
    659.5041        1.0253
    659.5082        1.0173
    659.5124        1.0090
    659.5165        1.0016
    659.5206        0.9959
    659.5248        0.9925
    659.5289        0.9919
    659.5331        0.9941
    659.5372        0.9996
    659.5414        1.0081
    659.5455        1.0189
    659.5497        1.0305
    659.5538        1.0407
    659.5580        1.0472
    659.5621        1.0483
    659.5662        1.0440
    659.5704        1.0355
    659.5745        1.0255
    659.5787        1.0173
    659.5828        1.0134
    659.5870        1.0146
    659.5911        1.0201
    659.5953        1.0274
    659.5994        1.0344
    659.6036        1.0391
    659.6077        1.0414
    659.6119        1.0418
    659.6160        1.0413
    659.6201        1.0403
    659.6243        1.0387
    659.6284        1.0361
    659.6326        1.0322
    659.6367        1.0265
    659.6409        1.0189
    659.6450        1.0100
    659.6492        1.0006
    659.6533        0.9915
    659.6575        0.9838
    659.6616        0.9782
    659.6658        0.9752
    659.6699        0.9756
    659.6740        0.9795
    659.6782        0.9865
    659.6823        0.9954
    659.6865        1.0048
    659.6906        1.0131
    659.6948        1.0200
    659.6989        1.0260
    659.7031        1.0313
    659.7072        1.0364
    659.7114        1.0406
    659.7155        1.0433
    659.7196        1.0442
    659.7238        1.0435
    659.7279        1.0415
    659.7321        1.0391
    659.7362        1.0369
    659.7404        1.0349
    659.7445        1.0330
    659.7487        1.0311
    659.7528        1.0290
    659.7570        1.0275
    659.7611        1.0273
    659.7653        1.0283
    659.7694        1.0295
    659.7735        1.0297
    659.7777        1.0279
    659.7818        1.0242
    659.7860        1.0199
    659.7901        1.0164
    659.7943        1.0146
    659.7984        1.0143
    659.8026        1.0144
    659.8067        1.0139
    659.8109        1.0119
    659.8150        1.0092
    659.8191        1.0065
    659.8233        1.0046
    659.8274        1.0034
    659.8316        1.0018
    659.8357        0.9988
    659.8399        0.9938
    659.8440        0.9869
    659.8482        0.9794
    659.8523        0.9724
    659.8565        0.9670
    659.8606        0.9639
    659.8648        0.9632
    659.8689        0.9644
    659.8730        0.9669
    659.8772        0.9702
    659.8813        0.9745
    659.8855        0.9794
    659.8896        0.9849
    659.8938        0.9904
    659.8979        0.9948
    659.9021        0.9970
    659.9062        0.9964
    659.9104        0.9929
    659.9145        0.9878
    659.9187        0.9828
    659.9228        0.9799
    659.9269        0.9804
    659.9311        0.9846
    659.9352        0.9919
    659.9394        1.0005
    659.9435        1.0082
    659.9477        1.0131
    659.9518        1.0140
    659.9560        1.0115
    659.9601        1.0073
    659.9643        1.0035
    659.9684        1.0018
    659.9725        1.0034
    659.9767        1.0079
    659.9808        1.0145
    659.9850        1.0214
    659.9891        1.0273
    659.9933        1.0310
    659.9974        1.0318
    660.0016        1.0292
    660.0057        1.0238
    660.0099        1.0164
    660.0140        1.0086
    660.0182        1.0020
    660.0223        0.9975
    660.0264        0.9958
    660.0306        0.9963
    660.0347        0.9987
    660.0389        1.0027
    660.0430        1.0083
    660.0472        1.0150
    660.0513        1.0215
    660.0555        1.0264
    660.0596        1.0282
    660.0638        1.0270
    660.0679        1.0240
    660.0720        1.0214
    660.0762        1.0211
    660.0803        1.0238
    660.0845        1.0284
    660.0886        1.0331
    660.0928        1.0361
    660.0969        1.0366
    660.1011        1.0346
    660.1052        1.0308
    660.1094        1.0258
    660.1135        1.0198
    660.1177        1.0131
    660.1218        1.0058
    660.1259        0.9990
    660.1301        0.9938
    660.1342        0.9913
    660.1384        0.9923
    660.1425        0.9964
    660.1467        1.0024
    660.1508        1.0093
    660.1550        1.0155
    660.1591        1.0207
    660.1633        1.0246
    660.1674        1.0276
    660.1716        1.0298
    660.1757        1.0315
    660.1798        1.0323
    660.1840        1.0321
    660.1881        1.0310
    660.1923        1.0286
    660.1964        1.0249
    660.2006        1.0196
    660.2047        1.0127
    660.2089        1.0049
    660.2130        0.9977
    660.2172        0.9924
    660.2213        0.9899
    660.2254        0.9902
    660.2296        0.9924
    660.2337        0.9954
    660.2379        0.9982
    660.2420        1.0008
    660.2462        1.0035
    660.2503        1.0074
    660.2545        1.0132
    660.2586        1.0209
    660.2628        1.0292
    660.2669        1.0366
    660.2711        1.0418
    660.2752        1.0442
    660.2793        1.0447
    660.2835        1.0444
    660.2876        1.0443
    660.2918        1.0443
    660.2959        1.0434
    660.3001        1.0402
    660.3042        1.0338
    660.3084        1.0246
    660.3125        1.0143
    660.3167        1.0051
    660.3208        0.9990
    660.3250        0.9975
    660.3291        1.0006
    660.3332        1.0068
    660.3374        1.0146
    660.3415        1.0223
    660.3457        1.0288
    660.3498        1.0330
    660.3540        1.0346
    660.3581        1.0331
    660.3623        1.0290
    660.3664        1.0233
    660.3706        1.0177
    660.3747        1.0141
    660.3788        1.0129
    660.3830        1.0133
    660.3871        1.0133
    660.3913        1.0110
    660.3954        1.0060
    660.3996        0.9995
    660.4037        0.9933
    660.4079        0.9892
    660.4120        0.9873
    660.4162        0.9864
    660.4203        0.9850
    660.4245        0.9820
    660.4286        0.9776
    660.4327        0.9730
    660.4369        0.9695
    660.4410        0.9680
    660.4452        0.9682
    660.4493        0.9691
    660.4535        0.9689
    660.4576        0.9667
    660.4618        0.9625
    660.4659        0.9572
    660.4701        0.9527
    660.4742        0.9501
    660.4783        0.9500
    660.4825        0.9518
    660.4866        0.9542
    660.4908        0.9555
    660.4949        0.9548
    660.4991        0.9521
    660.5032        0.9483
    660.5074        0.9448
    660.5115        0.9429
    660.5157        0.9429
    660.5198        0.9444
    660.5240        0.9460
    660.5281        0.9465
    660.5322        0.9449
    660.5364        0.9413
    660.5405        0.9366
    660.5447        0.9328
    660.5488        0.9317
    660.5530        0.9345
    660.5571        0.9412
    660.5613        0.9503
    660.5654        0.9598
    660.5696        0.9679
    660.5737        0.9739
    660.5779        0.9780
    660.5820        0.9810
    660.5861        0.9835
    660.5903        0.9855
    660.5944        0.9868
    660.5986        0.9867
    660.6027        0.9848
    660.6069        0.9810
    660.6110        0.9756
    660.6152        0.9692
    660.6193        0.9623
    660.6235        0.9555
    660.6276        0.9493
    660.6317        0.9447
    660.6359        0.9421
    660.6400        0.9422
    660.6442        0.9454
    660.6483        0.9517
    660.6525        0.9601
    660.6566        0.9695
    660.6608        0.9782
    660.6649        0.9849
    660.6691        0.9890
    660.6732        0.9912
    660.6774        0.9924
    660.6815        0.9937
    660.6856        0.9958
    660.6898        0.9991
    660.6939        1.0034
    660.6981        1.0086
    660.7022        1.0140
    660.7064        1.0186
    660.7105        1.0214
    660.7147        1.0218
    660.7188        1.0196
    660.7230        1.0152
    660.7271        1.0097
    660.7313        1.0044
    660.7354        1.0007
    660.7395        0.9995
    660.7437        1.0014
    660.7478        1.0055
    660.7520        1.0100
    660.7561        1.0124
    660.7603        1.0107
    660.7644        1.0040
    660.7686        0.9933
    660.7727        0.9816
    660.7769        0.9720
    660.7810        0.9674
    660.7851        0.9689
