    650.3338        0.9789
    650.3379        0.9788
    650.3421        0.9796
    650.3462        0.9821
    650.3504        0.9861
    650.3545        0.9903
    650.3587        0.9934
    650.3628        0.9963
    650.3670        1.0003
    650.3711        1.0055
    650.3753        1.0095
    650.3794        1.0097
    650.3835        1.0041
    650.3877        0.9943
    650.3918        0.9844
    650.3960        0.9795
    650.4001        0.9806
    650.4043        0.9832
    650.4084        0.9829
    650.4126        0.9802
    650.4167        0.9788
    650.4209        0.9816
    650.4250        0.9879
    650.4291        0.9936
    650.4333        0.9959
    650.4374        0.9960
    650.4416        0.9980
    650.4457        1.0045
    650.4499        1.0151
    650.4540        1.0258
    650.4582        1.0326
    650.4623        1.0343
    650.4665        1.0326
    650.4706        1.0290
    650.4748        1.0231
    650.4789        1.0142
    650.4830        1.0027
    650.4872        0.9904
    650.4913        0.9796
    650.4955        0.9713
    650.4996        0.9659
    650.5038        0.9657
    650.5079        0.9721
    650.5121        0.9832
    650.5162        0.9946
    650.5204        1.0015
    650.5245        1.0031
    650.5287        1.0014
    650.5328        0.9994
    650.5369        0.9983
    650.5411        0.9980
    650.5452        0.9994
    650.5494        1.0038
    650.5535        1.0108
    650.5577        1.0172
    650.5618        1.0192
    650.5660        1.0160
    650.5701        1.0098
    650.5743        1.0049
    650.5784        1.0043
    650.5825        1.0080
    650.5867        1.0125
    650.5908        1.0134
    650.5950        1.0092
    650.5991        1.0026
    650.6033        0.9973
    650.6074        0.9954
    650.6116        0.9965
    650.6157        0.9989
    650.6199        0.9998
    650.6240        0.9976
    650.6282        0.9940
    650.6323        0.9924
    650.6364        0.9946
    650.6406        0.9982
    650.6447        0.9993
    650.6489        0.9971
    650.6530        0.9946
    650.6572        0.9962
    650.6613        1.0021
    650.6655        1.0067
    650.6696        1.0054
    650.6738        1.0011
    650.6779        0.9985
    650.6820        0.9995
    650.6862        1.0019
    650.6903        1.0038
    650.6945        1.0058
    650.6986        1.0085
    650.7028        1.0125
    650.7069        1.0177
    650.7111        1.0226
    650.7152        1.0266
    650.7194        1.0289
    650.7235        1.0289
    650.7277        1.0266
    650.7318        1.0222
    650.7359        1.0177
    650.7401        1.0153
    650.7442        1.0149
    650.7484        1.0141
    650.7525        1.0105
    650.7567        1.0048
    650.7608        0.9998
    650.7650        0.9972
    650.7691        0.9960
    650.7733        0.9959
    650.7774        0.9965
    650.7816        0.9957
    650.7857        0.9919
    650.7898        0.9860
    650.7940        0.9815
    650.7981        0.9803
    650.8023        0.9806
    650.8064        0.9798
    650.8106        0.9783
    650.8147        0.9781
    650.8189        0.9813
    650.8230        0.9881
    650.8272        0.9945
    650.8313        0.9957
    650.8354        0.9886
    650.8396        0.9747
    650.8437        0.9592
    650.8479        0.9487
    650.8520        0.9460
    650.8562        0.9506
    650.8603        0.9590
    650.8645        0.9658
    650.8686        0.9673
    650.8728        0.9651
    650.8769        0.9651
    650.8811        0.9717
    650.8852        0.9828
    650.8893        0.9930
    650.8935        0.9985
    650.8976        0.9984
    650.9018        0.9939
    650.9059        0.9872
    650.9101        0.9815
    650.9142        0.9790
    650.9184        0.9815
    650.9225        0.9889
    650.9267        0.9996
    650.9308        1.0099
    650.9350        1.0143
    650.9391        1.0109
    650.9432        1.0034
    650.9474        0.9981
    650.9515        0.9983
    650.9557        1.0025
    650.9598        1.0067
    650.9640        1.0078
    650.9681        1.0046
    650.9723        0.9983
    650.9764        0.9917
    650.9806        0.9876
    650.9847        0.9882
    650.9888        0.9933
    650.9930        1.0013
    650.9971        1.0086
    651.0013        1.0132
    651.0054        1.0143
    651.0096        1.0135
    651.0137        1.0122
    651.0179        1.0110
    651.0220        1.0096
    651.0262        1.0068
    651.0303        1.0030
    651.0345        0.9996
    651.0386        0.9991
    651.0427        1.0016
    651.0469        1.0052
    651.0510        1.0062
    651.0552        1.0022
    651.0593        0.9946
    651.0635        0.9877
    651.0676        0.9861
    651.0718        0.9907
    651.0759        0.9995
    651.0801        1.0088
    651.0842        1.0154
    651.0883        1.0175
    651.0925        1.0144
    651.0966        1.0072
    651.1008        0.9984
    651.1049        0.9912
    651.1091        0.9884
    651.1132        0.9903
    651.1174        0.9946
    651.1215        0.9973
    651.1257        0.9966
    651.1298        0.9938
    651.1340        0.9901
    651.1381        0.9865
    651.1422        0.9842
    651.1464        0.9849
    651.1505        0.9897
    651.1547        0.9971
    651.1588        1.0043
    651.1630        1.0086
    651.1671        1.0096
    651.1713        1.0082
    651.1754        1.0043
    651.1796        0.9967
    651.1837        0.9836
    651.1879        0.9660
    651.1920        0.9479
    651.1961        0.9347
    651.2003        0.9297
    651.2044        0.9313
    651.2086        0.9358
    651.2127        0.9406
    651.2169        0.9454
    651.2210        0.9510
    651.2252        0.9585
    651.2293        0.9688
    651.2335        0.9810
    651.2376        0.9919
    651.2417        0.9992
    651.2459        1.0031
    651.2500        1.0053
    651.2542        1.0063
    651.2583        1.0064
    651.2625        1.0066
    651.2666        1.0086
    651.2708        1.0136
    651.2749        1.0201
    651.2791        1.0265
    651.2832        1.0304
    651.2874        1.0305
    651.2915        1.0262
    651.2956        1.0188
    651.2998        1.0115
    651.3039        1.0077
    651.3081        1.0095
    651.3122        1.0157
    651.3164        1.0222
    651.3205        1.0268
    651.3247        1.0280
    651.3288        1.0256
    651.3330        1.0199
    651.3371        1.0120
    651.3413        1.0039
    651.3454        0.9960
    651.3495        0.9877
    651.3537        0.9804
    651.3578        0.9766
    651.3620        0.9780
    651.3661        0.9842
    651.3703        0.9930
    651.3744        1.0026
    651.3786        1.0095
    651.3827        1.0113
    651.3869        1.0077
    651.3910        1.0025
    651.3951        1.0011
    651.3993        1.0064
    651.4034        1.0151
    651.4076        1.0204
    651.4117        1.0186
    651.4159        1.0123
    651.4200        1.0049
    651.4242        0.9966
    651.4283        0.9853
    651.4325        0.9701
    651.4366        0.9515
    651.4408        0.9315
    651.4449        0.9119
    651.4490        0.8941
    651.4532        0.8794
    651.4573        0.8697
    651.4615        0.8658
    651.4656        0.8662
    651.4698        0.8698
    651.4739        0.8760
    651.4781        0.8852
    651.4822        0.8966
    651.4864        0.9088
    651.4905        0.9205
    651.4946        0.9321
    651.4988        0.9465
    651.5029        0.9658
    651.5071        0.9882
    651.5112        1.0088
    651.5154        1.0225
    651.5195        1.0266
    651.5237        1.0221
    651.5278        1.0126
    651.5320        1.0014
    651.5361        0.9912
    651.5403        0.9843
    651.5444        0.9814
    651.5485        0.9822
    651.5527        0.9857
    651.5568        0.9913
    651.5610        0.9965
    651.5651        0.9975
    651.5693        0.9915
    651.5734        0.9813
    651.5776        0.9722
    651.5817        0.9677
    651.5859        0.9679
    651.5900        0.9711
    651.5942        0.9754
    651.5983        0.9795
    651.6024        0.9827
    651.6066        0.9849
    651.6107        0.9854
    651.6149        0.9823
    651.6190        0.9732
    651.6232        0.9564
    651.6273        0.9331
    651.6315        0.9074
    651.6356        0.8833
    651.6398        0.8628
    651.6439        0.8459
    651.6480        0.8339
    651.6522        0.8287
    651.6563        0.8312
    651.6605        0.8398
    651.6646        0.8512
    651.6688        0.8629
    651.6729        0.8751
    651.6771        0.8879
    651.6812        0.9006
    651.6854        0.9105
    651.6895        0.9158
    651.6937        0.9156
    651.6978        0.9124
    651.7019        0.9097
    651.7061        0.9102
    651.7102        0.9152
    651.7144        0.9252
    651.7185        0.9388
    651.7227        0.9531
    651.7268        0.9637
    651.7310        0.9683
    651.7351        0.9682
    651.7393        0.9671
    651.7434        0.9681
    651.7475        0.9727
    651.7517        0.9804
    651.7558        0.9889
    651.7600        0.9964
    651.7641        1.0008
    651.7683        1.0003
    651.7724        0.9952
    651.7766        0.9881
    651.7807        0.9816
    651.7849        0.9775
    651.7890        0.9765
    651.7932        0.9779
    651.7973        0.9801
    651.8014        0.9803
    651.8056        0.9781
    651.8097        0.9756
    651.8139        0.9750
    651.8180        0.9770
    651.8222        0.9803
    651.8263        0.9843
    651.8305        0.9880
    651.8346        0.9909
    651.8388        0.9934
    651.8429        0.9965
    651.8471        1.0009
    651.8512        1.0057
    651.8553        1.0085
    651.8595        1.0078
    651.8636        1.0035
    651.8678        0.9989
    651.8719        0.9962
    651.8761        0.9954
    651.8802        0.9953
    651.8844        0.9945
    651.8885        0.9933
    651.8927        0.9920
    651.8968        0.9899
    651.9009        0.9846
    651.9051        0.9756
    651.9092        0.9646
    651.9134        0.9557
    651.9175        0.9509
    651.9217        0.9502
    651.9258        0.9508
    651.9300        0.9505
    651.9341        0.9481
    651.9383        0.9427
    651.9424        0.9338
    651.9466        0.9229
    651.9507        0.9156
    651.9548        0.9176
    651.9590        0.9284
    651.9631        0.9423
    651.9673        0.9541
    651.9714        0.9615
    651.9756        0.9668
    651.9797        0.9733
    651.9839        0.9818
    651.9880        0.9902
    651.9922        0.9965
    651.9963        1.0005
    652.0005        1.0046
    652.0046        1.0104
    652.0087        1.0178
    652.0129        1.0250
    652.0170        1.0307
    652.0212        1.0336
    652.0253        1.0321
    652.0295        1.0241
    652.0336        1.0097
    652.0378        0.9931
    652.0419        0.9812
    652.0461        0.9797
    652.0502        0.9895
    652.0543        1.0053
    652.0585        1.0194
    652.0626        1.0257
    652.0668        1.0234
    652.0709        1.0159
    652.0751        1.0077
    652.0792        1.0009
    652.0834        0.9952
    652.0875        0.9897
    652.0917        0.9831
    652.0958        0.9769
    652.1000        0.9739
    652.1041        0.9777
    652.1082        0.9893
    652.1124        1.0054
    652.1165        1.0196
    652.1207        1.0258
    652.1248        1.0231
    652.1290        1.0152
    652.1331        1.0066
    652.1373        0.9988
    652.1414        0.9926
    652.1456        0.9891
    652.1497        0.9906
    652.1538        0.9976
    652.1580        1.0075
    652.1621        1.0145
    652.1663        1.0149
    652.1704        1.0087
    652.1746        0.9995
    652.1787        0.9903
    652.1829        0.9846
    652.1870        0.9836
    652.1912        0.9873
    652.1953        0.9941
    652.1995        1.0008
    652.2036        1.0047
    652.2077        1.0045
    652.2119        1.0004
    652.2160        0.9940
    652.2202        0.9876
    652.2243        0.9835
    652.2285        0.9832
    652.2326        0.9854
    652.2368        0.9876
    652.2409        0.9881
    652.2451        0.9885
    652.2492        0.9916
    652.2534        0.9974
    652.2575        1.0021
    652.2616        0.9997
    652.2658        0.9887
    652.2699        0.9743
    652.2741        0.9655
    652.2782        0.9682
    652.2824        0.9812
    652.2865        0.9969
    652.2907        1.0072
    652.2948        1.0097
    652.2990        1.0078
    652.3031        1.0065
    652.3072        1.0084
    652.3114        1.0111
    652.3155        1.0104
    652.3197        1.0048
    652.3238        0.9952
    652.3280        0.9835
    652.3321        0.9723
    652.3363        0.9642
    652.3404        0.9600
    652.3446        0.9575
    652.3487        0.9538
    652.3529        0.9482
    652.3570        0.9411
    652.3611        0.9327
    652.3653        0.9228
    652.3694        0.9127
    652.3736        0.9053
    652.3777        0.9046
    652.3819        0.9110
    652.3860        0.9205
    652.3902        0.9283
    652.3943        0.9346
    652.3985        0.9414
    652.4026        0.9497
    652.4068        0.9584
    652.4109        0.9674
    652.4150        0.9776
    652.4192        0.9885
    652.4233        0.9975
    652.4275        1.0006
    652.4316        0.9968
    652.4358        0.9896
    652.4399        0.9843
    652.4441        0.9842
    652.4482        0.9875
    652.4524        0.9915
    652.4565        0.9947
    652.4606        0.9971
    652.4648        1.0001
    652.4689        1.0031
    652.4731        1.0057
    652.4772        1.0076
    652.4814        1.0093
    652.4855        1.0097
    652.4897        1.0081
    652.4938        1.0054
    652.4980        1.0042
    652.5021        1.0052
    652.5063        1.0070
    652.5104        1.0075
    652.5145        1.0054
    652.5187        1.0007
    652.5228        0.9944
    652.5270        0.9889
    652.5311        0.9867
    652.5353        0.9883
    652.5394        0.9922
    652.5436        0.9975
    652.5477        1.0028
    652.5519        1.0081
    652.5560        1.0128
    652.5601        1.0170
    652.5643        1.0200
    652.5684        1.0202
    652.5726        1.0160
    652.5767        1.0085
    652.5809        1.0009
    652.5850        0.9966
    652.5892        0.9966
    652.5933        0.9998
    652.5975        1.0040
    652.6016        1.0057
    652.6058        1.0028
    652.6099        0.9971
    652.6140        0.9930
    652.6182        0.9941
    652.6223        1.0002
    652.6265        1.0076
    652.6306        1.0116
    652.6348        1.0098
    652.6389        1.0041
    652.6431        0.9981
    652.6472        0.9943
    652.6514        0.9942
    652.6555        0.9971
    652.6597        1.0022
    652.6638        1.0079
    652.6679        1.0118
    652.6721        1.0127
    652.6762        1.0113
    652.6804        1.0109
    652.6845        1.0134
    652.6887        1.0176
    652.6928        1.0185
    652.6970        1.0114
    652.7011        0.9970
    652.7053        0.9811
    652.7094        0.9709
    652.7135        0.9697
    652.7177        0.9763
    652.7218        0.9866
    652.7260        0.9972
    652.7301        1.0058
    652.7343        1.0111
    652.7384        1.0120
    652.7426        1.0080
    652.7467        1.0009
    652.7509        0.9939
    652.7550        0.9916
    652.7592        0.9951
    652.7633        1.0021
    652.7674        1.0081
    652.7716        1.0106
    652.7757        1.0106
    652.7799        1.0114
    652.7840        1.0153
    652.7882        1.0212
    652.7923        1.0259
    652.7965        1.0270
    652.8006        1.0252
    652.8048        1.0226
    652.8089        1.0206
    652.8131        1.0176
    652.8172        1.0123
    652.8213        1.0072
    652.8255        1.0049
    652.8296        1.0054
    652.8338        1.0068
    652.8379        1.0068
    652.8421        1.0053
    652.8462        1.0033
    652.8504        1.0026
    652.8545        1.0038
    652.8587        1.0060
    652.8628        1.0077
    652.8669        1.0077
    652.8711        1.0066
    652.8752        1.0065
    652.8794        1.0093
    652.8835        1.0146
    652.8877        1.0189
    652.8918        1.0191
    652.8960        1.0154
    652.9001        1.0097
    652.9043        1.0026
    652.9084        0.9946
    652.9126        0.9868
    652.9167        0.9811
    652.9208        0.9787
    652.9250        0.9800
    652.9291        0.9851
    652.9333        0.9922
    652.9374        0.9979
    652.9416        0.9996
    652.9457        0.9977
    652.9499        0.9937
    652.9540        0.9894
    652.9582        0.9860
    652.9623        0.9847
    652.9664        0.9858
    652.9706        0.9874
    652.9747        0.9880
    652.9789        0.9870
    652.9830        0.9864
    652.9872        0.9888
    652.9913        0.9954
    652.9955        1.0035
    652.9996        1.0093
    653.0038        1.0092
    653.0079        1.0021
    653.0121        0.9894
    653.0162        0.9753
    653.0203        0.9657
    653.0245        0.9646
    653.0286        0.9724
    653.0328        0.9858
    653.0369        0.9988
    653.0411        1.0061
    653.0452        1.0053
    653.0494        0.9976
    653.0535        0.9883
    653.0577        0.9822
    653.0618        0.9824
    653.0660        0.9872
    653.0701        0.9931
    653.0742        0.9975
    653.0784        1.0004
    653.0825        1.0035
    653.0867        1.0066
    653.0908        1.0083
    653.0950        1.0074
    653.0991        1.0037
    653.1033        0.9980
    653.1074        0.9918
    653.1116        0.9860
    653.1157        0.9816
    653.1198        0.9784
    653.1240        0.9766
    653.1281        0.9772
    653.1323        0.9806
    653.1364        0.9850
    653.1406        0.9880
    653.1447        0.9904
    653.1489        0.9936
    653.1530        0.9980
    653.1572        1.0017
    653.1613        1.0029
    653.1655        1.0015
    653.1696        0.9996
    653.1737        0.9991
    653.1779        0.9997
    653.1820        0.9993
    653.1862        0.9964
    653.1903        0.9906
    653.1945        0.9809
    653.1986        0.9678
    653.2028        0.9540
    653.2069        0.9429
    653.2111        0.9359
    653.2152        0.9328
    653.2194        0.9333
    653.2235        0.9365
    653.2276        0.9394
    653.2318        0.9379
    653.2359        0.9315
    653.2401        0.9239
    653.2442        0.9196
    653.2484        0.9217
    653.2525        0.9289
    653.2567        0.9387
    653.2608        0.9498
    653.2650        0.9622
    653.2691        0.9756
    653.2732        0.9878
    653.2774        0.9967
    653.2815        1.0001
    653.2857        0.9968
    653.2898        0.9879
    653.2940        0.9774
    653.2981        0.9707
    653.3023        0.9696
    653.3064        0.9724
    653.3106        0.9763
    653.3147        0.9787
    653.3189        0.9789
    653.3230        0.9780
    653.3271        0.9795
    653.3313        0.9863
    653.3354        0.9961
    653.3396        1.0033
    653.3437        1.0041
    653.3479        0.9996
    653.3520        0.9939
    653.3562        0.9903
    653.3603        0.9895
    653.3645        0.9901
    653.3686        0.9900
    653.3727        0.9892
    653.3769        0.9891
    653.3810        0.9909
    653.3852        0.9930
    653.3893        0.9927
    653.3935        0.9884
    653.3976        0.9814
    653.4018        0.9729
    653.4059        0.9635
    653.4101        0.9544
    653.4142        0.9476
    653.4184        0.9456
    653.4225        0.9492
    653.4266        0.9563
    653.4308        0.9628
    653.4349        0.9667
    653.4391        0.9692
    653.4432        0.9730
    653.4474        0.9808
    653.4515        0.9940
    653.4557        1.0116
    653.4598        1.0288
    653.4640        1.0400
    653.4681        1.0418
    653.4723        1.0352
    653.4764        1.0227
    653.4805        1.0061
    653.4847        0.9868
    653.4888        0.9667
    653.4930        0.9489
    653.4971        0.9371
    653.5013        0.9353
    653.5054        0.9443
    653.5096        0.9604
    653.5137        0.9770
    653.5179        0.9881
    653.5220        0.9917
    653.5261        0.9912
    653.5303        0.9920
    653.5344        0.9960
    653.5386        1.0006
    653.5427        1.0017
    653.5469        0.9981
    653.5510        0.9912
    653.5552        0.9845
    653.5593        0.9815
    653.5635        0.9829
    653.5676        0.9863
    653.5718        0.9876
    653.5759        0.9854
    653.5800        0.9822
    653.5842        0.9806
    653.5883        0.9811
    653.5925        0.9822
    653.5966        0.9833
    653.6008        0.9842
    653.6049        0.9854
    653.6091        0.9873
    653.6132        0.9898
    653.6174        0.9927
    653.6215        0.9962
    653.6257        0.9991
    653.6298        1.0001
    653.6339        0.9978
    653.6381        0.9919
    653.6422        0.9831
    653.6464        0.9727
    653.6505        0.9625
    653.6547        0.9540
    653.6588        0.9485
    653.6630        0.9456
    653.6671        0.9453
    653.6713        0.9465
    653.6754        0.9476
    653.6795        0.9471
    653.6837        0.9464
    653.6878        0.9486
    653.6920        0.9563
    653.6961        0.9673
    653.7003        0.9780
    653.7044        0.9852
    653.7086        0.9890
    653.7127        0.9909
    653.7169        0.9911
    653.7210        0.9884
    653.7252        0.9837
    653.7293        0.9793
    653.7334        0.9765
    653.7376        0.9734
    653.7417        0.9684
    653.7459        0.9632
    653.7500        0.9617
    653.7542        0.9673
    653.7583        0.9783
    653.7625        0.9896
    653.7666        0.9974
    653.7708        1.0009
    653.7749        1.0012
    653.7790        0.9989
    653.7832        0.9953
    653.7873        0.9912
    653.7915        0.9867
    653.7956        0.9806
    653.7998        0.9735
    653.8039        0.9690
    653.8081        0.9683
    653.8122        0.9689
    653.8164        0.9671
    653.8205        0.9624
    653.8247        0.9585
    653.8288        0.9599
    653.8329        0.9674
    653.8371        0.9768
    653.8412        0.9832
    653.8454        0.9860
    653.8495        0.9873
    653.8537        0.9894
    653.8578        0.9932
    653.8620        0.9977
    653.8661        1.0010
    653.8703        1.0015
    653.8744        0.9996
    653.8786        0.9968
    653.8827        0.9940
    653.8868        0.9904
    653.8910        0.9854
    653.8951        0.9787
    653.8993        0.9713
    653.9034        0.9654
    653.9076        0.9635
    653.9117        0.9680
    653.9159        0.9792
    653.9200        0.9941
    653.9242        1.0074
    653.9283        1.0145
    653.9324        1.0151
    653.9366        1.0123
    653.9407        1.0083
    653.9449        1.0017
    653.9490        0.9923
    653.9532        0.9838
    653.9573        0.9816
    653.9615        0.9878
    653.9656        0.9990
    653.9698        1.0071
    653.9739        1.0065
    653.9781        0.9972
    653.9822        0.9851
    653.9863        0.9758
    653.9905        0.9731
    653.9946        0.9770
    653.9988        0.9843
    654.0029        0.9913
    654.0071        0.9954
    654.0112        0.9961
    654.0154        0.9954
    654.0195        0.9960
    654.0237        0.9996
    654.0278        1.0044
    654.0320        1.0059
    654.0361        0.9992
    654.0402        0.9850
    654.0444        0.9690
    654.0485        0.9578
    654.0527        0.9542
    654.0568        0.9575
    654.0610        0.9650
    654.0651        0.9727
    654.0693        0.9769
    654.0734        0.9774
    654.0776        0.9778
    654.0817        0.9813
    654.0858        0.9879
    654.0900        0.9953
    654.0941        1.0003
    654.0983        1.0030
    654.1024        1.0046
    654.1066        1.0066
    654.1107        1.0084
    654.1149        1.0085
    654.1190        1.0061
    654.1232        1.0024
    654.1273        0.9986
    654.1315        0.9966
    654.1356        0.9959
    654.1397        0.9952
    654.1439        0.9923
    654.1480        0.9859
    654.1522        0.9776
    654.1563        0.9710
    654.1605        0.9696
    654.1646        0.9727
    654.1688        0.9758
    654.1729        0.9768
    654.1771        0.9778
    654.1812        0.9811
    654.1853        0.9852
    654.1895        0.9853
    654.1936        0.9782
    654.1978        0.9660
    654.2019        0.9546
    654.2061        0.9481
    654.2102        0.9453
    654.2144        0.9431
    654.2185        0.9399
    654.2227        0.9387
    654.2268        0.9425
    654.2310        0.9504
    654.2351        0.9582
    654.2392        0.9626
    654.2434        0.9645
    654.2475        0.9663
    654.2517        0.9684
    654.2558        0.9713
    654.2600        0.9754
    654.2641        0.9804
    654.2683        0.9837
    654.2724        0.9823
    654.2766        0.9759
    654.2807        0.9678
    654.2849        0.9626
    654.2890        0.9614
    654.2931        0.9606
    654.2973        0.9587
    654.3014        0.9571
    654.3056        0.9579
    654.3097        0.9603
    654.3139        0.9622
    654.3180        0.9628
    654.3222        0.9645
    654.3263        0.9705
    654.3305        0.9812
    654.3346        0.9922
    654.3387        0.9979
    654.3429        0.9954
    654.3470        0.9856
    654.3512        0.9733
    654.3553        0.9626
    654.3595        0.9541
    654.3636        0.9444
    654.3678        0.9286
    654.3719        0.9050
    654.3761        0.8776
    654.3802        0.8534
    654.3844        0.8373
    654.3885        0.8295
    654.3926        0.8273
    654.3968        0.8298
    654.4009        0.8383
    654.4051        0.8535
    654.4092        0.8727
    654.4134        0.8923
    654.4175        0.9085
    654.4217        0.9201
    654.4258        0.9272
    654.4300        0.9309
    654.4341        0.9333
    654.4382        0.9360
    654.4424        0.9408
    654.4465        0.9484
    654.4507        0.9586
    654.4548        0.9703
    654.4590        0.9813
    654.4631        0.9884
    654.4673        0.9892
    654.4714        0.9854
    654.4756        0.9814
    654.4797        0.9799
    654.4839        0.9801
    654.4880        0.9815
    654.4921        0.9838
    654.4963        0.9852
    654.5004        0.9831
    654.5046        0.9767
    654.5087        0.9684
    654.5129        0.9614
    654.5170        0.9573
    654.5212        0.9579
    654.5253        0.9637
    654.5295        0.9725
    654.5336        0.9803
    654.5378        0.9841
    654.5419        0.9840
    654.5460        0.9814
    654.5502        0.9774
    654.5543        0.9730
    654.5585        0.9682
    654.5626        0.9639
    654.5668        0.9617
    654.5709        0.9621
    654.5751        0.9644
    654.5792        0.9662
    654.5834        0.9653
    654.5875        0.9619
    654.5916        0.9579
    654.5958        0.9550
    654.5999        0.9536
    654.6041        0.9528
    654.6082        0.9516
    654.6124        0.9496
    654.6165        0.9475
    654.6207        0.9469
    654.6248        0.9479
    654.6290        0.9481
    654.6331        0.9451
    654.6373        0.9409
    654.6414        0.9403
    654.6455        0.9452
    654.6497        0.9531
    654.6538        0.9602
    654.6580        0.9646
    654.6621        0.9663
    654.6663        0.9664
    654.6704        0.9661
    654.6746        0.9673
    654.6787        0.9722
    654.6829        0.9809
    654.6870        0.9911
    654.6912        0.9981
    654.6953        0.9995
    654.6994        0.9969
    654.7036        0.9927
    654.7077        0.9893
    654.7119        0.9863
    654.7160        0.9823
    654.7202        0.9774
    654.7243        0.9727
    654.7285        0.9695
    654.7326        0.9676
    654.7368        0.9661
    654.7409        0.9628
    654.7450        0.9554
    654.7492        0.9430
    654.7533        0.9280
    654.7575        0.9151
    654.7616        0.9076
    654.7658        0.9066
    654.7699        0.9102
    654.7741        0.9162
    654.7782        0.9232
    654.7824        0.9294
    654.7865        0.9328
    654.7907        0.9316
    654.7948        0.9269
    654.7989        0.9228
    654.8031        0.9242
    654.8072        0.9323
    654.8114        0.9436
    654.8155        0.9514
    654.8197        0.9522
    654.8238        0.9448
    654.8280        0.9296
    654.8321        0.9099
    654.8363        0.8919
    654.8404        0.8811
    654.8445        0.8773
    654.8487        0.8771
    654.8528        0.8783
    654.8570        0.8795
    654.8611        0.8790
    654.8653        0.8759
    654.8694        0.8732
    654.8736        0.8757
    654.8777        0.8854
    654.8819        0.8999
    654.8860        0.9141
    654.8902        0.9233
    654.8943        0.9259
    654.8984        0.9246
    654.9026        0.9218
    654.9067        0.9199
    654.9109        0.9201
    654.9150        0.9230
    654.9192        0.9285
    654.9233        0.9356
    654.9275        0.9414
    654.9316        0.9432
    654.9358        0.9407
    654.9399        0.9372
    654.9441        0.9374
    654.9482        0.9441
    654.9523        0.9558
    654.9565        0.9681
    654.9606        0.9762
    654.9648        0.9789
    654.9689        0.9780
    654.9731        0.9763
    654.9772        0.9754
    654.9814        0.9748
    654.9855        0.9731
    654.9897        0.9695
    654.9938        0.9644
    654.9979        0.9605
    655.0021        0.9607
    655.0062        0.9654
    655.0104        0.9707
    655.0145        0.9731
    655.0187        0.9718
    655.0228        0.9679
    655.0270        0.9621
    655.0311        0.9560
    655.0353        0.9518
    655.0394        0.9513
    655.0436        0.9523
    655.0477        0.9519
    655.0518        0.9497
    655.0560        0.9466
    655.0601        0.9439
    655.0643        0.9407
    655.0684        0.9352
    655.0726        0.9274
    655.0767        0.9204
    655.0809        0.9186
    655.0850        0.9236
    655.0892        0.9323
    655.0933        0.9391
    655.0975        0.9412
    655.1016        0.9418
    655.1057        0.9453
    655.1099        0.9520
    655.1140        0.9591
    655.1182        0.9643
    655.1223        0.9662
    655.1265        0.9652
    655.1306        0.9624
    655.1348        0.9591
    655.1389        0.9564
    655.1431        0.9552
    655.1472        0.9555
    655.1513        0.9564
    655.1555        0.9568
    655.1596        0.9566
    655.1638        0.9569
    655.1679        0.9590
    655.1721        0.9630
    655.1762        0.9660
    655.1804        0.9647
    655.1845        0.9575
    655.1887        0.9475
    655.1928        0.9408
    655.1970        0.9406
    655.2011        0.9452
    655.2052        0.9503
    655.2094        0.9530
    655.2135        0.9522
    655.2177        0.9467
    655.2218        0.9391
    655.2260        0.9316
    655.2301        0.9250
    655.2343        0.9159
    655.2384        0.9007
    655.2426        0.8789
    655.2467        0.8542
    655.2508        0.8323
    655.2550        0.8169
    655.2591        0.8080
    655.2633        0.8050
    655.2674        0.8082
    655.2716        0.8163
    655.2757        0.8269
    655.2799        0.8371
    655.2840        0.8463
    655.2882        0.8557
    655.2923        0.8670
    655.2965        0.8800
    655.3006        0.8927
    655.3047        0.9037
    655.3089        0.9137
    655.3130        0.9223
    655.3172        0.9285
    655.3213        0.9316
    655.3255        0.9325
    655.3296        0.9329
    655.3338        0.9334
    655.3379        0.9325
    655.3421        0.9279
    655.3462        0.9188
    655.3504        0.9070
    655.3545        0.8953
    655.3586        0.8856
    655.3628        0.8788
    655.3669        0.8750
    655.3711        0.8753
    655.3752        0.8811
    655.3794        0.8917
    655.3835        0.9044
    655.3877        0.9150
    655.3918        0.9218
    655.3960        0.9259
    655.4001        0.9292
    655.4042        0.9312
    655.4084        0.9312
    655.4125        0.9302
    655.4167        0.9311
    655.4208        0.9353
    655.4250        0.9398
    655.4291        0.9401
    655.4333        0.9343
    655.4374        0.9253
    655.4416        0.9184
    655.4457        0.9161
    655.4499        0.9184
    655.4540        0.9238
    655.4581        0.9297
    655.4623        0.9317
    655.4664        0.9267
    655.4706        0.9170
    655.4747        0.9096
    655.4789        0.9113
    655.4830        0.9225
    655.4872        0.9372
    655.4913        0.9465
    655.4955        0.9467
    655.4996        0.9400
    655.5038        0.9317
    655.5079        0.9255
    655.5120        0.9199
    655.5162        0.9126
    655.5203        0.9046
    655.5245        0.9006
    655.5286        0.9042
    655.5328        0.9141
    655.5369        0.9222
    655.5411        0.9223
    655.5452        0.9150
    655.5494        0.9056
    655.5535        0.8989
    655.5576        0.8969
    655.5618        0.8999
    655.5659        0.9062
    655.5701        0.9122
    655.5742        0.9159
    655.5784        0.9192
    655.5825        0.9252
    655.5867        0.9348
    655.5908        0.9451
    655.5950        0.9523
    655.5991        0.9532
    655.6033        0.9471
    655.6074        0.9356
    655.6115        0.9213
    655.6157        0.9079
    655.6198        0.9004
    655.6240        0.9026
    655.6281        0.9145
    655.6323        0.9313
    655.6364        0.9458
    655.6406        0.9533
    655.6447        0.9545
    655.6489        0.9532
    655.6530        0.9524
    655.6571        0.9523
    655.6613        0.9513
    655.6654        0.9485
    655.6696        0.9452
    655.6737        0.9424
    655.6779        0.9399
    655.6820        0.9368
    655.6862        0.9327
    655.6903        0.9284
    655.6945        0.9259
    655.6986        0.9250
    655.7028        0.9235
    655.7069        0.9199
    655.7110        0.9149
    655.7152        0.9125
    655.7193        0.9167
    655.7235        0.9300
    655.7276        0.9509
    655.7318        0.9730
    655.7359        0.9881
    655.7401        0.9917
    655.7442        0.9866
    655.7484        0.9808
    655.7525        0.9824
    655.7567        0.9940
    655.7608        1.0115
    655.7649        1.0273
    655.7691        1.0366
    655.7732        1.0404
    655.7774        1.0434
    655.7815        1.0488
    655.7857        1.0560
    655.7898        1.0628
    655.7940        1.0680
    655.7981        1.0723
    655.8023        1.0771
    655.8064        1.0813
    655.8105        1.0841
    655.8147        1.0860
    655.8188        1.0898
    655.8230        1.0957
    655.8271        1.1018
    655.8313        1.1066
    655.8354        1.1105
    655.8396        1.1144
    655.8437        1.1190
    655.8479        1.1259
    655.8520        1.1390
    655.8562        1.1621
    655.8603        1.1947
    655.8644        1.2298
    655.8686        1.2576
    655.8727        1.2741
    655.8769        1.2824
    655.8810        1.2888
    655.8852        1.2978
    655.8893        1.3103
    655.8935        1.3251
    655.8976        1.3417
    655.9018        1.3605
    655.9059        1.3814
    655.9101        1.4031
    655.9142        1.4228
    655.9183        1.4381
    655.9225        1.4493
    655.9266        1.4603
    655.9308        1.4771
    655.9349        1.5047
    655.9391        1.5424
    655.9432        1.5848
    655.9474        1.6243
    655.9515        1.6570
    655.9557        1.6846
    655.9598        1.7109
    655.9639        1.7367
    655.9681        1.7606
    655.9722        1.7809
    655.9764        1.7986
    655.9805        1.8159
    655.9847        1.8350
    655.9888        1.8567
    655.9930        1.8794
    655.9971        1.8998
    656.0013        1.9163
    656.0054        1.9309
    656.0096        1.9464
    656.0137        1.9622
    656.0178        1.9749
    656.0220        1.9803
    656.0261        1.9792
    656.0303        1.9773
    656.0344        1.9792
    656.0386        1.9840
    656.0427        1.9894
    656.0469        1.9959
    656.0510        2.0055
    656.0552        2.0175
    656.0593        2.0304
    656.0634        2.0439
    656.0676        2.0614
    656.0717        2.0882
    656.0759        2.1253
    656.0800        2.1682
    656.0842        2.2091
    656.0883        2.2427
    656.0925        2.2676
    656.0966        2.2852
    656.1008        2.2954
    656.1049        2.2972
    656.1091        2.2925
    656.1132        2.2888
    656.1173        2.2935
    656.1215        2.3081
    656.1256        2.3283
    656.1298        2.3485
    656.1339        2.3652
    656.1381        2.3769
    656.1422        2.3827
    656.1464        2.3803
    656.1505        2.3695
    656.1547        2.3544
    656.1588        2.3388
    656.1630        2.3248
    656.1671        2.3132
    656.1712        2.3047
    656.1754        2.3006
    656.1795        2.3005
    656.1837        2.3029
    656.1878        2.3055
    656.1920        2.3068
    656.1961        2.3075
    656.2003        2.3076
    656.2044        2.3064
    656.2086        2.3026
    656.2127        2.2971
    656.2168        2.2922
    656.2210        2.2914
    656.2251        2.2957
    656.2293        2.3029
    656.2334        2.3099
    656.2376        2.3147
    656.2417        2.3179
    656.2459        2.3221
    656.2500        2.3307
    656.2542        2.3450
    656.2583        2.3630
    656.2625        2.3796
    656.2666        2.3904
    656.2707        2.3934
    656.2749        2.3902
    656.2790        2.3845
    656.2832        2.3786
    656.2873        2.3733
    656.2915        2.3665
    656.2956        2.3565
    656.2998        2.3429
    656.3039        2.3272
    656.3081        2.3120
    656.3122        2.2990
    656.3164        2.2876
    656.3205        2.2743
    656.3246        2.2555
    656.3288        2.2313
    656.3329        2.2079
    656.3371        2.1910
    656.3412        2.1792
    656.3454        2.1673
    656.3495        2.1514
    656.3537        2.1322
    656.3578        2.1132
    656.3620        2.0981
    656.3661        2.0884
    656.3702        2.0830
    656.3744        2.0767
    656.3785        2.0642
    656.3827        2.0430
    656.3868        2.0141
    656.3910        1.9808
    656.3951        1.9466
    656.3993        1.9139
    656.4034        1.8834
    656.4076        1.8534
    656.4117        1.8227
    656.4159        1.7913
    656.4200        1.7614
    656.4241        1.7367
    656.4283        1.7208
    656.4324        1.7143
    656.4366        1.7149
    656.4407        1.7180
    656.4449        1.7175
    656.4490        1.7079
    656.4532        1.6888
    656.4573        1.6652
    656.4615        1.6420
    656.4656        1.6203
    656.4697        1.5999
    656.4739        1.5808
    656.4780        1.5630
    656.4822        1.5459
    656.4863        1.5286
    656.4905        1.5102
    656.4946        1.4901
    656.4988        1.4680
    656.5029        1.4449
    656.5071        1.4232
    656.5112        1.4038
    656.5154        1.3857
    656.5195        1.3679
    656.5236        1.3511
    656.5278        1.3355
    656.5319        1.3206
    656.5361        1.3053
    656.5402        1.2896
    656.5444        1.2746
    656.5485        1.2607
    656.5527        1.2458
    656.5568        1.2273
    656.5610        1.2075
    656.5651        1.1923
    656.5693        1.1849
    656.5734        1.1835
    656.5775        1.1835
    656.5817        1.1810
    656.5858        1.1738
    656.5900        1.1615
    656.5941        1.1464
    656.5983        1.1302
    656.6024        1.1131
    656.6066        1.0960
    656.6107        1.0819
    656.6149        1.0748
    656.6190        1.0756
    656.6231        1.0808
    656.6273        1.0848
    656.6314        1.0837
    656.6356        1.0763
    656.6397        1.0637
    656.6439        1.0478
    656.6480        1.0306
    656.6522        1.0143
    656.6563        1.0017
    656.6605        0.9945
    656.6646        0.9940
    656.6688        1.0003
    656.6729        1.0109
    656.6770        1.0200
    656.6812        1.0239
    656.6853        1.0231
    656.6895        1.0197
    656.6936        1.0149
    656.6978        1.0083
    656.7019        1.0015
    656.7061        0.9966
    656.7102        0.9952
    656.7144        0.9965
    656.7185        0.9981
    656.7227        0.9984
    656.7268        0.9981
    656.7309        0.9967
    656.7351        0.9915
    656.7392        0.9812
    656.7434        0.9686
    656.7475        0.9582
    656.7517        0.9530
    656.7558        0.9540
    656.7600        0.9603
    656.7641        0.9678
    656.7683        0.9707
    656.7724        0.9669
    656.7765        0.9595
    656.7807        0.9525
    656.7848        0.9483
    656.7890        0.9468
    656.7931        0.9481
    656.7973        0.9516
    656.8014        0.9562
    656.8056        0.9589
    656.8097        0.9575
    656.8139        0.9528
    656.8180        0.9476
    656.8222        0.9437
    656.8263        0.9405
    656.8304        0.9383
    656.8346        0.9384
    656.8387        0.9418
    656.8429        0.9477
    656.8470        0.9535
    656.8512        0.9565
    656.8553        0.9558
    656.8595        0.9515
    656.8636        0.9441
    656.8678        0.9340
    656.8719        0.9241
    656.8760        0.9172
    656.8802        0.9151
    656.8843        0.9174
    656.8885        0.9219
    656.8926        0.9268
    656.8968        0.9308
    656.9009        0.9340
    656.9051        0.9366
    656.9092        0.9378
    656.9134        0.9358
    656.9175        0.9303
    656.9217        0.9244
    656.9258        0.9219
    656.9299        0.9230
    656.9341        0.9252
    656.9382        0.9263
    656.9424        0.9260
    656.9465        0.9258
    656.9507        0.9267
    656.9548        0.9278
    656.9590        0.9285
    656.9631        0.9297
    656.9673        0.9324
    656.9714        0.9348
    656.9756        0.9354
    656.9797        0.9345
    656.9838        0.9339
    656.9880        0.9350
    656.9921        0.9362
    656.9963        0.9355
    657.0004        0.9330
    657.0046        0.9329
    657.0087        0.9384
    657.0129        0.9481
    657.0170        0.9586
    657.0212        0.9672
    657.0253        0.9727
    657.0294        0.9739
    657.0336        0.9701
    657.0377        0.9615
    657.0419        0.9491
    657.0460        0.9341
    657.0502        0.9185
    657.0543        0.9048
    657.0585        0.8958
    657.0626        0.8931
    657.0668        0.8974
    657.0709        0.9063
    657.0751        0.9162
    657.0792        0.9236
    657.0833        0.9276
    657.0875        0.9283
    657.0916        0.9265
    657.0958        0.9222
    657.0999        0.9170
    657.1041        0.9132
    657.1082        0.9107
    657.1124        0.9079
    657.1165        0.9048
    657.1207        0.9023
    657.1248        0.9013
    657.1289        0.9010
    657.1331        0.9013
    657.1372        0.9030
    657.1414        0.9067
    657.1455        0.9117
    657.1497        0.9172
    657.1538        0.9226
    657.1580        0.9285
    657.1621        0.9350
    657.1663        0.9405
    657.1704        0.9432
    657.1746        0.9425
    657.1787        0.9374
    657.1828        0.9268
    657.1870        0.9109
    657.1911        0.8929
    657.1953        0.8777
    657.1994        0.8663
    657.2036        0.8585
    657.2077        0.8530
    657.2119        0.8508
    657.2160        0.8549
    657.2202        0.8671
    657.2243        0.8852
    657.2285        0.9036
    657.2326        0.9170
    657.2367        0.9238
    657.2409        0.9253
    657.2450        0.9261
    657.2492        0.9292
    657.2533        0.9347
    657.2575        0.9402
    657.2616        0.9443
    657.2658        0.9482
    657.2699        0.9528
    657.2741        0.9571
    657.2782        0.9593
    657.2823        0.9585
    657.2865        0.9548
    657.2906        0.9487
    657.2948        0.9415
    657.2989        0.9357
    657.3031        0.9332
    657.3072        0.9333
    657.3114        0.9333
    657.3155        0.9303
    657.3197        0.9248
    657.3238        0.9196
    657.3280        0.9183
    657.3321        0.9222
    657.3362        0.9294
    657.3404        0.9363
    657.3445        0.9397
    657.3487        0.9391
    657.3528        0.9362
    657.3570        0.9342
    657.3611        0.9343
    657.3653        0.9354
    657.3694        0.9356
    657.3736        0.9342
    657.3777        0.9326
    657.3819        0.9313
    657.3860        0.9294
    657.3901        0.9248
    657.3943        0.9177
    657.3984        0.9121
    657.4026        0.9133
    657.4067        0.9224
    657.4109        0.9342
    657.4150        0.9416
    657.4192        0.9437
    657.4233        0.9445
    657.4275        0.9484
    657.4316        0.9567
    657.4357        0.9660
    657.4399        0.9704
    657.4440        0.9652
    657.4482        0.9507
    657.4523        0.9328
    657.4565        0.9188
    657.4606        0.9111
    657.4648        0.9060
    657.4689        0.8969
    657.4731        0.8817
    657.4772        0.8638
    657.4814        0.8484
    657.4855        0.8375
    657.4896        0.8313
    657.4938        0.8310
    657.4979        0.8376
    657.5021        0.8511
    657.5062        0.8707
    657.5104        0.8945
    657.5145        0.9182
    657.5187        0.9363
    657.5228        0.9451
    657.5270        0.9455
    657.5311        0.9420
    657.5352        0.9386
    657.5394        0.9372
    657.5435        0.9369
    657.5477        0.9384
    657.5518        0.9421
    657.5560        0.9466
    657.5601        0.9485
    657.5643        0.9475
    657.5684        0.9464
    657.5726        0.9490
    657.5767        0.9562
    657.5809        0.9649
    657.5850        0.9716
    657.5891        0.9745
    657.5933        0.9745
    657.5974        0.9725
    657.6016        0.9698
    657.6057        0.9686
    657.6099        0.9699
    657.6140        0.9720
    657.6182        0.9707
    657.6223        0.9631
    657.6265        0.9513
    657.6306        0.9419
    657.6348        0.9408
    657.6389        0.9471
    657.6430        0.9542
    657.6472        0.9559
    657.6513        0.9512
    657.6555        0.9448
    657.6596        0.9421
    657.6638        0.9435
    657.6679        0.9465
    657.6721        0.9481
    657.6762        0.9479
    657.6804        0.9468
    657.6845        0.9462
    657.6886        0.9467
    657.6928        0.9467
    657.6969        0.9444
    657.7011        0.9407
    657.7052        0.9380
    657.7094        0.9375
    657.7135        0.9369
    657.7177        0.9349
    657.7218        0.9328
    657.7260        0.9327
    657.7301        0.9347
    657.7343        0.9371
    657.7384        0.9391
    657.7425        0.9404
    657.7467        0.9411
    657.7508        0.9404
    657.7550        0.9389
    657.7591        0.9402
    657.7633        0.9484
    657.7674        0.9623
    657.7716        0.9760
    657.7757        0.9846
    657.7799        0.9863
    657.7840        0.9815
    657.7882        0.9718
    657.7923        0.9621
    657.7964        0.9575
    657.8006        0.9604
    657.8047        0.9686
    657.8089        0.9785
    657.8130        0.9869
    657.8172        0.9914
    657.8213        0.9921
    657.8255        0.9912
    657.8296        0.9913
    657.8338        0.9929
    657.8379        0.9936
    657.8420        0.9907
    657.8462        0.9847
    657.8503        0.9799
    657.8545        0.9795
    657.8586        0.9828
    657.8628        0.9865
    657.8669        0.9886
    657.8711        0.9877
    657.8752        0.9824
    657.8794        0.9730
    657.8835        0.9627
    657.8877        0.9552
    657.8918        0.9510
    657.8959        0.9488
    657.9001        0.9478
    657.9042        0.9474
    657.9084        0.9471
    657.9125        0.9468
    657.9167        0.9463
    657.9208        0.9453
    657.9250        0.9442
    657.9291        0.9429
    657.9333        0.9416
    657.9374        0.9392
    657.9415        0.9365
    657.9457        0.9353
    657.9498        0.9378
    657.9540        0.9441
    657.9581        0.9525
    657.9623        0.9604
    657.9664        0.9663
    657.9706        0.9689
    657.9747        0.9672
    657.9789        0.9611
    657.9830        0.9538
    657.9872        0.9505
    657.9913        0.9557
    657.9954        0.9686
    657.9996        0.9828
    658.0037        0.9906
    658.0079        0.9888
    658.0120        0.9814
    658.0162        0.9742
    658.0203        0.9695
    658.0245        0.9676
    658.0286        0.9706
    658.0328        0.9800
    658.0369        0.9933
    658.0411        1.0040
    658.0452        1.0066
    658.0493        1.0011
    658.0535        0.9926
    658.0576        0.9856
    658.0618        0.9787
    658.0659        0.9683
    658.0701        0.9548
    658.0742        0.9423
    658.0784        0.9353
    658.0825        0.9349
    658.0867        0.9385
    658.0908        0.9430
    658.0949        0.9473
    658.0991        0.9527
    658.1032        0.9597
    658.1074        0.9662
    658.1115        0.9696
    658.1157        0.9695
    658.1198        0.9687
    658.1240        0.9693
    658.1281        0.9712
    658.1323        0.9717
    658.1364        0.9691
    658.1406        0.9645
    658.1447        0.9620
    658.1488        0.9643
    658.1530        0.9699
    658.1571        0.9725
    658.1613        0.9675
    658.1654        0.9565
    658.1696        0.9478
    658.1737        0.9481
    658.1779        0.9578
    658.1820        0.9725
    658.1862        0.9861
    658.1903        0.9945
    658.1945        0.9966
    658.1986        0.9926
    658.2027        0.9841
    658.2069        0.9748
    658.2110        0.9693
    658.2152        0.9703
    658.2193        0.9773
    658.2235        0.9866
    658.2276        0.9938
    658.2318        0.9964
    658.2359        0.9934
    658.2401        0.9854
    658.2442        0.9759
    658.2483        0.9718
    658.2525        0.9774
    658.2566        0.9907
    658.2608        1.0050
    658.2649        1.0141
    658.2691        1.0153
    658.2732        1.0099
    658.2774        1.0011
    658.2815        0.9912
    658.2857        0.9820
    658.2898        0.9756
    658.2940        0.9724
    658.2981        0.9711
    658.3022        0.9682
    658.3064        0.9612
    658.3105        0.9528
    658.3147        0.9493
    658.3188        0.9542
    658.3230        0.9648
    658.3271        0.9758
    658.3313        0.9818
    658.3354        0.9803
    658.3396        0.9716
    658.3437        0.9586
    658.3478        0.9470
    658.3520        0.9421
    658.3561        0.9467
    658.3603        0.9576
    658.3644        0.9684
    658.3686        0.9742
    658.3727        0.9737
    658.3769        0.9690
    658.3810        0.9641
    658.3852        0.9620
    658.3893        0.9637
    658.3935        0.9673
    658.3976        0.9707
    658.4017        0.9729
    658.4059        0.9750
    658.4100        0.9784
    658.4142        0.9824
    658.4183        0.9835
    658.4225        0.9791
    658.4266        0.9718
    658.4308        0.9673
    658.4349        0.9709
    658.4391        0.9837
    658.4432        1.0006
    658.4474        1.0151
    658.4515        1.0234
    658.4556        1.0256
    658.4598        1.0242
    658.4639        1.0213
    658.4681        1.0170
    658.4722        1.0103
    658.4764        1.0017
    658.4805        0.9929
    658.4847        0.9858
    658.4888        0.9814
    658.4930        0.9798
    658.4971        0.9811
    658.5012        0.9856
    658.5054        0.9926
    658.5095        0.9999
    658.5137        1.0042
    658.5178        1.0022
    658.5220        0.9933
    658.5261        0.9799
    658.5303        0.9659
    658.5344        0.9557
    658.5386        0.9517
    658.5427        0.9547
    658.5469        0.9628
    658.5510        0.9735
    658.5551        0.9848
    658.5593        0.9965
    658.5634        1.0084
    658.5676        1.0193
    658.5717        1.0266
    658.5759        1.0276
    658.5800        1.0222
    658.5842        1.0113
    658.5883        0.9968
    658.5925        0.9824
    658.5966        0.9736
    658.6008        0.9740
    658.6049        0.9816
    658.6090        0.9908
    658.6132        0.9963
    658.6173        0.9953
    658.6215        0.9880
    658.6256        0.9767
    658.6298        0.9643
    658.6339        0.9526
    658.6381        0.9420
    658.6422        0.9322
    658.6464        0.9227
    658.6505        0.9135
    658.6546        0.9051
    658.6588        0.8994
    658.6629        0.8993
    658.6671        0.9060
    658.6712        0.9185
    658.6754        0.9338
    658.6795        0.9482
    658.6837        0.9590
    658.6878        0.9658
    658.6920        0.9703
    658.6961        0.9746
    658.7003        0.9794
    658.7044        0.9841
    658.7085        0.9887
    658.7127        0.9934
    658.7168        0.9973
    658.7210        0.9997
    658.7251        1.0009
    658.7293        1.0016
    658.7334        1.0013
    658.7376        0.9996
    658.7417        0.9985
    658.7459        0.9993
    658.7500        1.0002
    658.7541        0.9990
    658.7583        0.9961
    658.7624        0.9929
    658.7666        0.9904
    658.7707        0.9892
    658.7749        0.9903
    658.7790        0.9930
    658.7832        0.9939
    658.7873        0.9918
    658.7915        0.9885
    658.7956        0.9870
    658.7998        0.9879
    658.8039        0.9895
    658.8080        0.9905
    658.8122        0.9909
    658.8163        0.9915
    658.8205        0.9924
    658.8246        0.9927
    658.8288        0.9920
    658.8329        0.9905
    658.8371        0.9885
    658.8412        0.9854
    658.8454        0.9808
    658.8495        0.9747
    658.8537        0.9677
    658.8578        0.9611
    658.8619        0.9564
    658.8661        0.9551
    658.8702        0.9576
    658.8744        0.9633
    658.8785        0.9710
    658.8827        0.9781
    658.8868        0.9821
    658.8910        0.9821
    658.8951        0.9812
    658.8993        0.9823
    658.9034        0.9860
    658.9075        0.9909
    658.9117        0.9954
    658.9158        0.9988
    658.9200        0.9999
    658.9241        0.9983
    658.9283        0.9951
    658.9324        0.9941
    658.9366        0.9990
    658.9407        1.0091
    658.9449        1.0186
    658.9490        1.0212
    658.9532        1.0153
    658.9573        1.0052
    658.9614        0.9971
    658.9656        0.9941
    658.9697        0.9938
    658.9739        0.9926
    658.9780        0.9898
    658.9822        0.9876
    658.9863        0.9891
    658.9905        0.9948
    658.9946        1.0025
    658.9988        1.0096
    659.0029        1.0148
    659.0071        1.0179
    659.0112        1.0195
    659.0153        1.0196
    659.0195        1.0176
    659.0236        1.0123
    659.0278        1.0041
    659.0319        0.9963
    659.0361        0.9937
    659.0402        0.9993
    659.0444        1.0103
    659.0485        1.0204
    659.0527        1.0240
    659.0568        1.0209
    659.0609        1.0145
    659.0651        1.0075
    659.0692        1.0022
    659.0734        1.0013
    659.0775        1.0052
    659.0817        1.0102
    659.0858        1.0121
    659.0900        1.0083
    659.0941        1.0005
    659.0983        0.9929
    659.1024        0.9889
    659.1066        0.9889
    659.1107        0.9914
    659.1148        0.9943
    659.1190        0.9967
    659.1231        0.9991
    659.1273        1.0032
    659.1314        1.0098
    659.1356        1.0170
    659.1397        1.0205
    659.1439        1.0175
    659.1480        1.0087
    659.1522        0.9975
    659.1563        0.9873
    659.1604        0.9808
    659.1646        0.9791
    659.1687        0.9828
    659.1729        0.9913
    659.1770        1.0025
    659.1812        1.0122
    659.1853        1.0161
    659.1895        1.0129
    659.1936        1.0052
    659.1978        0.9978
    659.2019        0.9928
    659.2061        0.9906
    659.2102        0.9902
    659.2143        0.9915
    659.2185        0.9934
    659.2226        0.9954
    659.2268        0.9963
    659.2309        0.9962
    659.2351        0.9960
    659.2392        0.9966
    659.2434        0.9981
    659.2475        0.9993
    659.2517        0.9983
    659.2558        0.9932
    659.2600        0.9855
    659.2641        0.9803
    659.2682        0.9832
    659.2724        0.9944
    659.2765        1.0074
    659.2807        1.0160
    659.2848        1.0174
    659.2890        1.0112
    659.2931        0.9989
    659.2973        0.9853
    659.3014        0.9753
    659.3056        0.9716
    659.3097        0.9734
    659.3138        0.9788
    659.3180        0.9861
    659.3221        0.9940
    659.3263        1.0003
    659.3304        1.0010
    659.3346        0.9936
    659.3387        0.9805
    659.3429        0.9674
    659.3470        0.9607
    659.3512        0.9629
    659.3553        0.9710
    659.3595        0.9791
    659.3636        0.9827
    659.3677        0.9814
    659.3719        0.9795
    659.3760        0.9802
    659.3802        0.9827
    659.3843        0.9845
    659.3885        0.9840
    659.3926        0.9825
    659.3968        0.9817
    659.4009        0.9821
    659.4051        0.9816
    659.4092        0.9779
    659.4133        0.9706
    659.4175        0.9626
    659.4216        0.9581
    659.4258        0.9591
    659.4299        0.9638
    659.4341        0.9687
    659.4382        0.9716
    659.4424        0.9740
    659.4465        0.9774
    659.4507        0.9802
    659.4548        0.9795
    659.4590        0.9748
    659.4631        0.9688
    659.4672        0.9654
    659.4714        0.9671
    659.4755        0.9735
    659.4797        0.9815
    659.4838        0.9873
    659.4880        0.9887
    659.4921        0.9865
    659.4963        0.9840
    659.5004        0.9841
    659.5046        0.9879
    659.5087        0.9940
    659.5129        0.9996
    659.5170        1.0021
    659.5211        1.0009
    659.5253        0.9977
    659.5294        0.9958
    659.5336        0.9987
    659.5377        1.0068
    659.5419        1.0164
    659.5460        1.0220
    659.5502        1.0199
    659.5543        1.0120
    659.5585        1.0036
    659.5626        0.9979
    659.5667        0.9953
    659.5709        0.9948
    659.5750        0.9956
    659.5792        0.9958
    659.5833        0.9943
    659.5875        0.9925
    659.5916        0.9937
    659.5958        0.9989
    659.5999        1.0060
    659.6041        1.0111
    659.6082        1.0114
    659.6124        1.0058
    659.6165        0.9956
    659.6206        0.9838
    659.6248        0.9737
    659.6289        0.9679
    659.6331        0.9654
    659.6372        0.9633
    659.6414        0.9600
    659.6455        0.9572
    659.6497        0.9581
    659.6538        0.9626
    659.6580        0.9680
    659.6621        0.9709
    659.6663        0.9723
    659.6704        0.9764
    659.6745        0.9850
    659.6787        0.9956
    659.6828        1.0043
    659.6870        1.0098
    659.6911        1.0128
    659.6953        1.0136
    659.6994        1.0117
    659.7036        1.0063
    659.7077        0.9965
    659.7119        0.9842
    659.7160        0.9743
    659.7201        0.9720
    659.7243        0.9781
    659.7284        0.9894
    659.7326        1.0003
    659.7367        1.0060
    659.7409        1.0050
    659.7450        0.9999
    659.7492        0.9957
    659.7533        0.9957
    659.7575        0.9991
    659.7616        1.0027
    659.7658        1.0052
    659.7699        1.0070
    659.7740        1.0078
    659.7782        1.0069
    659.7823        1.0042
    659.7865        1.0004
    659.7906        0.9964
    659.7948        0.9923
    659.7989        0.9871
    659.8031        0.9813
    659.8072        0.9756
    659.8114        0.9698
    659.8155        0.9630
    659.8196        0.9574
    659.8238        0.9576
    659.8279        0.9644
    659.8321        0.9736
    659.8362        0.9801
    659.8404        0.9820
    659.8445        0.9816
    659.8487        0.9823
    659.8528        0.9861
    659.8570        0.9920
    659.8611        0.9980
    659.8653        1.0020
    659.8694        1.0036
    659.8735        1.0032
    659.8777        1.0010
    659.8818        0.9966
    659.8860        0.9912
    659.8901        0.9863
    659.8943        0.9826
    659.8984        0.9795
    659.9026        0.9761
    659.9067        0.9719
    659.9109        0.9672
    659.9150        0.9610
    659.9192        0.9518
    659.9233        0.9406
    659.9274        0.9324
    659.9316        0.9321
    659.9357        0.9399
    659.9399        0.9514
    659.9440        0.9611
    659.9482        0.9669
    659.9523        0.9705
    659.9565        0.9734
    659.9606        0.9759
    659.9648        0.9775
    659.9689        0.9787
    659.9730        0.9810
    659.9772        0.9851
    659.9813        0.9888
    659.9855        0.9898
    659.9896        0.9888
    659.9938        0.9884
    659.9979        0.9911
    660.0021        0.9962
    660.0062        1.0009
    660.0104        1.0018
    660.0145        0.9958
    660.0187        0.9834
    660.0228        0.9684
    660.0269        0.9570
    660.0311        0.9545
    660.0352        0.9621
    660.0394        0.9747
    660.0435        0.9845
    660.0477        0.9860
    660.0518        0.9811
    660.0560        0.9768
    660.0601        0.9772
    660.0643        0.9808
    660.0684        0.9850
    660.0726        0.9887
    660.0767        0.9922
    660.0808        0.9946
    660.0850        0.9956
    660.0891        0.9951
    660.0933        0.9938
    660.0974        0.9915
    660.1016        0.9878
    660.1057        0.9822
    660.1099        0.9762
    660.1140        0.9738
    660.1182        0.9797
    660.1223        0.9949
    660.1264        1.0134
    660.1306        1.0270
    660.1347        1.0315
    660.1389        1.0301
    660.1430        1.0298
    660.1472        1.0341
    660.1513        1.0390
    660.1555        1.0380
    660.1596        1.0296
    660.1638        1.0166
    660.1679        1.0042
    660.1721        0.9958
    660.1762        0.9924
    660.1803        0.9928
    660.1845        0.9952
    660.1886        0.9978
    660.1928        0.9988
    660.1969        0.9967
    660.2011        0.9920
    660.2052        0.9874
    660.2094        0.9863
    660.2135        0.9895
    660.2177        0.9942
    660.2218        0.9970
    660.2259        0.9957
    660.2301        0.9915
    660.2342        0.9869
    660.2384        0.9851
    660.2425        0.9873
    660.2467        0.9935
    660.2508        1.0018
    660.2550        1.0096
    660.2591        1.0151
    660.2633        1.0193
    660.2674        1.0220
    660.2716        1.0206
    660.2757        1.0132
    660.2798        1.0016
    660.2840        0.9901
    660.2881        0.9819
    660.2923        0.9785
    660.2964        0.9794
    660.3006        0.9830
    660.3047        0.9860
    660.3089        0.9867
    660.3130        0.9842
    660.3172        0.9801
    660.3213        0.9769
    660.3255        0.9762
    660.3296        0.9785
    660.3337        0.9839
    660.3379        0.9918
    660.3420        0.9994
    660.3462        1.0031
    660.3503        1.0014
    660.3545        0.9962
    660.3586        0.9913
    660.3628        0.9888
    660.3669        0.9865
    660.3711        0.9816
    660.3752        0.9733
    660.3793        0.9642
    660.3835        0.9581
    660.3876        0.9564
    660.3918        0.9591
    660.3959        0.9653
    660.4001        0.9747
    660.4042        0.9855
    660.4084        0.9942
    660.4125        0.9986
    660.4167        1.0004
    660.4208        1.0011
    660.4250        1.0007
    660.4291        0.9978
    660.4332        0.9919
    660.4374        0.9841
    660.4415        0.9780
    660.4457        0.9773
    660.4498        0.9845
    660.4540        0.9965
    660.4581        1.0066
    660.4623        1.0077
    660.4664        0.9984
    660.4706        0.9830
    660.4747        0.9688
    660.4789        0.9613
    660.4830        0.9615
    660.4871        0.9675
    660.4913        0.9761
    660.4954        0.9848
    660.4996        0.9909
    660.5037        0.9917
    660.5079        0.9866
    660.5120        0.9787
    660.5162        0.9727
    660.5203        0.9720
    660.5245        0.9755
    660.5286        0.9778
    660.5327        0.9768
    660.5369        0.9748
    660.5410        0.9757
    660.5452        0.9800
    660.5493        0.9847
    660.5535        0.9859
    660.5576        0.9829
    660.5618        0.9790
    660.5659        0.9788
    660.5701        0.9848
    660.5742        0.9959
    660.5784        1.0086
    660.5825        1.0182
    660.5866        1.0223
    660.5908        1.0206
    660.5949        1.0156
    660.5991        1.0112
    660.6032        1.0089
    660.6074        1.0074
    660.6115        1.0052
    660.6157        1.0026
    660.6198        1.0005
    660.6240        0.9973
    660.6281        0.9927
    660.6322        0.9888
    660.6364        0.9889
    660.6405        0.9931
    660.6447        0.9980
    660.6488        0.9996
    660.6530        0.9960
    660.6571        0.9893
    660.6613        0.9845
    660.6654        0.9854
    660.6696        0.9919
    660.6737        1.0003
    660.6779        1.0059
    660.6820        1.0072
    660.6861        1.0058
    660.6903        1.0054
    660.6944        1.0081
    660.6986        1.0131
    660.7027        1.0167
    660.7069        1.0157
    660.7110        1.0103
    660.7152        1.0038
    660.7193        1.0007
    660.7235        1.0032
    660.7276        1.0087
    660.7318        1.0132
    660.7359        1.0140
    660.7400        1.0114
    660.7442        1.0070
    660.7483        1.0033
    660.7525        1.0013
    660.7566        1.0021
    660.7608        1.0050
    660.7649        1.0087
    660.7691        1.0100
    660.7732        1.0078
    660.7774        1.0034
    660.7815        0.9989
