    648.9714        1.0527
    648.9772        1.0517
    648.9830        1.0414
    648.9888        1.0342
    648.9946        1.0284
    649.0004        1.0280
    649.0061        1.0312
    649.0119        1.0254
    649.0177        1.0120
    649.0235        1.0062
    649.0293        1.0083
    649.0351        1.0046
    649.0409        0.9933
    649.0466        0.9862
    649.0524        0.9862
    649.0582        0.9739
    649.0640        0.9347
    649.0698        0.9063
    649.0756        0.9089
    649.0813        0.9164
    649.0871        0.9434
    649.0929        0.9677
    649.0987        0.9756
    649.1045        0.9826
    649.1103        0.9794
    649.1161        0.9765
    649.1218        0.9824
    649.1276        0.9882
    649.1334        1.0028
    649.1392        1.0175
    649.1450        1.0070
    649.1508        0.9946
    649.1566        1.0036
    649.1623        1.0155
    649.1681        1.0090
    649.1739        0.9983
    649.1797        0.9898
    649.1855        0.9821
    649.1913        0.9933
    649.1970        1.0124
    649.2028        1.0204
    649.2086        1.0228
    649.2144        1.0247
    649.2202        1.0267
    649.2260        1.0209
    649.2318        1.0088
    649.2375        1.0004
    649.2433        0.9959
    649.2491        0.9949
    649.2549        0.9985
    649.2607        0.9944
    649.2665        0.9773
    649.2723        0.9609
    649.2780        0.9454
    649.2838        0.9352
    649.2896        0.9397
    649.2954        0.9438
    649.3012        0.9471
    649.3070        0.9532
    649.3127        0.9728
    649.3185        0.9895
    649.3243        0.9826
    649.3301        0.9767
    649.3359        0.9944
    649.3417        1.0120
    649.3475        1.0000
    649.3532        0.9879
    649.3590        1.0004
    649.3648        1.0143
    649.3706        1.0143
    649.3764        1.0125
    649.3822        1.0059
    649.3880        0.9982
    649.3937        1.0040
    649.3995        1.0136
    649.4053        1.0236
    649.4111        1.0338
    649.4169        1.0314
    649.4227        1.0236
    649.4284        1.0086
    649.4342        0.9894
    649.4400        0.9796
    649.4458        0.9764
    649.4516        0.9832
    649.4574        0.9992
    649.4632        1.0000
    649.4689        0.9837
    649.4747        0.9842
    649.4805        1.0080
    649.4863        1.0188
    649.4921        1.0076
    649.4979        1.0002
    649.5037        1.0009
    649.5094        1.0011
    649.5152        0.9998
    649.5210        0.9960
    649.5268        0.9838
    649.5326        0.9768
    649.5384        0.9972
    649.5441        1.0150
    649.5499        1.0119
    649.5557        1.0070
    649.5615        0.9759
    649.5673        0.9451
    649.5731        0.9413
    649.5789        0.9374
    649.5846        0.9341
    649.5904        0.9307
    649.5962        0.9645
    649.6020        1.0022
    649.6078        1.0085
    649.6136        1.0095
    649.6194        1.0182
    649.6251        1.0288
    649.6309        1.0182
    649.6367        1.0006
    649.6425        0.9976
    649.6483        1.0009
    649.6541        1.0014
    649.6598        1.0002
    649.6656        1.0022
    649.6714        1.0062
    649.6772        1.0035
    649.6830        0.9953
    649.6888        1.0000
    649.6946        1.0177
    649.7003        1.0185
    649.7061        0.9986
    649.7119        0.9899
    649.7177        0.9979
    649.7235        1.0017
    649.7293        0.9974
    649.7351        0.9956
    649.7408        0.9999
    649.7466        1.0014
    649.7524        0.9942
    649.7582        0.9893
    649.7640        0.9936
    649.7698        0.9969
    649.7755        0.9951
    649.7813        0.9950
    649.7871        1.0101
    649.7929        1.0239
    649.7987        1.0152
    649.8045        1.0064
    649.8103        1.0111
    649.8160        1.0157
    649.8218        1.0188
    649.8276        1.0218
    649.8334        1.0142
    649.8392        1.0054
    649.8450        1.0078
    649.8508        1.0120
    649.8565        1.0176
    649.8623        1.0236
    649.8681        1.0255
    649.8739        1.0259
    649.8797        1.0188
    649.8855        1.0086
    649.8912        1.0111
    649.8970        1.0199
    649.9028        1.0232
    649.9086        1.0230
    649.9144        1.0240
    649.9202        1.0260
    649.9260        1.0226
    649.9317        1.0140
    649.9375        1.0128
    649.9433        1.0197
    649.9491        1.0185
    649.9549        1.0059
    649.9607        0.9948
    649.9665        0.9862
    649.9722        0.9812
    649.9780        0.9840
    649.9838        0.9852
    649.9896        0.9825
    649.9954        0.9843
    650.0012        1.0013
    650.0069        1.0153
    650.0127        1.0157
    650.0185        1.0160
    650.0243        1.0155
    650.0301        1.0135
    650.0359        0.9974
    650.0417        0.9822
    650.0474        0.9872
    650.0532        0.9924
    650.0590        1.0076
    650.0648        1.0230
    650.0706        1.0166
    650.0764        1.0089
    650.0822        1.0193
    650.0879        1.0318
    650.0937        1.0280
    650.0995        1.0215
    650.1053        1.0275
    650.1111        1.0367
    650.1169        1.0257
    650.1226        1.0087
    650.1284        1.0099
    650.1342        1.0182
    650.1400        1.0242
    650.1458        1.0291
    650.1516        1.0197
    650.1574        1.0018
    650.1631        1.0015
    650.1689        1.0141
    650.1747        1.0192
    650.1805        1.0177
    650.1863        1.0114
    650.1921        0.9999
    650.1979        1.0006
    650.2036        1.0162
    650.2094        1.0213
    650.2152        1.0100
    650.2210        1.0034
    650.2268        1.0056
    650.2326        1.0070
    650.2383        1.0066
    650.2441        1.0053
    650.2499        1.0013
    650.2557        0.9983
    650.2615        0.9996
    650.2673        1.0026
    650.2731        1.0139
    650.2788        1.0221
    650.2846        1.0076
    650.2904        0.9947
    650.2962        0.9975
    650.3020        1.0002
    650.3078        0.9949
    650.3136        0.9898
    650.3193        0.9747
    650.3251        0.9597
    650.3309        0.9693
    650.3367        0.9804
    650.3425        0.9852
    650.3483        0.9894
    650.3540        0.9866
    650.3598        0.9826
    650.3656        1.0031
    650.3714        1.0292
    650.3772        1.0302
    650.3830        1.0240
    650.3888        1.0188
    650.3945        1.0139
    650.4003        1.0083
    650.4061        1.0024
    650.4119        0.9913
    650.4177        0.9773
    650.4235        0.9796
    650.4293        0.9924
    650.4350        0.9931
    650.4408        0.9838
    650.4466        0.9865
    650.4524        1.0002
    650.4582        1.0122
    650.4640        1.0219
    650.4697        1.0293
    650.4755        1.0337
    650.4813        1.0337
    650.4871        1.0268
    650.4929        1.0191
    650.4987        1.0098
    650.5045        1.0029
    650.5102        1.0018
    650.5160        1.0020
    650.5218        1.0068
    650.5276        1.0098
    650.5334        1.0069
    650.5392        1.0042
    650.5450        1.0023
    650.5507        0.9993
    650.5565        0.9883
    650.5623        0.9796
    650.5681        0.9978
    650.5739        1.0147
    650.5797        1.0055
    650.5854        0.9966
    650.5912        1.0017
    650.5970        1.0069
    650.6028        1.0050
    650.6086        1.0026
    650.6144        1.0052
    650.6202        1.0083
    650.6259        1.0102
    650.6317        1.0118
    650.6375        1.0032
    650.6433        0.9924
    650.6491        0.9966
    650.6549        1.0048
    650.6607        1.0055
    650.6664        1.0039
    650.6722        1.0026
    650.6780        1.0016
    650.6838        1.0013
    650.6896        1.0017
    650.6954        1.0010
    650.7011        1.0001
    650.7069        0.9951
    650.7127        0.9874
    650.7185        0.9849
    650.7243        0.9866
    650.7301        0.9865
    650.7359        0.9850
    650.7416        0.9813
    650.7474        0.9753
    650.7532        0.9753
    650.7590        0.9835
    650.7648        0.9850
    650.7706        0.9759
    650.7764        0.9760
    650.7821        0.9936
    650.7879        1.0054
    650.7937        1.0039
    650.7995        0.9988
    650.8053        0.9829
    650.8111        0.9714
    650.8168        0.9745
    650.8226        0.9779
    650.8284        0.9828
    650.8342        0.9851
    650.8400        0.9732
    650.8458        0.9635
    650.8516        0.9737
    650.8573        0.9831
    650.8631        0.9827
    650.8689        0.9817
    650.8747        0.9610
    650.8805        0.9401
    650.8863        0.9621
    650.8921        0.9844
    650.8978        1.0016
    650.9036        1.0185
    650.9094        1.0111
    650.9152        1.0014
    650.9210        1.0059
    650.9268        1.0122
    650.9325        1.0119
    650.9383        1.0101
    650.9441        1.0066
    650.9499        1.0026
    650.9557        0.9961
    650.9615        0.9887
    650.9673        0.9996
    650.9730        1.0176
    650.9788        1.0182
    650.9846        1.0109
    650.9904        0.9991
    650.9962        0.9848
    651.0020        0.9755
    651.0078        0.9693
    651.0135        0.9785
    651.0193        0.9994
    651.0251        1.0153
    651.0309        1.0270
    651.0367        1.0294
    651.0425        1.0221
    651.0482        1.0234
    651.0540        1.0348
    651.0598        1.0385
    651.0656        1.0316
    651.0714        1.0292
    651.0772        1.0343
    651.0830        1.0374
    651.0887        1.0369
    651.0945        1.0369
    651.1003        1.0379
    651.1061        1.0336
    651.1119        1.0153
    651.1177        1.0008
    651.1235        0.9990
    651.1292        0.9991
    651.1350        1.0073
    651.1408        1.0124
    651.1466        1.0007
    651.1524        0.9902
    651.1582        0.9873
    651.1639        0.9849
    651.1697        0.9874
    651.1755        0.9895
    651.1813        0.9850
    651.1871        0.9808
    651.1929        0.9903
    651.1987        1.0000
    651.2044        0.9863
    651.2102        0.9722
    651.2160        0.9741
    651.2218        0.9769
    651.2276        0.9968
    651.2334        1.0184
    651.2392        1.0177
    651.2449        1.0136
    651.2507        1.0056
    651.2565        0.9969
    651.2623        1.0050
    651.2681        1.0174
    651.2739        1.0100
    651.2796        0.9967
    651.2854        0.9929
    651.2912        0.9926
    651.2970        1.0022
    651.3028        1.0160
    651.3086        1.0152
    651.3144        1.0067
    651.3201        1.0023
    651.3259        1.0005
    651.3317        0.9923
    651.3375        0.9799
    651.3433        0.9797
    651.3491        0.9897
    651.3549        0.9906
    651.3606        0.9832
    651.3664        0.9822
    651.3722        0.9882
    651.3780        0.9903
    651.3838        0.9876
    651.3896        0.9852
    651.3953        0.9833
    651.4011        0.9888
    651.4069        1.0069
    651.4127        1.0158
    651.4185        1.0078
    651.4243        0.9927
    651.4301        0.9622
    651.4358        0.9425
    651.4416        0.9509
    651.4474        0.9504
    651.4532        0.9226
    651.4590        0.9035
    651.4648        0.9162
    651.4706        0.9262
    651.4763        0.9238
    651.4821        0.9221
    651.4879        0.9240
    651.4937        0.9275
    651.4995        0.9446
    651.5053        0.9603
    651.5110        0.9604
    651.5168        0.9611
    651.5226        0.9775
    651.5284        0.9934
    651.5342        0.9696
    651.5400        0.9458
    651.5458        0.9531
    651.5515        0.9611
    651.5573        0.9615
    651.5631        0.9614
    651.5689        0.9699
    651.5747        0.9793
    651.5805        0.9698
    651.5863        0.9580
    651.5920        0.9478
    651.5978        0.9383
    651.6036        0.9505
    651.6094        0.9677
    651.6152        0.9690
    651.6210        0.9662
    651.6267        0.9396
    651.6325        0.9054
    651.6383        0.8899
    651.6441        0.8818
    651.6499        0.8720
    651.6557        0.8616
    651.6615        0.8780
    651.6672        0.9083
    651.6730        0.9254
    651.6788        0.9347
    651.6846        0.9361
    651.6904        0.9323
    651.6962        0.9356
    651.7020        0.9445
    651.7077        0.9502
    651.7135        0.9528
    651.7193        0.9617
    651.7251        0.9766
    651.7309        0.9756
    651.7367        0.9561
    651.7424        0.9489
    651.7482        0.9576
    651.7540        0.9641
    651.7598        0.9675
    651.7656        0.9687
    651.7714        0.9663
    651.7772        0.9655
    651.7829        0.9678
    651.7887        0.9700
    651.7945        0.9720
    651.8003        0.9747
    651.8061        0.9793
    651.8119        0.9842
    651.8177        0.9897
    651.8234        0.9970
    651.8292        1.0110
    651.8350        1.0209
    651.8408        1.0138
    651.8466        1.0090
    651.8524        1.0163
    651.8581        1.0208
    651.8639        1.0061
    651.8697        0.9931
    651.8755        0.9942
    651.8813        0.9955
    651.8871        1.0005
    651.8929        1.0045
    651.8986        0.9900
    651.9044        0.9757
    651.9102        0.9834
    651.9160        0.9911
    651.9218        0.9751
    651.9276        0.9587
    651.9334        0.9632
    651.9391        0.9686
    651.9449        0.9678
    651.9507        0.9663
    651.9565        0.9500
    651.9623        0.9321
    651.9681        0.9522
    651.9738        0.9782
    651.9796        0.9898
    651.9854        0.9985
    651.9912        0.9941
    651.9970        0.9867
    652.0028        0.9879
    652.0086        0.9915
    652.0143        0.9874
    652.0201        0.9809
    652.0259        0.9744
    652.0317        0.9681
    652.0375        0.9677
    652.0433        0.9699
    652.0491        0.9790
    652.0548        0.9913
    652.0606        0.9972
    652.0664        0.9994
    652.0722        0.9953
    652.0780        0.9875
    652.0838        0.9898
    652.0895        0.9990
    652.0953        0.9999
    652.1011        0.9942
    652.1069        0.9929
    652.1127        0.9957
    652.1185        0.9938
    652.1243        0.9874
    652.1300        0.9806
    652.1358        0.9736
    652.1416        0.9711
    652.1474        0.9741
    652.1532        0.9788
    652.1590        0.9861
    652.1648        0.9877
    652.1705        0.9804
    652.1763        0.9754
    652.1821        0.9745
    652.1879        0.9714
    652.1937        0.9641
    652.1995        0.9635
    652.2052        0.9779
    652.2110        0.9853
    652.2168        0.9760
    652.2226        0.9699
    652.2284        0.9727
    652.2342        0.9762
    652.2400        0.9816
    652.2457        0.9830
    652.2515        0.9685
    652.2573        0.9568
    652.2631        0.9586
    652.2689        0.9578
    652.2747        0.9445
    652.2805        0.9346
    652.2862        0.9468
    652.2920        0.9573
    652.2978        0.9526
    652.3036        0.9487
    652.3094        0.9560
    652.3152        0.9629
    652.3209        0.9630
    652.3267        0.9637
    652.3325        0.9858
    652.3383        1.0080
    652.3441        0.9829
    652.3499        0.9580
    652.3557        0.9480
    652.3614        0.9383
    652.3672        0.9302
    652.3730        0.9221
    652.3788        0.9193
    652.3846        0.9171
    652.3904        0.9253
    652.3962        0.9345
    652.4019        0.9474
    652.4077        0.9608
    652.4135        0.9719
    652.4193        0.9826
    652.4251        0.9731
    652.4309        0.9595
    652.4366        0.9640
    652.4424        0.9729
    652.4482        0.9765
    652.4540        0.9782
    652.4598        0.9673
    652.4656        0.9521
    652.4714        0.9557
    652.4771        0.9666
    652.4829        0.9760
    652.4887        0.9850
    652.4945        0.9821
    652.5003        0.9738
    652.5061        0.9647
    652.5119        0.9549
    652.5176        0.9613
    652.5234        0.9768
    652.5292        0.9715
    652.5350        0.9530
    652.5408        0.9505
    652.5466        0.9590
    652.5523        0.9555
    652.5581        0.9425
    652.5639        0.9358
    652.5697        0.9343
    652.5755        0.9389
    652.5813        0.9492
    652.5871        0.9520
    652.5928        0.9473
    652.5986        0.9471
    652.6044        0.9518
    652.6102        0.9518
    652.6160        0.9464
    652.6218        0.9470
    652.6276        0.9562
    652.6333        0.9633
    652.6391        0.9677
    652.6449        0.9676
    652.6507        0.9600
    652.6565        0.9547
    652.6623        0.9528
    652.6680        0.9551
    652.6738        0.9651
    652.6796        0.9696
    652.6854        0.9621
    652.6912        0.9571
    652.6970        0.9578
    652.7028        0.9626
    652.7085        0.9776
    652.7143        0.9875
    652.7201        0.9812
    652.7259        0.9736
    652.7317        0.9625
    652.7375        0.9535
    652.7433        0.9525
    652.7490        0.9529
    652.7548        0.9599
    652.7606        0.9673
    652.7664        0.9755
    652.7722        0.9808
    652.7780        0.9674
    652.7837        0.9557
    652.7895        0.9558
    652.7953        0.9556
    652.8011        0.9527
    652.8069        0.9512
    652.8127        0.9655
    652.8185        0.9788
    652.8242        0.9734
    652.8300        0.9685
    652.8358        0.9726
    652.8416        0.9765
    652.8474        0.9723
    652.8532        0.9682
    652.8590        0.9696
    652.8647        0.9709
    652.8705        0.9585
    652.8763        0.9458
    652.8821        0.9444
    652.8879        0.9437
    652.8937        0.9465
    652.8994        0.9494
    652.9052        0.9658
    652.9110        0.9833
    652.9168        0.9692
    652.9226        0.9515
    652.9284        0.9643
    652.9342        0.9813
    652.9399        0.9734
    652.9457        0.9613
    652.9515        0.9562
    652.9573        0.9525
    652.9631        0.9511
    652.9689        0.9503
    652.9747        0.9521
    652.9804        0.9549
    652.9862        0.9607
    652.9920        0.9676
    652.9978        0.9791
    653.0036        0.9920
    653.0094        0.9858
    653.0151        0.9731
    653.0209        0.9731
    653.0267        0.9780
    653.0325        0.9896
    653.0383        1.0042
    653.0441        1.0065
    653.0499        1.0030
    653.0556        0.9853
    653.0614        0.9606
    653.0672        0.9480
    653.0730        0.9422
    653.0788        0.9379
    653.0846        0.9345
    653.0904        0.9520
    653.0961        0.9831
    653.1019        0.9797
    653.1077        0.9525
    653.1135        0.9432
    653.1193        0.9474
    653.1251        0.9510
    653.1308        0.9543
    653.1366        0.9543
    653.1424        0.9514
    653.1482        0.9522
    653.1540        0.9568
    653.1598        0.9584
    653.1656        0.9573
    653.1713        0.9637
    653.1771        0.9783
    653.1829        0.9791
    653.1887        0.9642
    653.1945        0.9477
    653.2003        0.9293
    653.2061        0.9182
    653.2118        0.9167
    653.2176        0.9122
    653.2234        0.9036
    653.2292        0.9042
    653.2350        0.9187
    653.2408        0.9291
    653.2465        0.9336
    653.2523        0.9375
    653.2581        0.9409
    653.2639        0.9514
    653.2697        0.9747
    653.2755        0.9831
    653.2813        0.9618
    653.2870        0.9498
    653.2928        0.9576
    653.2986        0.9613
    653.3044        0.9549
    653.3102        0.9506
    653.3160        0.9519
    653.3218        0.9556
    653.3275        0.9658
    653.3333        0.9755
    653.3391        0.9839
    653.3449        0.9879
    653.3507        0.9769
    653.3565        0.9681
    653.3622        0.9670
    653.3680        0.9650
    653.3738        0.9594
    653.3796        0.9538
    653.3854        0.9481
    653.3912        0.9434
    653.3970        0.9437
    653.4027        0.9482
    653.4085        0.9735
    653.4143        0.9956
    653.4201        0.9965
    653.4259        0.9941
    653.4317        0.9676
    653.4375        0.9453
    653.4432        0.9560
    653.4490        0.9658
    653.4548        0.9678
    653.4606        0.9694
    653.4664        0.9684
    653.4722        0.9666
    653.4779        0.9553
    653.4837        0.9442
    653.4895        0.9389
    653.4953        0.9344
    653.5011        0.9523
    653.5069        0.9697
    653.5127        0.9629
    653.5184        0.9563
    653.5242        0.9672
    653.5300        0.9783
    653.5358        0.9672
    653.5416        0.9561
    653.5474        0.9778
    653.5532        1.0002
    653.5589        0.9733
    653.5647        0.9450
    653.5705        0.9383
    653.5763        0.9327
    653.5821        0.9332
    653.5879        0.9340
    653.5936        0.9387
    653.5994        0.9436
    653.6052        0.9579
    653.6110        0.9728
    653.6168        0.9697
    653.6226        0.9646
    653.6284        0.9556
    653.6341        0.9461
    653.6399        0.9647
    653.6457        0.9875
    653.6515        0.9788
    653.6573        0.9651
    653.6631        0.9615
    653.6689        0.9596
    653.6746        0.9638
    653.6804        0.9690
    653.6862        0.9671
    653.6920        0.9639
    653.6978        0.9618
    653.7036        0.9598
    653.7093        0.9627
    653.7151        0.9669
    653.7209        0.9530
    653.7267        0.9342
    653.7325        0.9347
    653.7383        0.9407
    653.7441        0.9554
    653.7498        0.9725
    653.7556        0.9677
    653.7614        0.9555
    653.7672        0.9668
    653.7730        0.9862
    653.7788        0.9823
    653.7846        0.9695
    653.7903        0.9755
    653.7961        0.9891
    653.8019        0.9901
    653.8077        0.9857
    653.8135        0.9880
    653.8193        0.9933
    653.8250        0.9822
    653.8308        0.9633
    653.8366        0.9591
    653.8424        0.9620
    653.8482        0.9662
    653.8540        0.9712
    653.8598        0.9712
    653.8655        0.9686
    653.8713        0.9604
    653.8771        0.9490
    653.8829        0.9570
    653.8887        0.9770
    653.8945        0.9751
    653.9003        0.9600
    653.9060        0.9559
    653.9118        0.9591
    653.9176        0.9533
    653.9234        0.9410
    653.9292        0.9492
    653.9350        0.9719
    653.9407        0.9755
    653.9465        0.9650
    653.9523        0.9459
    653.9581        0.9201
    653.9639        0.9253
    653.9697        0.9555
    653.9755        0.9713
    653.9812        0.9749
    653.9870        0.9734
    653.9928        0.9674
    653.9986        0.9655
    654.0044        0.9669
    654.0102        0.9645
    654.0160        0.9582
    654.0217        0.9588
    654.0275        0.9663
    654.0333        0.9622
    654.0391        0.9464
    654.0449        0.9474
    654.0507        0.9660
    654.0564        0.9709
    654.0622        0.9610
    654.0680        0.9573
    654.0738        0.9606
    654.0796        0.9670
    654.0854        0.9771
    654.0912        0.9806
    654.0969        0.9762
    654.1027        0.9761
    654.1085        0.9813
    654.1143        0.9783
    654.1201        0.9645
    654.1259        0.9525
    654.1317        0.9429
    654.1374        0.9451
    654.1432        0.9638
    654.1490        0.9794
    654.1548        0.9908
    654.1606        0.9916
    654.1664        0.9767
    654.1721        0.9684
    654.1779        0.9706
    654.1837        0.9729
    654.1895        0.9753
    654.1953        0.9697
    654.2011        0.9508
    654.2069        0.9345
    654.2126        0.9228
    654.2184        0.9184
    654.2242        0.9270
    654.2300        0.9346
    654.2358        0.9403
    654.2416        0.9444
    654.2474        0.9449
    654.2531        0.9461
    654.2589        0.9489
    654.2647        0.9529
    654.2705        0.9595
    654.2763        0.9637
    654.2821        0.9633
    654.2878        0.9617
    654.2936        0.9567
    654.2994        0.9539
    654.3052        0.9558
    654.3110        0.9556
    654.3168        0.9508
    654.3226        0.9488
    654.3283        0.9535
    654.3341        0.9577
    654.3399        0.9601
    654.3457        0.9609
    654.3515        0.9575
    654.3573        0.9513
    654.3631        0.9387
    654.3688        0.9213
    654.3746        0.8911
    654.3804        0.8747
    654.3862        0.8959
    654.3920        0.9098
    654.3978        0.9030
    654.4035        0.9056
    654.4093        0.9350
    654.4151        0.9517
    654.4209        0.9307
    654.4267        0.9186
    654.4325        0.9341
    654.4383        0.9477
    654.4440        0.9552
    654.4498        0.9623
    654.4556        0.9676
    654.4614        0.9699
    654.4672        0.9617
    654.4730        0.9560
    654.4788        0.9582
    654.4845        0.9586
    654.4903        0.9522
    654.4961        0.9504
    654.5019        0.9652
    654.5077        0.9734
    654.5135        0.9565
    654.5192        0.9455
    654.5250        0.9570
    654.5308        0.9647
    654.5366        0.9571
    654.5424        0.9517
    654.5482        0.9558
    654.5540        0.9556
    654.5597        0.9373
    654.5655        0.9245
    654.5713        0.9349
    654.5771        0.9449
    654.5829        0.9529
    654.5887        0.9582
    654.5945        0.9501
    654.6002        0.9442
    654.6060        0.9486
    654.6118        0.9535
    654.6176        0.9616
    654.6234        0.9664
    654.6292        0.9541
    654.6349        0.9428
    654.6407        0.9376
    654.6465        0.9352
    654.6523        0.9480
    654.6581        0.9572
    654.6639        0.9477
    654.6697        0.9414
    654.6754        0.9529
    654.6812        0.9612
    654.6870        0.9515
    654.6928        0.9456
    654.6986        0.9614
    654.7044        0.9719
    654.7102        0.9515
    654.7159        0.9355
    654.7217        0.9464
    654.7275        0.9555
    654.7333        0.9533
    654.7391        0.9512
    654.7449        0.9499
    654.7506        0.9500
    654.7564        0.9594
    654.7622        0.9671
    654.7680        0.9636
    654.7738        0.9599
    654.7796        0.9549
    654.7854        0.9511
    654.7911        0.9561
    654.7969        0.9603
    654.8027        0.9594
    654.8085        0.9583
    654.8143        0.9540
    654.8201        0.9489
    654.8259        0.9372
    654.8316        0.9268
    654.8374        0.9247
    654.8432        0.9237
    654.8490        0.9304
    654.8548        0.9339
    654.8606        0.9145
    654.8663        0.9004
    654.8721        0.9267
    654.8779        0.9511
    654.8837        0.9617
    654.8895        0.9706
    654.8953        0.9662
    654.9011        0.9634
    654.9068        0.9732
    654.9126        0.9817
    654.9184        0.9811
    654.9242        0.9820
    654.9300        0.9947
    654.9358        1.0056
    654.9416        1.0015
    654.9473        0.9969
    654.9531        0.9887
    654.9589        0.9826
    654.9647        0.9931
    654.9705        1.0023
    654.9763        1.0012
    654.9820        0.9987
    654.9878        0.9840
    654.9936        0.9690
    654.9994        0.9524
    655.0052        0.9391
    655.0110        0.9538
    655.0168        0.9680
    655.0225        0.9775
    655.0283        0.9843
    655.0341        0.9704
    655.0399        0.9595
    655.0457        0.9726
    655.0515        0.9855
    655.0573        0.9952
    655.0630        1.0030
    655.0688        0.9954
    655.0746        0.9879
    655.0804        0.9791
    655.0862        0.9721
    655.0920        0.9787
    655.0977        0.9852
    655.1035        0.9916
    655.1093        0.9985
    655.1151        1.0088
    655.1209        1.0183
    655.1267        1.0208
    655.1325        1.0213
    655.1382        1.0071
    655.1440        0.9945
    655.1498        0.9949
    655.1556        0.9933
    655.1614        0.9765
    655.1672        0.9637
    655.1730        0.9797
    655.1787        0.9925
    655.1845        0.9839
    655.1903        0.9775
    655.1961        0.9870
    655.2019        0.9948
    655.2077        0.9920
    655.2134        0.9870
    655.2192        0.9675
    655.2250        0.9504
    655.2308        0.9509
    655.2366        0.9497
    655.2424        0.9380
    655.2482        0.9297
    655.2539        0.9437
    655.2597        0.9554
    655.2655        0.9532
    655.2713        0.9539
    655.2771        0.9735
    655.2829        0.9917
    655.2887        1.0011
    655.2944        1.0069
    655.3002        0.9914
    655.3060        0.9804
    655.3118        0.9956
    655.3176        1.0050
    655.3234        0.9802
    655.3291        0.9651
    655.3349        1.0028
    655.3407        1.0319
    655.3465        1.0151
    655.3523        1.0017
    655.3581        1.0051
    655.3639        1.0065
    655.3696        0.9989
    655.3754        0.9936
    655.3812        1.0001
    655.3870        1.0047
    655.3928        0.9998
    655.3986        0.9962
    655.4044        0.9990
    655.4101        1.0044
    655.4159        1.0224
    655.4217        1.0356
    655.4275        1.0272
    655.4333        1.0231
    655.4391        1.0370
    655.4448        1.0477
    655.4506        1.0446
    655.4564        1.0445
    655.4622        1.0571
    655.4680        1.0674
    655.4738        1.0687
    655.4796        1.0691
    655.4853        1.0662
    655.4911        1.0658
    655.4969        1.0751
    655.5027        1.0803
    655.5085        1.0700
    655.5143        1.0642
    655.5201        1.0745
    655.5258        1.0818
    655.5316        1.0776
    655.5374        1.0723
    655.5432        1.0638
    655.5490        1.0625
    655.5548        1.0852
    655.5605        1.1003
    655.5663        1.0914
    655.5721        1.0881
    655.5779        1.1020
    655.5837        1.1108
    655.5895        1.1031
    655.5953        1.1002
    655.6010        1.1107
    655.6068        1.1126
    655.6126        1.0906
    655.6184        1.0792
    655.6242        1.0974
    655.6300        1.1128
    655.6358        1.1207
    655.6415        1.1230
    655.6473        1.1104
    655.6531        1.1066
    655.6589        1.1244
    655.6647        1.1383
    655.6705        1.1429
    655.6762        1.1414
    655.6820        1.1258
    655.6878        1.1140
    655.6936        1.1103
    655.6994        1.1087
    655.7052        1.1117
    655.7110        1.1146
    655.7167        1.1176
    655.7225        1.1151
    655.7283        1.1016
    655.7341        1.0984
    655.7399        1.1161
    655.7457        1.1282
    655.7515        1.1290
    655.7572        1.1325
    655.7630        1.1406
    655.7688        1.1386
    655.7746        1.1177
    655.7804        1.1071
    655.7862        1.1153
    655.7919        1.1177
    655.7977        1.1108
    655.8035        1.1088
    655.8093        1.1148
    655.8151        1.1107
    655.8209        1.0901
    655.8267        1.0923
    655.8324        1.1294
    655.8382        1.1434
    655.8440        1.1225
    655.8498        1.1060
    655.8556        1.0956
    655.8614        1.1043
    655.8672        1.1401
    655.8729        1.1654
    655.8787        1.1762
    655.8845        1.1846
    655.8903        1.1897
    655.8961        1.1866
    655.9019        1.1734
    655.9076        1.1679
    655.9134        1.1718
    655.9192        1.1762
    655.9250        1.1810
    655.9308        1.1790
    655.9366        1.1692
    655.9424        1.1559
    655.9481        1.1388
    655.9539        1.1342
    655.9597        1.1430
    655.9655        1.1400
    655.9713        1.1251
    655.9771        1.1277
    655.9829        1.1474
    655.9886        1.1482
    655.9944        1.1314
    656.0002        1.1279
    656.0060        1.1368
    656.0118        1.1344
    656.0176        1.1224
    656.0233        1.1168
    656.0291        1.1168
    656.0349        1.1131
    656.0407        1.1066
    656.0465        1.0989
    656.0523        1.0906
    656.0581        1.0849
    656.0638        1.0811
    656.0696        1.0832
    656.0754        1.0896
    656.0812        1.0847
    656.0870        1.0721
    656.0928        1.0653
    656.0986        1.0623
    656.1043        1.0627
    656.1101        1.0652
    656.1159        1.0588
    656.1217        1.0471
    656.1275        1.0481
    656.1333        1.0563
    656.1390        1.0635
    656.1448        1.0701
    656.1506        1.0608
    656.1564        1.0434
    656.1622        1.0422
    656.1680        1.0490
    656.1738        1.0488
    656.1795        1.0456
    656.1853        1.0512
    656.1911        1.0609
    656.1969        1.0656
    656.2027        1.0679
    656.2085        1.0638
    656.2143        1.0570
    656.2200        1.0505
    656.2258        1.0439
    656.2316        1.0487
    656.2374        1.0576
    656.2432        1.0618
    656.2490        1.0644
    656.2547        1.0721
    656.2605        1.0813
    656.2663        1.1047
    656.2721        1.1324
    656.2779        1.1151
    656.2837        1.0854
    656.2895        1.0823
    656.2952        1.0858
    656.3010        1.1114
    656.3068        1.1421
    656.3126        1.1432
    656.3184        1.1379
    656.3242        1.1245
    656.3300        1.1093
    656.3357        1.1252
    656.3415        1.1463
    656.3473        1.1362
    656.3531        1.1210
    656.3589        1.1312
    656.3647        1.1452
    656.3704        1.1309
    656.3762        1.1131
    656.3820        1.1119
    656.3878        1.1126
    656.3936        1.1074
    656.3994        1.1016
    656.4052        1.0810
    656.4109        1.0592
    656.4167        1.0949
    656.4225        1.1344
    656.4283        1.1175
    656.4341        1.0979
    656.4399        1.1062
    656.4457        1.1154
    656.4514        1.1055
    656.4572        1.0953
    656.4630        1.1098
    656.4688        1.1243
    656.4746        1.1244
    656.4804        1.1244
    656.4861        1.1221
    656.4919        1.1201
    656.4977        1.1282
    656.5035        1.1360
    656.5093        1.1392
    656.5151        1.1415
    656.5209        1.1294
    656.5266        1.1186
    656.5324        1.1216
    656.5382        1.1244
    656.5440        1.1274
    656.5498        1.1294
    656.5556        1.1248
    656.5614        1.1231
    656.5671        1.1432
    656.5729        1.1570
    656.5787        1.1322
    656.5845        1.1148
    656.5903        1.1362
    656.5961        1.1539
    656.6018        1.1538
    656.6076        1.1543
    656.6134        1.1567
    656.6192        1.1576
    656.6250        1.1518
    656.6308        1.1482
    656.6366        1.1518
    656.6423        1.1543
    656.6481        1.1531
    656.6539        1.1572
    656.6597        1.1770
    656.6655        1.1883
    656.6713        1.1758
    656.6771        1.1682
    656.6828        1.1731
    656.6886        1.1781
    656.6944        1.1836
    656.7002        1.1876
    656.7060        1.1888
    656.7118        1.1918
    656.7175        1.1986
    656.7233        1.2036
    656.7291        1.2052
    656.7349        1.2049
    656.7407        1.2015
    656.7465        1.1952
    656.7523        1.1844
    656.7580        1.1786
    656.7638        1.1806
    656.7696        1.1768
    656.7754        1.1644
    656.7812        1.1569
    656.7870        1.1559
    656.7928        1.1498
    656.7985        1.1373
    656.8043        1.1330
    656.8101        1.1378
    656.8159        1.1455
    656.8217        1.1564
    656.8275        1.1613
    656.8332        1.1608
    656.8390        1.1488
    656.8448        1.1263
    656.8506        1.1100
    656.8564        1.0990
    656.8622        1.0915
    656.8680        1.0866
    656.8737        1.0866
    656.8795        1.0902
    656.8853        1.0861
    656.8911        1.0767
    656.8969        1.0772
    656.9027        1.0841
    656.9085        1.0893
    656.9142        1.0932
    656.9200        1.0880
    656.9258        1.0776
    656.9316        1.0793
    656.9374        1.0872
    656.9432        1.0812
    656.9489        1.0687
    656.9547        1.0680
    656.9605        1.0725
    656.9663        1.0636
    656.9721        1.0491
    656.9779        1.0386
    656.9837        1.0295
    656.9894        1.0261
    656.9952        1.0245
    657.0010        1.0254
    657.0068        1.0272
    657.0126        1.0345
    657.0184        1.0431
    657.0242        1.0356
    657.0299        1.0244
    657.0357        1.0354
    657.0415        1.0508
    657.0473        1.0421
    657.0531        1.0290
    657.0589        1.0171
    657.0646        1.0055
    657.0704        1.0029
    657.0762        1.0014
    657.0820        1.0167
    657.0878        1.0336
    657.0936        1.0344
    657.0994        1.0338
    657.1051        1.0212
    657.1109        1.0080
    657.1167        1.0350
    657.1225        1.0632
    657.1283        1.1188
    657.1341        1.1736
    657.1399        1.1509
    657.1456        1.1276
    657.1514        1.0849
    657.1572        1.0439
    657.1630        1.0358
    657.1688        1.0265
    657.1746        0.9996
    657.1803        0.9766
    657.1861        0.9896
    657.1919        1.0002
    657.1977        0.9930
    657.2035        0.9859
    657.2093        0.9807
    657.2151        0.9766
    657.2208        0.9784
    657.2266        0.9798
    657.2324        0.9789
    657.2382        0.9819
    657.2440        1.0005
    657.2498        1.0142
    657.2556        1.0105
    657.2613        1.0055
    657.2671        0.9966
    657.2729        0.9881
    657.2787        0.9804
    657.2845        0.9786
    657.2903        0.9915
    657.2960        0.9973
    657.3018        0.9874
    657.3076        0.9763
    657.3134        0.9626
    657.3192        0.9556
    657.3250        0.9605
    657.3308        0.9620
    657.3365        0.9577
    657.3423        0.9620
    657.3481        0.9793
    657.3539        0.9811
    657.3597        0.9618
    657.3655        0.9576
    657.3713        0.9720
    657.3770        0.9769
    657.3828        0.9710
    657.3886        0.9642
    657.3944        0.9566
    657.4002        0.9542
    657.4060        0.9571
    657.4117        0.9660
    657.4175        0.9801
    657.4233        0.9860
    657.4291        0.9854
    657.4349        0.9847
    657.4407        0.9839
    657.4465        0.9656
    657.4522        0.9358
    657.4580        0.9182
    657.4638        0.9079
    657.4696        0.9020
    657.4754        0.8985
    657.4812        0.9034
    657.4870        0.9123
    657.4927        0.9196
    657.4985        0.9261
    657.5043        0.9415
    657.5101        0.9604
    657.5159        0.9591
    657.5217        0.9514
    657.5274        0.9483
    657.5332        0.9465
    657.5390        0.9634
    657.5448        0.9848
    657.5506        0.9706
    657.5564        0.9486
    657.5622        0.9612
    657.5679        0.9797
    657.5737        0.9728
    657.5795        0.9622
    657.5853        0.9477
    657.5911        0.9328
    657.5969        0.9261
    657.6027        0.9202
    657.6084        0.9321
    657.6142        0.9449
    657.6200        0.9436
    657.6258        0.9420
    657.6316        0.9487
    657.6374        0.9551
    657.6431        0.9406
    657.6489        0.9275
    657.6547        0.9412
    657.6605        0.9531
    657.6663        0.9416
    657.6721        0.9315
    657.6779        0.9333
    657.6836        0.9355
    657.6894        0.9399
    657.6952        0.9416
    657.7010        0.9278
    657.7068        0.9190
    657.7126        0.9341
    657.7184        0.9499
    657.7241        0.9692
    657.7299        0.9795
    657.7357        0.9605
    657.7415        0.9465
    657.7473        0.9472
    657.7531        0.9464
    657.7588        0.9415
    657.7646        0.9398
    657.7704        0.9448
    657.7762        0.9473
    657.7820        0.9448
    657.7878        0.9406
    657.7936        0.9329
    657.7993        0.9339
    657.8051        0.9481
    657.8109        0.9581
    657.8167        0.9618
    657.8225        0.9611
    657.8283        0.9552
    657.8341        0.9517
    657.8398        0.9515
    657.8456        0.9504
    657.8514        0.9489
    657.8572        0.9482
    657.8630        0.9483
    657.8688        0.9521
    657.8745        0.9587
    657.8803        0.9560
    657.8861        0.9468
    657.8919        0.9395
    657.8977        0.9334
    657.9035        0.9308
    657.9093        0.9299
    657.9150        0.9357
    657.9208        0.9448
    657.9266        0.9506
    657.9324        0.9550
    657.9382        0.9546
    657.9440        0.9523
    657.9498        0.9557
    657.9555        0.9611
    657.9613        0.9619
    657.9671        0.9614
    657.9729        0.9651
    657.9787        0.9699
    657.9845        0.9656
    657.9902        0.9595
    657.9960        0.9508
    658.0018        0.9414
    658.0076        0.9447
    658.0134        0.9494
    658.0192        0.9490
    658.0250        0.9485
    658.0307        0.9394
    658.0365        0.9300
    658.0423        0.9367
    658.0481        0.9438
    658.0539        0.9336
    658.0597        0.9247
    658.0655        0.9476
    658.0712        0.9679
    658.0770        0.9510
    658.0828        0.9361
    658.0886        0.9397
    658.0944        0.9434
    658.1002        0.9460
    658.1059        0.9469
    658.1117        0.9378
    658.1175        0.9288
    658.1233        0.9212
    658.1291        0.9200
    658.1349        0.9414
    658.1407        0.9524
    658.1464        0.9322
    658.1522        0.9205
    658.1580        0.9309
    658.1638        0.9417
    658.1696        0.9532
    658.1754        0.9630
    658.1812        0.9690
    658.1869        0.9715
    658.1927        0.9679
    658.1985        0.9670
    658.2043        0.9697
    658.2101        0.9729
    658.2159        0.9770
    658.2216        0.9723
    658.2274        0.9578
    658.2332        0.9455
    658.2390        0.9354
    658.2448        0.9355
    658.2506        0.9445
    658.2564        0.9443
    658.2621        0.9368
    658.2679        0.9334
    658.2737        0.9330
    658.2795        0.9334
    658.2853        0.9343
    658.2911        0.9382
    658.2969        0.9437
    658.3026        0.9461
    658.3084        0.9474
    658.3142        0.9426
    658.3200        0.9354
    658.3258        0.9368
    658.3316        0.9411
    658.3373        0.9336
    658.3431        0.9226
    658.3489        0.9307
    658.3547        0.9432
    658.3605        0.9565
    658.3663        0.9699
    658.3721        0.9685
    658.3778        0.9649
    658.3836        0.9730
    658.3894        0.9823
    658.3952        0.9734
    658.4010        0.9633
    658.4068        0.9544
    658.4126        0.9457
    658.4183        0.9540
    658.4241        0.9626
    658.4299        0.9743
    658.4357        0.9853
    658.4415        0.9871
    658.4473        0.9884
    658.4530        0.9860
    658.4588        0.9834
    658.4646        0.9788
    658.4704        0.9746
    658.4762        0.9719
    658.4820        0.9676
    658.4878        0.9580
    658.4935        0.9502
    658.4993        0.9481
    658.5051        0.9462
    658.5109        0.9452
    658.5167        0.9496
    658.5225        0.9668
    658.5283        0.9727
    658.5340        0.9570
    658.5398        0.9548
    658.5456        0.9751
    658.5514        0.9776
    658.5572        0.9546
    658.5630        0.9531
    658.5687        0.9785
    658.5745        0.9908
    658.5803        0.9892
    658.5861        0.9855
    658.5919        0.9801
    658.5977        0.9772
    658.6035        0.9768
    658.6092        0.9621
    658.6150        0.9377
    658.6208        0.9363
    658.6266        0.9493
    658.6324        0.9474
    658.6382        0.9373
    658.6440        0.9434
    658.6497        0.9568
    658.6555        0.9500
    658.6613        0.9355
    658.6671        0.9382
    658.6729        0.9464
    658.6787        0.9535
    658.6844        0.9604
    658.6902        0.9636
    658.6960        0.9662
    658.7018        0.9703
    658.7076        0.9746
    658.7134        0.9665
    658.7192        0.9571
    658.7249        0.9503
    658.7307        0.9438
    658.7365        0.9574
    658.7423        0.9715
    658.7481        0.9721
    658.7539        0.9731
    658.7597        0.9804
    658.7654        0.9865
    658.7712        0.9771
    658.7770        0.9684
    658.7828        0.9642
    658.7886        0.9629
    658.7944        0.9772
    658.8001        0.9868
    658.8059        0.9768
    658.8117        0.9686
    658.8175        0.9664
    658.8233        0.9604
    658.8291        0.9438
    658.8349        0.9365
    658.8406        0.9509
    658.8464        0.9555
    658.8522        0.9404
    658.8580        0.9357
    658.8638        0.9481
    658.8696        0.9591
    658.8754        0.9678
    658.8811        0.9771
    658.8869        0.9872
    658.8927        0.9868
    658.8985        0.9757
    658.9043        0.9719
    658.9101        0.9748
    658.9158        0.9800
    658.9216        0.9868
    658.9274        0.9713
    658.9332        0.9407
    658.9390        0.9394
    658.9448        0.9545
    658.9506        0.9627
    658.9563        0.9675
    658.9621        0.9707
    658.9679        0.9730
    658.9737        0.9732
    658.9795        0.9725
    658.9853        0.9703
    658.9911        0.9677
    658.9968        0.9649
    659.0026        0.9621
    659.0084        0.9700
    659.0142        0.9795
    659.0200        0.9772
    659.0258        0.9738
    659.0315        0.9773
    659.0373        0.9812
    659.0431        0.9808
    659.0489        0.9804
    659.0547        0.9845
    659.0605        0.9885
    659.0663        0.9911
    659.0720        0.9933
    659.0778        0.9913
    659.0836        0.9881
    659.0894        0.9785
    659.0952        0.9718
    659.1010        0.9774
    659.1068        0.9857
    659.1125        1.0041
    659.1183        1.0138
    659.1241        0.9992
    659.1299        0.9890
    659.1357        0.9893
    659.1415        0.9933
    659.1472        1.0042
    659.1530        1.0095
    659.1588        1.0065
    659.1646        1.0006
    659.1704        0.9911
    659.1762        0.9841
    659.1820        0.9801
    659.1877        0.9792
    659.1935        0.9813
    659.1993        0.9815
    659.2051        0.9803
    659.2109        0.9821
    659.2167        0.9861
    659.2225        0.9784
    659.2282        0.9638
    659.2340        0.9668
    659.2398        0.9789
    659.2456        0.9781
    659.2514        0.9720
    659.2572        0.9789
    659.2629        0.9902
    659.2687        0.9751
    659.2745        0.9532
    659.2803        0.9546
    659.2861        0.9609
    659.2919        0.9761
    659.2977        0.9925
    659.3034        0.9743
    659.3092        0.9528
    659.3150        0.9502
    659.3208        0.9485
    659.3266        0.9586
    659.3324        0.9682
    659.3382        0.9636
    659.3439        0.9604
    659.3497        0.9741
    659.3555        0.9834
    659.3613        0.9614
    659.3671        0.9446
    659.3729        0.9559
    659.3786        0.9639
    659.3844        0.9593
    659.3902        0.9576
    659.3960        0.9637
    659.4018        0.9618
    659.4076        0.9399
    659.4134        0.9311
    659.4191        0.9486
    659.4249        0.9601
    659.4307        0.9613
    659.4365        0.9703
    659.4423        0.9903
    659.4481        0.9926
    659.4539        0.9742
    659.4596        0.9638
    659.4654        0.9614
    659.4712        0.9709
    659.4770        0.9904
    659.4828        0.9865
    659.4886        0.9665
    659.4943        0.9681
    659.5001        0.9821
    659.5059        0.9758
    659.5117        0.9598
    659.5175        0.9640
    659.5233        0.9762
    659.5291        0.9718
    659.5348        0.9623
    659.5406        0.9749
    659.5464        0.9927
    659.5522        1.0010
    659.5580        1.0077
    659.5638        1.0077
    659.5696        1.0071
    659.5753        1.0020
    659.5811        0.9966
    659.5869        0.9910
    659.5927        0.9858
    659.5985        0.9897
    659.6043        0.9939
    659.6100        1.0023
    659.6158        1.0094
    659.6216        1.0046
    659.6274        0.9982
    659.6332        0.9825
    659.6390        0.9706
    659.6448        0.9734
    659.6505        0.9778
    659.6563        0.9869
    659.6621        0.9961
    659.6679        1.0055
    659.6737        1.0054
    659.6795        0.9865
    659.6853        0.9757
    659.6910        0.9771
    659.6968        0.9712
    659.7026        0.9562
    659.7084        0.9479
    659.7142        0.9470
    659.7200        0.9547
    659.7257        0.9704
    659.7315        0.9843
    659.7373        0.9970
    659.7431        0.9964
    659.7489        0.9875
    659.7547        0.9886
    659.7605        0.9946
    659.7662        0.9806
    659.7720        0.9582
    659.7778        0.9642
    659.7836        0.9792
    659.7894        0.9808
    659.7952        0.9792
    659.8010        0.9773
    659.8067        0.9756
    659.8125        0.9756
    659.8183        0.9756
    659.8241        0.9635
    659.8299        0.9504
    659.8357        0.9647
    659.8414        0.9788
    659.8472        0.9803
    659.8530        0.9827
    659.8588        0.9951
    659.8646        1.0063
    659.8704        1.0083
    659.8762        1.0081
    659.8819        0.9971
    659.8877        0.9880
    659.8935        0.9849
    659.8993        0.9801
    659.9051        0.9705
    659.9109        0.9640
    659.9167        0.9642
    659.9224        0.9683
    659.9282        0.9789
    659.9340        0.9818
    659.9398        0.9742
    659.9456        0.9700
    659.9514        0.9701
    659.9571        0.9745
    659.9629        0.9831
    659.9687        0.9926
    659.9745        1.0026
    659.9803        1.0008
    659.9861        0.9916
    659.9919        0.9875
    659.9976        0.9862
    660.0034        0.9916
    660.0092        0.9998
    660.0150        0.9936
    660.0208        0.9825
    660.0266        0.9784
    660.0324        0.9762
    660.0381        0.9822
    660.0439        0.9898
    660.0497        0.9766
    660.0555        0.9611
    660.0613        0.9751
    660.0671        0.9908
    660.0728        0.9844
    660.0786        0.9779
    660.0844        0.9763
    660.0902        0.9745
    660.0960        0.9715
    660.1018        0.9701
    660.1076        0.9781
    660.1133        0.9864
    660.1191        0.9961
    660.1249        0.9996
    660.1307        0.9845
    660.1365        0.9768
    660.1423        0.9876
    660.1481        0.9907
    660.1538        0.9790
    660.1596        0.9783
    660.1654        0.9946
    660.1712        0.9989
    660.1770        0.9881
    660.1828        0.9791
    660.1885        0.9722
    660.1943        0.9641
    660.2001        0.9551
    660.2059        0.9546
    660.2117        0.9601
    660.2175        0.9658
    660.2233        0.9719
    660.2290        0.9722
    660.2348        0.9699
    660.2406        0.9674
    660.2464        0.9646
    660.2522        0.9734
    660.2580        0.9853
    660.2638        0.9749
    660.2695        0.9605
    660.2753        0.9862
    660.2811        1.0164
    660.2869        1.0027
    660.2927        0.9866
    660.2985        0.9776
    660.3042        0.9694
    660.3100        0.9756
    660.3158        0.9829
    660.3216        0.9974
    660.3274        1.0071
    660.3332        0.9904
    660.3390        0.9772
    660.3447        0.9762
    660.3505        0.9807
    660.3563        1.0001
    660.3621        1.0102
    660.3679        0.9990
    660.3737        0.9862
    660.3795        0.9701
    660.3852        0.9634
    660.3910        0.9698
    660.3968        0.9666
    660.4026        0.9520
    660.4084        0.9575
    660.4142        0.9815
    660.4199        0.9872
    660.4257        0.9790
    660.4315        0.9872
    660.4373        1.0052
    660.4431        1.0072
    660.4489        1.0014
    660.4547        0.9995
    660.4604        0.9992
    660.4662        0.9932
    660.4720        0.9855
    660.4778        0.9786
    660.4836        0.9721
    660.4894        0.9818
    660.4952        0.9936
    660.5009        0.9956
    660.5067        0.9969
    660.5125        1.0022
    660.5183        1.0064
    660.5241        0.9906
    660.5299        0.9768
    660.5356        0.9809
    660.5414        0.9868
    660.5472        1.0023
    660.5530        1.0091
    660.5588        0.9839
    660.5646        0.9666
    660.5704        0.9722
    660.5761        0.9759
    660.5819        0.9752
    660.5877        0.9761
    660.5935        0.9796
    660.5993        0.9893
    660.6051        1.0076
    660.6109        1.0140
    660.6166        1.0075
    660.6224        1.0031
    660.6282        1.0006
    660.6340        1.0016
    660.6398        1.0053
    660.6456        0.9967
    660.6513        0.9813
    660.6571        0.9754
    660.6629        0.9738
    660.6687        0.9721
    660.6745        0.9702
    660.6803        0.9698
    660.6861        0.9696
    660.6918        0.9669
    660.6976        0.9635
    660.7034        0.9734
    660.7092        0.9845
    660.7150        0.9898
    660.7208        0.9950
    660.7266        0.9911
    660.7323        0.9888
    660.7381        1.0048
    660.7439        1.0168
    660.7497        1.0049
    660.7555        0.9936
    660.7613        0.9861
    660.7670        0.9806
    660.7728        0.9807
    660.7786        0.9849
    660.7844        0.9980
    660.7902        1.0099
    660.7960        1.0198
    660.8018        1.0219
    660.8075        1.0134
    660.8133        1.0063
    660.8191        1.0007
    660.8249        0.9963
    660.8307        0.9933
    660.8365        1.0022
    660.8423        1.0194
    660.8480        1.0164
    660.8538        1.0026
    660.8596        0.9985
    660.8654        0.9986
    660.8712        0.9995
    660.8770        1.0007
    660.8827        0.9937
    660.8885        0.9849
    660.8943        0.9864
    660.9001        0.9895
    660.9059        0.9911
    660.9117        0.9927
    660.9175        0.9886
    660.9232        0.9857
    660.9290        1.0049
    660.9348        1.0205
    660.9406        1.0053
    660.9464        0.9918
    660.9522        0.9885
    660.9580        0.9838
    660.9637        0.9743
    660.9695        0.9672
    660.9753        0.9659
    660.9811        0.9729
    660.9869        0.9957
    660.9927        1.0066
    660.9984        0.9988
    661.0042        1.0004
    661.0100        1.0137
    661.0158        1.0148
    661.0216        1.0042
    661.0274        0.9986
    661.0332        0.9964
    661.0389        0.9973
    661.0447        0.9999
    661.0505        0.9992
    661.0563        0.9970
    661.0621        0.9967
    661.0679        0.9971
    661.0737        1.0031
    661.0794        1.0104
    661.0852        0.9988
    661.0910        0.9840
    661.0968        0.9934
    661.1026        1.0047
    661.1084        1.0119
    661.1141        1.0178
    661.1199        0.9961
    661.1257        0.9786
    661.1315        0.9991
    661.1373        1.0179
    661.1431        1.0277
    661.1489        1.0302
    661.1546        1.0062
    661.1604        0.9927
    661.1662        1.0066
    661.1720        1.0150
    661.1778        1.0122
    661.1836        1.0121
    661.1894        1.0160
    661.1951        1.0184
    661.2009        1.0193
    661.2067        1.0142
    661.2125        1.0034
    661.2183        1.0033
    661.2241        1.0107
    661.2298        1.0078
    661.2356        0.9991
    661.2414        0.9918
    661.2472        0.9850
    661.2530        0.9911
    661.2588        1.0011
    661.2646        1.0028
    661.2703        1.0029
    661.2761        0.9964
    661.2819        0.9892
    661.2877        0.9932
    661.2935        0.9975
    661.2993        0.9830
    661.3051        0.9706
    661.3108        0.9862
    661.3166        0.9994
    661.3224        0.9953
    661.3282        0.9917
    661.3340        0.9899
    661.3398        0.9907
    661.3455        0.9990
    661.3513        0.9982
    661.3571        0.9768
    661.3629        0.9671
    661.3687        0.9768
    661.3745        0.9906
    661.3803        1.0092
    661.3860        1.0176
    661.3918        1.0156
    661.3976        1.0093
    661.4034        0.9993
    661.4092        0.9955
    661.4150        0.9952
    661.4208        1.0049
    661.4265        1.0193
    661.4323        1.0165
    661.4381        1.0080
    661.4439        1.0089
    661.4497        1.0120
    661.4555        1.0092
    661.4612        1.0057
    661.4670        1.0028
    661.4728        0.9999
    661.4786        0.9907
    661.4844        0.9817
    661.4902        0.9776
    661.4960        0.9768
    661.5017        0.9984
    661.5075        1.0133
    661.5133        0.9993
    661.5191        0.9888
    661.5249        0.9896
    661.5307        0.9939
    661.5365        1.0065
    661.5422        1.0108
    661.5480        1.0014
    661.5538        0.9933
    661.5596        0.9867
    661.5654        0.9980
    661.5712        1.0265
    661.5769        1.0399
    661.5827        1.0416
    661.5885        1.0308
    661.5943        1.0128
    661.6001        1.0153
    661.6059        1.0268
    661.6117        1.0209
    661.6174        1.0097
    661.6232        1.0125
    661.6290        1.0182
    661.6348        1.0055
    661.6406        0.9906
    661.6464        0.9983
    661.6522        1.0068
    661.6579        0.9974
    661.6637        0.9893
    661.6695        0.9967
    661.6753        1.0027
    661.6811        1.0000
    661.6869        0.9981
    661.6926        0.9997
    661.6984        1.0035
    661.7042        1.0127
    661.7100        1.0166
    661.7158        1.0102
    661.7216        1.0054
    661.7274        1.0028
    661.7331        1.0000
    661.7389        0.9967
    661.7447        0.9965
    661.7505        0.9985
    661.7563        1.0047
    661.7621        1.0136
    661.7679        1.0161
    661.7736        1.0155
    661.7794        1.0089
    661.7852        1.0001
    661.7910        0.9956
    661.7968        0.9920
    661.8026        0.9974
    661.8083        1.0040
    661.8141        1.0107
    661.8199        1.0174
    661.8257        0.9985
    661.8315        0.9823
    661.8373        1.0031
    661.8431        1.0191
    661.8488        1.0047
    661.8546        0.9928
    661.8604        0.9904
    661.8662        0.9882
    661.8720        0.9866
    661.8778        0.9855
    661.8836        0.9853
    661.8893        0.9870
    661.8951        0.9912
    661.9009        0.9934
    661.9067        0.9931
    661.9125        0.9906
    661.9183        0.9864
    661.9240        0.9940
    661.9298        1.0095
    661.9356        1.0212
    661.9414        1.0311
    661.9472        1.0217
    661.9530        1.0057
    661.9588        1.0046
    661.9645        1.0069
    661.9703        1.0072
    661.9761        1.0072
    661.9819        1.0046
    661.9877        1.0019
    661.9935        1.0067
    661.9993        1.0113
    662.0050        1.0139
    662.0108        1.0164
    662.0166        1.0179
    662.0224        1.0192
    662.0282        1.0196
    662.0340        1.0188
    662.0397        1.0155
    662.0455        1.0100
    662.0513        1.0003
    662.0571        0.9943
    662.0629        0.9934
    662.0687        0.9937
    662.0745        0.9951
    662.0802        1.0001
    662.0860        1.0076
    662.0918        1.0034
    662.0976        0.9923
    662.1034        0.9908
    662.1092        0.9935
    662.1150        1.0052
    662.1207        1.0195
    662.1265        1.0159
    662.1323        1.0090
    662.1381        1.0107
    662.1439        1.0134
    662.1497        1.0066
    662.1554        0.9998
    662.1612        0.9941
    662.1670        0.9904
    662.1728        1.0002
    662.1786        1.0081
    662.1844        1.0076
    662.1902        1.0058
    662.1959        0.9997
    662.2017        1.0002
    662.2075        1.0141
    662.2133        1.0186
    662.2191        1.0085
    662.2249        1.0019
    662.2307        0.9992
    662.2364        1.0010
    662.2422        1.0069
    662.2480        1.0089
    662.2538        1.0085
    662.2596        1.0099
    662.2654        1.0124
    662.2711        1.0134
    662.2769        1.0141
    662.2827        1.0084
    662.2885        1.0013
    662.2943        1.0032
    662.3001        1.0063
    662.3059        1.0019
    662.3116        0.9974
    662.3174        0.9938
    662.3232        0.9916
    662.3290        1.0033
    662.3348        1.0138
    662.3406        1.0197
    662.3464        1.0266
    662.3521        1.0360
    662.3579        1.0408
    662.3637        1.0355
    662.3695        1.0256
    662.3753        1.0084
    662.3811        1.0058
    662.3868        1.0203
    662.3926        1.0272
    662.3984        1.0271
    662.4042        1.0187
    662.4100        1.0045
    662.4158        1.0056
    662.4216        1.0137
    662.4273        1.0073
    662.4331        0.9957
    662.4389        0.9959
    662.4447        0.9986
    662.4505        0.9925
    662.4563        0.9852
    662.4621        0.9833
    662.4678        0.9818
    662.4736        0.9903
    662.4794        0.9987
    662.4852        1.0037
    662.4910        1.0083
    662.4968        1.0104
    662.5025        1.0108
    662.5083        1.0060
    662.5141        1.0034
    662.5199        1.0043
    662.5257        1.0017
    662.5315        0.9939
    662.5373        0.9903
    662.5430        0.9912
    662.5488        0.9915
    662.5546        0.9914
    662.5604        0.9960
    662.5662        1.0037
    662.5720        1.0023
    662.5778        0.9968
    662.5835        1.0043
    662.5893        1.0154
    662.5951        1.0076
    662.6009        0.9963
    662.6067        0.9876
    662.6125        0.9791
    662.6182        0.9882
    662.6240        0.9968
    662.6298        0.9973
    662.6356        0.9999
    662.6414        1.0152
    662.6472        1.0232
    662.6530        1.0061
    662.6587        0.9970
    662.6645        1.0072
    662.6703        1.0129
    662.6761        1.0107
    662.6819        1.0056
    662.6877        0.9967
    662.6935        0.9950
    662.6992        0.9999
    662.7050        1.0038
    662.7108        1.0069
    662.7166        1.0020
    662.7224        0.9929
    662.7282        0.9982
    662.7339        1.0085
    662.7397        1.0125
    662.7455        1.0151
    662.7513        1.0165
    662.7571        1.0178
    662.7629        1.0160
    662.7687        1.0133
    662.7744        0.9979
    662.7802        0.9857
    662.7860        0.9981
    662.7918        1.0075
    662.7976        1.0041
    662.8034        0.9946
    662.8092        0.9685
    662.8149        0.9562
    662.8207        0.9702
    662.8265        0.9873
    662.8323        1.0086
    662.8381        1.0157
    662.8439        1.0087
    662.8496        0.9974
    662.8554        0.9829
    662.8612        0.9787
    662.8670        0.9799
    662.8728        0.9843
    662.8786        0.9899
    662.8844        0.9973
    662.8901        1.0053
    662.8959        1.0007
    662.9017        0.9944
    662.9075        0.9990
    662.9133        1.0030
    662.9191        0.9852
    662.9249        0.9688
    662.9306        0.9646
    662.9364        0.9597
    662.9422        0.9529
    662.9480        0.9527
    662.9538        0.9706
    662.9596        0.9816
    662.9653        0.9792
    662.9711        0.9794
    662.9769        0.9833
    662.9827        0.9836
    662.9885        0.9806
    662.9943        0.9876
    663.0001        1.0019
    663.0058        1.0000
    663.0116        0.9896
    663.0174        0.9978
    663.0232        1.0125
    663.0290        1.0051
    663.0348        0.9925
    663.0406        0.9796
    663.0463        0.9667
    663.0521        0.9872
    663.0579        1.0075
    663.0637        1.0083
    663.0695        1.0097
    663.0753        1.0157
    663.0810        1.0164
    663.0868        0.9971
    663.0926        0.9862
    663.0984        0.9961
    663.1042        1.0008
    663.1100        0.9965
    663.1158        0.9919
    663.1215        0.9869
    663.1273        0.9882
    663.1331        0.9954
    663.1389        1.0049
    663.1447        1.0161
    663.1505        1.0184
    663.1563        1.0167
    663.1620        1.0141
    663.1678        1.0112
    663.1736        1.0141
    663.1794        1.0183
    663.1852        1.0105
    663.1910        1.0018
    663.1967        0.9991
    663.2025        0.9970
    663.2083        1.0006
    663.2141        1.0031
    663.2199        1.0004
    663.2257        1.0007
    663.2315        1.0108
    663.2372        1.0140
    663.2430        1.0026
    663.2488        0.9936
    663.2546        0.9882
    663.2604        0.9893
    663.2662        0.9974
    663.2720        1.0052
    663.2777        1.0130
    663.2835        1.0106
    663.2893        1.0027
    663.2951        0.9951
    663.3009        0.9875
    663.3067        0.9991
    663.3124        1.0152
    663.3182        1.0197
    663.3240        1.0227
    663.3298        1.0318
    663.3356        1.0406
    663.3414        1.0440
    663.3472        1.0441
    663.3529        1.0238
    663.3587        1.0054
    663.3645        0.9949
    663.3703        0.9886
    663.3761        0.9925
    663.3819        0.9911
    663.3877        0.9812
    663.3934        0.9827
    663.3992        0.9974
    663.4050        0.9999
    663.4108        0.9919
    663.4166        0.9947
    663.4224        1.0036
    663.4281        1.0026
    663.4339        0.9972
    663.4397        0.9977
    663.4455        0.9998
    663.4513        0.9956
    663.4571        0.9904
    663.4629        1.0035
    663.4686        1.0168
    663.4744        1.0105
    663.4802        1.0045
    663.4860        0.9982
    663.4918        0.9942
    663.4976        0.9991
    663.5034        1.0021
    663.5091        0.9999
    663.5149        0.9938
    663.5207        0.9810
    663.5265        0.9824
    663.5323        1.0015
    663.5381        1.0047
    663.5438        0.9945
    663.5496        0.9912
    663.5554        0.9921
    663.5612        0.9939
    663.5670        0.9962
    663.5728        0.9964
    663.5786        0.9959
    663.5843        0.9947
    663.5901        0.9932
    663.5959        1.0007
    663.6017        1.0080
    663.6075        1.0001
    663.6133        0.9938
    663.6191        1.0001
    663.6248        1.0033
    663.6306        0.9950
    663.6364        0.9896
    663.6422        0.9915
    663.6480        0.9939
    663.6538        0.9974
    663.6595        1.0016
    663.6653        1.0067
    663.6711        1.0138
    663.6769        1.0225
    663.6827        1.0125
    663.6885        0.9918
    663.6943        0.9936
    663.7000        1.0045
    663.7058        1.0082
    663.7116        1.0100
    663.7174        0.9981
    663.7232        0.9846
    663.7290        1.0033
    663.7348        1.0209
    663.7405        1.0032
    663.7463        0.9902
    663.7521        1.0057
    663.7579        1.0151
    663.7637        1.0034
    663.7695        0.9944
    663.7752        0.9915
    663.7810        0.9950
    663.7868        1.0075
    663.7926        1.0160
    663.7984        1.0198
    663.8042        1.0165
    663.8100        1.0076
    663.8157        1.0013
    663.8215        0.9963
    663.8273        0.9987
    663.8331        1.0035
    663.8389        0.9990
    663.8447        0.9923
    663.8505        0.9868
    663.8562        0.9815
    663.8620        0.9836
    663.8678        0.9861
    663.8736        0.9920
    663.8794        0.9975
    663.8852        1.0015
    663.8909        1.0001
    663.8967        0.9831
    663.9025        0.9756
    663.9083        0.9859
    663.9141        0.9854
    663.9199        0.9711
    663.9257        0.9823
    663.9314        1.0171
    663.9372        1.0195
    663.9430        1.0012
    663.9488        0.9835
    663.9546        0.9658
    663.9604        0.9763
    663.9662        0.9943
    663.9719        0.9904
    663.9777        0.9835
    663.9835        0.9898
    663.9893        0.9967
    663.9951        1.0071
    664.0009        1.0154
    664.0066        1.0109
    664.0124        1.0083
    664.0182        1.0125
    664.0240        1.0131
    664.0298        1.0058
    664.0356        1.0052
    664.0414        1.0145
    664.0471        1.0078
    664.0529        0.9844
    664.0587        0.9682
    664.0645        0.9575
    664.0703        0.9655
    664.0761        0.9828
    664.0819        0.9973
    664.0876        1.0109
    664.0934        0.9961
    664.0992        0.9762
    664.1050        0.9695
    664.1108        0.9642
    664.1166        0.9743
    664.1223        0.9840
    664.1281        0.9907
    664.1339        0.9958
    664.1397        0.9942
    664.1455        0.9950
    664.1513        1.0022
    664.1571        1.0008
    664.1628        0.9859
    664.1686        0.9856
    664.1744        1.0016
    664.1802        1.0117
    664.1860        1.0169
    664.1918        1.0139
    664.1976        1.0066
    664.2033        0.9995
    664.2091        0.9922
    664.2149        0.9897
    664.2207        0.9882
    664.2265        0.9865
    664.2323        0.9851
    664.2380        0.9989
    664.2438        1.0117
    664.2496        1.0147
    664.2554        1.0144
    664.2612        1.0001
    664.2670        0.9913
    664.2728        0.9968
    664.2785        1.0009
    664.2843        1.0022
    664.2901        1.0046
    664.2959        1.0079
    664.3017        1.0029
    664.3075        0.9912
    664.3133        0.9899
    664.3190        0.9942
    664.3248        0.9962
    664.3306        0.9974
    664.3364        1.0078
    664.3422        1.0201
    664.3480        1.0145
    664.3537        1.0075
    664.3595        1.0148
    664.3653        1.0199
    664.3711        1.0056
    664.3769        0.9920
    664.3827        0.9817
    664.3885        0.9755
    664.3942        0.9797
    664.4000        0.9888
    664.4058        1.0057
    664.4116        1.0060
    664.4174        0.9879
    664.4232        0.9828
    664.4290        0.9879
    664.4347        0.9854
    664.4405        0.9788
    664.4463        0.9857
    664.4521        0.9970
    664.4579        1.0013
    664.4637        1.0043
    664.4694        0.9985
    664.4752        0.9922
    664.4810        0.9948
    664.4868        0.9966
    664.4926        0.9931
    664.4984        0.9909
    664.5042        0.9929
    664.5099        0.9919
    664.5157        0.9843
    664.5215        0.9815
    664.5273        0.9861
    664.5331        0.9815
    664.5389        0.9674
    664.5447        0.9640
    664.5504        0.9680
    664.5562        0.9662
    664.5620        0.9616
    664.5678        0.9636
    664.5736        0.9677
    664.5794        0.9704
    664.5851        0.9729
    664.5909        0.9803
    664.5967        0.9867
    664.6025        0.9723
    664.6083        0.9597
    664.6141        0.9576
    664.6199        0.9587
    664.6256        0.9702
    664.6314        0.9785
    664.6372        0.9804
    664.6430        0.9758
    664.6488        0.9624
    664.6546        0.9601
    664.6604        0.9675
    664.6661        0.9689
    664.6719        0.9665
    664.6777        0.9699
    664.6835        0.9755
    664.6893        0.9778
    664.6951        0.9793
    664.7008        0.9818
    664.7066        0.9845
    664.7124        0.9803
    664.7182        0.9769
    664.7240        0.9826
    664.7298        0.9872
    664.7356        0.9876
    664.7413        0.9894
    664.7471        0.9947
    664.7529        0.9986
    664.7587        1.0000
    664.7645        0.9990
    664.7703        0.9957
    664.7761        1.0042
    664.7818        1.0217
    664.7876        1.0191
    664.7934        1.0067
    664.7992        0.9951
    664.8050        0.9840
    664.8108        0.9848
    664.8165        0.9875
    664.8223        0.9887
    664.8281        0.9892
    664.8339        0.9778
    664.8397        0.9690
    664.8455        0.9745
    664.8513        0.9805
    664.8570        0.9885
    664.8628        0.9941
    664.8686        0.9950
    664.8744        0.9978
    664.8802        1.0028
    664.8860        0.9964
    664.8918        0.9802
    664.8975        0.9808
    664.9033        0.9911
    664.9091        0.9924
    664.9149        0.9904
    664.9207        0.9820
    664.9265        0.9724
    664.9322        0.9805
    664.9380        0.9902
    664.9438        1.0052
    664.9496        1.0202
    664.9554        1.0347
    664.9612        1.0426
    664.9670        1.0267
    664.9727        1.0132
    664.9785        1.0053
    664.9843        1.0005
    664.9901        1.0001
    664.9959        1.0088
    665.0017        1.0263
    665.0075        1.0332
    665.0132        1.0336
    665.0190        1.0337
    665.0248        1.0336
    665.0306        1.0326
    665.0364        1.0311
    665.0422        1.0335
    665.0479        1.0365
    665.0537        1.0293
    665.0595        1.0234
    665.0653        1.0286
    665.0711        1.0321
    665.0769        1.0279
    665.0827        1.0230
    665.0884        1.0168
    665.0942        1.0166
    665.1000        1.0255
    665.1058        1.0335
    665.1116        1.0404
    665.1174        1.0383
    665.1232        1.0302
    665.1289        1.0334
    665.1347        1.0417
    665.1405        1.0382
    665.1463        1.0316
    665.1521        1.0314
    665.1579        1.0318
    665.1636        1.0261
    665.1694        1.0214
    665.1752        1.0273
    665.1810        1.0306
    665.1868        1.0236
    665.1926        1.0238
    665.1984        1.0415
    665.2041        1.0458
    665.2099        1.0299
    665.2157        1.0268
    665.2215        1.0368
    665.2273        1.0378
    665.2331        1.0325
    665.2389        1.0373
    665.2446        1.0467
    665.2504        1.0334
    665.2562        1.0143
    665.2620        1.0062
    665.2678        0.9993
    665.2736        1.0203
    665.2793        1.0399
    665.2851        1.0469
    665.2909        1.0505
    665.2967        1.0411
    665.3025        1.0415
    665.3083        1.0646
    665.3141        1.0771
    665.3198        1.0739
    665.3256        1.0677
    665.3314        1.0587
    665.3372        1.0558
    665.3430        1.0571
    665.3488        1.0556
    665.3546        1.0529
    665.3603        1.0511
    665.3661        1.0496
    665.3719        1.0541
    665.3777        1.0593
    665.3835        1.0599
    665.3893        1.0587
    665.3950        1.0430
    665.4008        1.0332
    665.4066        1.0455
    665.4124        1.0517
    665.4182        1.0449
    665.4240        1.0389
    665.4298        1.0343
    665.4355        1.0315
    665.4413        1.0302
    665.4471        1.0432
    665.4529        1.0647
    665.4587        1.0688
    665.4645        1.0662
    665.4703        1.0691
    665.4760        1.0732
    665.4818        1.0742
    665.4876        1.0757
    665.4934        1.0943
    665.4992        1.1082
    665.5050        1.0933
    665.5107        1.0794
    665.5165        1.0691
    665.5223        1.0609
    665.5281        1.0565
    665.5339        1.0605
    665.5397        1.0745
    665.5455        1.0764
    665.5512        1.0687
    665.5570        1.0670
    665.5628        1.0685
    665.5686        1.0762
    665.5744        1.0860
    665.5802        1.0663
    665.5860        1.0420
    665.5917        1.0525
    665.5975        1.0635
    665.6033        1.0642
    665.6091        1.0647
    665.6149        1.0643
    665.6207        1.0647
    665.6264        1.0669
    665.6322        1.0634
    665.6380        1.0508
    665.6438        1.0525
    665.6496        1.0691
    665.6554        1.0692
    665.6612        1.0580
    665.6669        1.0618
    665.6727        1.0718
    665.6785        1.0754
    665.6843        1.0775
    665.6901        1.0811
    665.6959        1.0845
    665.7017        1.0627
    665.7074        1.0447
    665.7132        1.0549
    665.7190        1.0647
    665.7248        1.0734
    665.7306        1.0828
    665.7364        1.0939
    665.7421        1.1046
    665.7479        1.1152
    665.7537        1.1145
    665.7595        1.1038
    665.7653        1.0964
    665.7711        1.0909
    665.7769        1.0853
    665.7826        1.0799
    665.7884        1.0745
    665.7942        1.0693
    665.8000        1.0731
    665.8058        1.0763
    665.8116        1.0673
    665.8174        1.0597
    665.8231        1.0589
    665.8289        1.0563
    665.8347        1.0488
    665.8405        1.0436
    665.8463        1.0421
    665.8521        1.0509
    665.8578        1.0702
    665.8636        1.0782
    665.8694        1.0787
    665.8752        1.0738
    665.8810        1.0666
    665.8868        1.0695
    665.8926        1.0748
    665.8983        1.0614
    665.9041        1.0475
    665.9099        1.0664
    665.9157        1.0811
    665.9215        1.0700
    665.9273        1.0657
    665.9331        1.0826
    665.9388        1.0925
    665.9446        1.0891
    665.9504        1.0838
    665.9562        1.0766
    665.9620        1.0795
    665.9678        1.0901
    665.9735        1.0941
    665.9793        1.0949
    665.9851        1.1009
    665.9909        1.1085
    665.9967        1.0904
    666.0025        1.0692
    666.0083        1.0847
    666.0140        1.0983
    666.0198        1.0970
    666.0256        1.0933
    666.0314        1.0807
    666.0372        1.0768
    666.0430        1.0910
    666.0488        1.0953
    666.0545        1.0867
    666.0603        1.0837
    666.0661        1.0852
    666.0719        1.0921
    666.0777        1.1021
    666.0835        1.1041
    666.0892        1.1036
    666.0950        1.1074
    666.1008        1.1121
    666.1066        1.1156
    666.1124        1.1180
    666.1182        1.1092
    666.1240        1.1011
    666.1297        1.0958
    666.1355        1.0921
    666.1413        1.0918
    666.1471        1.0902
    666.1529        1.0865
    666.1587        1.0814
    666.1645        1.0747
    666.1702        1.0744
    666.1760        1.0777
    666.1818        1.0671
    666.1876        1.0517
    666.1934        1.0683
    666.1992        1.0904
    666.2049        1.0954
    666.2107        1.1001
    666.2165        1.1070
    666.2223        1.1094
    666.2281        1.0928
    666.2339        1.0828
    666.2397        1.0882
    666.2454        1.0903
    666.2512        1.0874
    666.2570        1.0898
    666.2628        1.0970
    666.2686        1.0897
    666.2744        1.0739
    666.2802        1.0810
    666.2859        1.0964
    666.2917        1.1061
    666.2975        1.1149
    666.3033        0.5536
    666.3091        0.0127
