    650.5618        0.9876
    650.5701        0.9924
    650.5784        0.9996
    650.5867        1.0083
    650.5950        1.0082
    650.6033        1.0018
    650.6116        1.0040
    650.6199        1.0127
    650.6282        1.0151
    650.6365        1.0124
    650.6448        1.0106
    650.6530        1.0097
    650.6613        1.0075
    650.6696        1.0032
    650.6779        1.0002
    650.6862        0.9995
    650.6945        1.0035
    650.7028        1.0164
    650.7111        1.0220
    650.7194        1.0095
    650.7277        1.0028
    650.7360        1.0156
    650.7443        1.0205
    650.7526        0.9968
    650.7608        0.9785
    650.7691        0.9815
    650.7774        0.9863
    650.7857        1.0027
    650.7940        1.0153
    650.8023        0.9996
    650.8106        0.9845
    650.8189        0.9800
    650.8272        0.9766
    650.8355        0.9816
    650.8438        0.9871
    650.8521        0.9830
    650.8603        0.9759
    650.8686        0.9790
    650.8769        0.9857
    650.8852        0.9879
    650.8935        0.9881
    650.9018        0.9949
    650.9101        1.0030
    650.9184        1.0004
    650.9267        0.9962
    650.9350        0.9933
    650.9433        0.9892
    650.9516        0.9871
    650.9598        0.9870
    650.9681        0.9952
    650.9764        1.0069
    650.9847        1.0082
    650.9930        1.0040
    651.0013        1.0007
    651.0096        0.9987
    651.0179        0.9968
    651.0262        0.9935
    651.0345        1.0057
    651.0428        1.0286
    651.0511        1.0395
    651.0593        1.0422
    651.0676        1.0306
    651.0759        1.0080
    651.0842        1.0010
    651.0925        1.0077
    651.1008        1.0085
    651.1091        1.0027
    651.1174        0.9973
    651.1257        0.9934
    651.1340        0.9942
    651.1423        1.0009
    651.1506        1.0090
    651.1589        1.0199
    651.1671        1.0229
    651.1754        1.0083
    651.1837        0.9975
    651.1920        1.0012
    651.2003        1.0003
    651.2086        0.9864
    651.2169        0.9760
    651.2252        0.9740
    651.2335        0.9805
    651.2418        1.0161
    651.2501        1.0463
    651.2584        1.0468
    651.2666        1.0445
    651.2749        1.0335
    651.2832        1.0246
    651.2915        1.0331
    651.2998        1.0398
    651.3081        1.0287
    651.3164        1.0186
    651.3247        1.0097
    651.3330        1.0001
    651.3413        1.0177
    651.3496        1.0372
    651.3579        1.0157
    651.3661        0.9927
    651.3744        0.9964
    651.3827        1.0006
    651.3910        1.0092
    651.3993        1.0198
    651.4076        1.0286
    651.4159        1.0368
    651.4242        1.0251
    651.4325        1.0087
    651.4408        0.9973
    651.4491        0.9897
    651.4574        0.9729
    651.4656        0.9505
    651.4739        0.9422
    651.4822        0.9395
    651.4905        0.9626
    651.4988        0.9950
    651.5071        1.0154
    651.5154        1.0309
    651.5237        1.0322
    651.5320        1.0267
    651.5403        1.0220
    651.5486        1.0192
    651.5569        1.0080
    651.5652        0.9881
    651.5734        0.9773
    651.5817        0.9765
    651.5900        0.9751
    651.5983        0.9714
    651.6066        0.9676
    651.6149        0.9652
    651.6232        0.9486
    651.6315        0.9171
    651.6398        0.8875
    651.6481        0.8594
    651.6564        0.8454
    651.6647        0.8516
    651.6729        0.8637
    651.6812        0.8823
    651.6895        0.8895
    651.6978        0.8772
    651.7061        0.8811
    651.7144        0.9171
    651.7227        0.9430
    651.7310        0.9452
    651.7393        0.9487
    651.7476        0.9558
    651.7559        0.9616
    651.7642        0.9649
    651.7724        0.9681
    651.7807        0.9718
    651.7890        0.9738
    651.7973        0.9724
    651.8056        0.9713
    651.8139        0.9591
    651.8222        0.9483
    651.8305        0.9622
    651.8388        0.9759
    651.8471        0.9891
    651.8554        1.0029
    651.8637        0.9893
    651.8719        0.9736
    651.8802        0.9777
    651.8885        0.9824
    651.8968        1.0052
    651.9051        1.0321
    651.9134        1.0060
    651.9217        0.9744
    651.9300        0.9595
    651.9383        0.9446
    651.9466        0.9567
    651.9549        0.9698
    651.9632        0.9849
    651.9715        1.0026
    651.9797        1.0258
    651.9880        1.0496
    651.9963        1.0473
    652.0046        1.0404
    652.0129        1.0342
    652.0212        1.0267
    652.0295        1.0241
    652.0378        1.0245
    652.0461        1.0311
    652.0544        1.0388
    652.0627        1.0295
    652.0710        1.0143
    652.0792        1.0129
    652.0875        1.0168
    652.0958        1.0113
    652.1041        1.0018
    652.1124        1.0086
    652.1207        1.0231
    652.1290        1.0258
    652.1373        1.0223
    652.1456        1.0260
    652.1539        1.0328
    652.1622        1.0362
    652.1705        1.0402
    652.1787        1.0250
    652.1870        0.9943
    652.1953        0.9820
    652.2036        0.9852
    652.2119        0.9967
    652.2202        1.0149
    652.2285        1.0285
    652.2368        1.0372
    652.2451        1.0288
    652.2534        1.0035
    652.2617        0.9938
    652.2700        1.0020
    652.2782        1.0089
    652.2865        1.0139
    652.2948        1.0198
    652.3031        1.0261
    652.3114        1.0240
    652.3197        1.0109
    652.3280        1.0046
    652.3363        1.0090
    652.3446        1.0070
    652.3529        0.9951
    652.3612        0.9809
    652.3695        0.9605
    652.3778        0.9500
    652.3860        0.9623
    652.3943        0.9731
    652.4026        0.9779
    652.4109        0.9832
    652.4192        0.9913
    652.4275        1.0005
    652.4358        1.0117
    652.4441        1.0171
    652.4524        1.0045
    652.4607        0.9945
    652.4690        0.9925
    652.4773        0.9928
    652.4855        1.0022
    652.4938        1.0097
    652.5021        1.0140
    652.5104        1.0194
    652.5187        1.0230
    652.5270        1.0251
    652.5353        1.0201
    652.5436        1.0161
    652.5519        1.0085
    652.5602        1.0007
    652.5685        1.0072
    652.5768        1.0126
    652.5850        0.9956
    652.5933        0.9792
    652.6016        0.9845
    652.6099        0.9888
    652.6182        1.0015
    652.6265        1.0172
    652.6348        1.0192
    652.6431        1.0197
    652.6514        1.0147
    652.6597        1.0100
    652.6680        0.9953
    652.6763        0.9795
    652.6845        0.9844
    652.6928        0.9899
    652.7011        0.9986
    652.7094        1.0102
    652.7177        1.0120
    652.7260        1.0107
    652.7343        1.0017
    652.7426        0.9928
    652.7509        0.9899
    652.7592        0.9862
    652.7675        0.9885
    652.7758        0.9937
    652.7841        0.9898
    652.7923        0.9827
    652.8006        0.9851
    652.8089        0.9903
    652.8172        1.0007
    652.8255        1.0129
    652.8338        1.0153
    652.8421        1.0144
    652.8504        1.0135
    652.8587        1.0134
    652.8670        1.0128
    652.8753        1.0115
    652.8836        1.0003
    652.8918        0.9841
    652.9001        0.9840
    652.9084        0.9927
    652.9167        1.0000
    652.9250        1.0052
    652.9333        1.0098
    652.9416        1.0149
    652.9499        1.0136
    652.9582        1.0075
    652.9665        1.0016
    652.9748        0.9957
    652.9831        0.9973
    652.9913        1.0044
    652.9996        1.0056
    653.0079        1.0023
    653.0162        0.9989
    653.0245        0.9952
    653.0328        0.9966
    653.0411        1.0024
    653.0494        1.0042
    653.0577        1.0030
    653.0660        0.9989
    653.0743        0.9921
    653.0826        0.9901
    653.0908        0.9915
    653.0991        0.9961
    653.1074        1.0046
    653.1157        1.0068
    653.1240        1.0026
    653.1323        0.9979
    653.1406        0.9931
    653.1489        0.9915
    653.1572        0.9929
    653.1655        0.9988
    653.1738        1.0097
    653.1821        1.0168
    653.1904        1.0207
    653.1986        1.0173
    653.2069        1.0004
    653.2152        0.9744
    653.2235        0.9356
    653.2318        0.9167
    653.2401        0.9323
    653.2484        0.9477
    653.2567        0.9613
    653.2650        0.9779
    653.2733        0.9989
    653.2816        1.0099
    653.2899        1.0005
    653.2981        0.9925
    653.3064        0.9885
    653.3147        0.9897
    653.3230        1.0013
    653.3313        1.0065
    653.3396        0.9989
    653.3479        0.9937
    653.3562        0.9909
    653.3645        0.9839
    653.3728        0.9666
    653.3811        0.9535
    653.3894        0.9595
    653.3976        0.9656
    653.4059        0.9639
    653.4142        0.9655
    653.4225        0.9811
    653.4308        0.9949
    653.4391        0.9958
    653.4474        0.9941
    653.4557        0.9869
    653.4640        0.9857
    653.4723        1.0161
    653.4806        1.0387
    653.4889        1.0112
    653.4971        0.9888
    653.5054        1.0034
    653.5137        1.0149
    653.5220        1.0008
    653.5303        0.9875
    653.5386        0.9909
    653.5469        0.9970
    653.5552        1.0095
    653.5635        1.0185
    653.5718        1.0050
    653.5801        0.9930
    653.5884        0.9980
    653.5966        1.0029
    653.6049        1.0061
    653.6132        1.0099
    653.6215        1.0071
    653.6298        1.0023
    653.6381        0.9970
    653.6464        0.9940
    653.6547        1.0005
    653.6630        1.0069
    653.6713        1.0137
    653.6796        1.0181
    653.6879        1.0029
    653.6962        0.9898
    653.7044        0.9996
    653.7127        1.0083
    653.7210        1.0000
    653.7293        0.9927
    653.7376        0.9961
    653.7459        0.9987
    653.7542        0.9976
    653.7625        0.9966
    653.7708        1.0006
    653.7791        1.0061
    653.7874        1.0068
    653.7957        1.0059
    653.8039        1.0116
    653.8122        1.0167
    653.8205        1.0225
    653.8288        1.0322
    653.8371        1.0299
    653.8454        1.0223
    653.8537        1.0220
    653.8620        1.0243
    653.8703        1.0266
    653.8786        1.0287
    653.8869        1.0267
    653.8952        1.0251
    653.9034        1.0157
    653.9117        1.0041
    653.9200        1.0041
    653.9283        1.0057
    653.9366        1.0140
    653.9449        1.0241
    653.9532        1.0121
    653.9615        0.9958
    653.9698        0.9989
    653.9781        1.0036
    653.9864        1.0056
    653.9947        1.0099
    654.0029        1.0104
    654.0112        1.0092
    654.0195        1.0116
    654.0278        1.0165
    654.0361        1.0091
    654.0444        0.9954
    654.0527        1.0056
    654.0610        1.0233
    654.0693        1.0204
    654.0776        1.0131
    654.0859        1.0149
    654.0942        1.0191
    654.1025        1.0063
    654.1107        0.9883
    654.1190        0.9972
    654.1273        1.0130
    654.1356        1.0201
    654.1439        1.0249
    654.1522        1.0236
    654.1605        1.0209
    654.1688        1.0198
    654.1771        1.0197
    654.1854        1.0169
    654.1937        1.0117
    654.2020        0.9932
    654.2102        0.9726
    654.2185        0.9745
    654.2268        0.9809
    654.2351        0.9874
    654.2434        0.9960
    654.2517        0.9954
    654.2600        0.9903
    654.2683        0.9999
    654.2766        1.0139
    654.2849        1.0120
    654.2932        1.0064
    654.3015        1.0143
    654.3097        1.0253
    654.3180        1.0205
    654.3263        1.0111
    654.3346        1.0109
    654.3429        1.0152
    654.3512        1.0005
    654.3595        0.9774
    654.3678        0.9555
    654.3761        0.9351
    654.3844        0.9260
    654.3927        0.9208
    654.4010        0.9256
    654.4092        0.9317
    654.4175        0.9535
    654.4258        0.9829
    654.4341        1.0036
    654.4424        1.0226
    654.4507        1.0210
    654.4590        1.0086
    654.4673        1.0177
    654.4756        1.0376
    654.4839        1.0311
    654.4922        1.0142
    654.5005        1.0204
    654.5088        1.0328
    654.5170        1.0365
    654.5253        1.0410
    654.5336        1.0326
    654.5419        1.0162
    654.5502        1.0122
    654.5585        1.0141
    654.5668        0.9967
    654.5751        0.9714
    654.5834        0.9762
    654.5917        0.9933
    654.6000        0.9980
    654.6083        0.9961
    654.6165        1.0034
    654.6248        1.0166
    654.6331        1.0203
    654.6414        1.0191
    654.6497        1.0141
    654.6580        1.0076
    654.6663        1.0145
    654.6746        1.0265
    654.6829        1.0232
    654.6912        1.0132
    654.6995        1.0236
    654.7078        1.0452
    654.7160        1.0461
    654.7243        1.0345
    654.7326        1.0201
    654.7409        1.0076
    654.7492        0.9962
    654.7575        0.9836
    654.7658        0.9798
    654.7741        0.9803
    654.7824        0.9789
    654.7907        0.9759
    654.7990        0.9726
    654.8073        0.9683
    654.8155        0.9798
    654.8238        0.9995
    654.8321        1.0078
    654.8404        1.0112
    654.8487        0.9803
    654.8570        0.9337
    654.8653        0.9289
    654.8736        0.9412
    654.8819        0.9759
    654.8902        1.0208
    654.8985        1.0263
    654.9068        1.0148
    654.9151        1.0052
    654.9233        0.9971
    654.9316        0.9929
    654.9399        0.9906
    654.9482        0.9965
    654.9565        1.0044
    654.9648        1.0132
    654.9731        1.0236
    654.9814        1.0225
    654.9897        1.0166
    654.9980        1.0199
    655.0063        1.0266
    655.0146        1.0305
    655.0228        1.0343
    655.0311        1.0329
    655.0394        1.0282
    655.0477        1.0266
    655.0560        1.0270
    655.0643        1.0185
    655.0726        1.0065
    655.0809        1.0038
    655.0892        1.0038
    655.0975        1.0167
    655.1058        1.0346
    655.1141        1.0368
    655.1223        1.0336
    655.1306        1.0336
    655.1389        1.0333
    655.1472        1.0411
    655.1555        1.0538
    655.1638        1.0416
    655.1721        1.0203
    655.1804        1.0092
    655.1887        0.9999
    655.1970        1.0069
    655.2053        1.0208
    655.2136        1.0249
    655.2218        1.0262
    655.2301        1.0147
    655.2384        0.9985
    655.2467        0.9772
    655.2550        0.9551
    655.2633        0.9500
    655.2716        0.9482
    655.2799        0.9739
    655.2882        1.0083
    655.2965        1.0184
    655.3048        1.0213
    655.3131        1.0212
    655.3214        1.0215
    655.3296        1.0274
    655.3379        1.0332
    655.3462        1.0393
    655.3545        1.0469
    655.3628        1.0343
    655.3711        1.0161
    655.3794        1.0219
    655.3877        1.0331
    655.3960        1.0406
    655.4043        1.0477
    655.4126        1.0540
    655.4209        1.0597
    655.4291        1.0744
    655.4374        1.0910
    655.4457        1.0800
    655.4540        1.0634
    655.4623        1.0646
    655.4706        1.0687
    655.4789        1.0808
    655.4872        1.0947
    655.4955        1.0976
    655.5038        1.0985
    655.5121        1.1077
    655.5204        1.1182
    655.5286        1.1245
    655.5369        1.1299
    655.5452        1.1317
    655.5535        1.1352
    655.5618        1.1261
    655.5701        1.1124
    655.5784        1.1345
    655.5867        1.1629
    655.5950        1.1617
    655.6033        1.1559
    655.6116        1.1498
    655.6199        1.1447
    655.6281        1.1654
    655.6364        1.1878
    655.6447        1.1953
    655.6530        1.2003
    655.6613        1.2262
    655.6696        1.2559
    655.6779        1.2318
    655.6862        1.2060
    655.6945        1.2073
    655.7028        1.2072
    655.7111        1.2167
    655.7194        1.2287
    655.7277        1.2421
    655.7359        1.2539
    655.7442        1.2897
    655.7525        1.3271
    655.7608        1.3295
    655.7691        1.3309
    655.7774        1.3547
    655.7857        1.3803
    655.7940        1.3957
    655.8023        1.4091
    655.8106        1.4252
    655.8189        1.4427
    655.8272        1.4613
    655.8354        1.4803
    655.8437        1.5195
    655.8520        1.5598
    655.8603        1.5823
    655.8686        1.6029
    655.8769        1.6247
    655.8852        1.6482
    655.8935        1.6727
    655.9018        1.6967
    655.9101        1.7321
    655.9184        1.7707
    655.9267        1.8220
    655.9349        1.8725
    655.9432        1.9159
    655.9515        1.9562
    655.9598        1.9764
    655.9681        1.9989
    655.9764        2.0334
    655.9847        2.0702
    655.9930        2.1246
    656.0013        2.1762
    656.0096        2.2149
    656.0179        2.2531
    656.0262        2.2752
    656.0344        2.3008
    656.0427        2.3504
    656.0510        2.4057
    656.0593        2.4765
    656.0676        2.5433
    656.0759        2.5979
    656.0842        2.6503
    656.0925        2.6916
    656.1008        2.7237
    656.1091        2.7373
    656.1174        2.7629
    656.1257        2.8210
    656.1340        2.8625
    656.1422        2.8599
    656.1505        2.8493
    656.1588        2.8232
    656.1671        2.7934
    656.1754        2.7627
    656.1837        2.7239
    656.1920        2.6630
    656.2003        2.6074
    656.2086        2.5709
    656.2169        2.5282
    656.2252        2.4684
    656.2335        2.4089
    656.2417        2.3531
    656.2500        2.2929
    656.2583        2.2269
    656.2666        2.1426
    656.2749        2.0319
    656.2832        1.9067
    656.2915        1.7621
    656.2998        1.5853
    656.3081        1.3732
    656.3164        1.1697
    656.3247        0.9750
    656.3330        0.7838
    656.3412        0.5952
    656.3495        0.4609
    656.3578        0.3842
    656.3661        0.3206
    656.3744        0.2661
    656.3827        0.2372
    656.3910        0.2308
    656.3993        0.2666
    656.4076        0.3372
    656.4159        0.4452
    656.4242        0.5819
    656.4325        0.7596
    656.4407        0.9683
    656.4490        1.1707
    656.4573        1.3673
    656.4656        1.5430
    656.4739        1.7075
    656.4822        1.8470
    656.4905        1.9692
    656.4988        2.0748
    656.5071        2.1719
    656.5154        2.2398
    656.5237        2.2939
    656.5320        2.3678
    656.5403        2.4488
    656.5485        2.5212
    656.5568        2.5939
    656.5651        2.6195
    656.5734        2.6198
    656.5817        2.6446
    656.5900        2.6813
    656.5983        2.7329
    656.6066        2.7918
    656.6149        2.8090
    656.6232        2.8111
    656.6315        2.8122
    656.6398        2.8128
    656.6480        2.7982
    656.6563        2.7822
    656.6646        2.7538
    656.6729        2.7190
    656.6812        2.6646
    656.6895        2.6102
    656.6978        2.5698
    656.7061        2.5281
    656.7144        2.4859
    656.7227        2.4450
    656.7310        2.4003
    656.7393        2.3551
    656.7475        2.3113
    656.7558        2.2696
    656.7641        2.2205
    656.7724        2.1697
    656.7807        2.1123
    656.7890        2.0498
    656.7973        2.0262
    656.8056        2.0119
    656.8139        1.9437
    656.8222        1.8705
    656.8305        1.8434
    656.8388        1.8172
    656.8470        1.7749
    656.8553        1.7327
    656.8636        1.6960
    656.8719        1.6620
    656.8802        1.6341
    656.8885        1.6019
    656.8968        1.5694
    656.9051        1.5410
    656.9134        1.5228
    656.9217        1.5038
    656.9300        1.4836
    656.9383        1.4668
    656.9466        1.4601
    656.9548        1.4488
    656.9631        1.4158
    656.9714        1.3853
    656.9797        1.3763
    656.9880        1.3687
    656.9963        1.3574
    657.0046        1.3430
    657.0129        1.3204
    657.0212        1.3042
    657.0295        1.3057
    657.0378        1.3016
    657.0461        1.2842
    657.0543        1.2683
    657.0626        1.2566
    657.0709        1.2505
    657.0792        1.2527
    657.0875        1.2412
    657.0958        1.2065
    657.1041        1.1804
    657.1124        1.1668
    657.1207        1.1654
    657.1290        1.1827
    657.1373        1.1845
    657.1456        1.1642
    657.1538        1.1522
    657.1621        1.1509
    657.1704        1.1502
    657.1787        1.1500
    657.1870        1.1321
    657.1953        1.0970
    657.2036        1.0749
    657.2119        1.0624
    657.2202        1.0705
    657.2285        1.0987
    657.2368        1.1049
    657.2451        1.0933
    657.2533        1.0960
    657.2616        1.1083
    657.2699        1.1120
    657.2782        1.1095
    657.2865        1.1074
    657.2948        1.1077
    657.3031        1.0996
    657.3114        1.0853
    657.3197        1.0764
    657.3280        1.0705
    657.3363        1.0732
    657.3446        1.0811
    657.3529        1.0772
    657.3611        1.0677
    657.3694        1.0584
    657.3777        1.0482
    657.3860        1.0478
    657.3943        1.0500
    657.4026        1.0538
    657.4109        1.0605
    657.4192        1.0637
    657.4275        1.0636
    657.4358        1.0422
    657.4441        1.0188
    657.4524        1.0245
    657.4606        1.0348
    657.4689        0.9950
    657.4772        0.9492
    657.4855        0.9431
    657.4938        0.9380
    657.5021        0.9695
    657.5104        1.0050
    657.5187        1.0113
    657.5270        1.0146
    657.5353        1.0163
    657.5436        1.0205
    657.5519        1.0307
    657.5601        1.0364
    657.5684        1.0111
    657.5767        0.9870
    657.5850        0.9882
    657.5933        0.9927
    657.6016        1.0059
    657.6099        1.0175
    657.6182        1.0172
    657.6265        1.0172
    657.6348        1.0196
    657.6431        1.0190
    657.6514        1.0172
    657.6596        1.0187
    657.6679        1.0202
    657.6762        1.0198
    657.6845        1.0210
    657.6928        1.0211
    657.7011        1.0163
    657.7094        1.0143
    657.7177        1.0191
    657.7260        1.0244
    657.7343        1.0274
    657.7426        1.0275
    657.7509        1.0251
    657.7592        1.0243
    657.7674        1.0248
    657.7757        1.0247
    657.7840        1.0255
    657.7923        1.0176
    657.8006        0.9978
    657.8089        0.9926
    657.8172        1.0039
    657.8255        1.0079
    657.8338        1.0045
    657.8421        1.0041
    657.8504        1.0062
    657.8587        0.9936
    657.8669        0.9699
    657.8752        0.9827
    657.8835        1.0197
    657.8918        1.0304
    657.9001        1.0267
    657.9084        1.0194
    657.9167        1.0095
    657.9250        1.0195
    657.9333        1.0381
    657.9416        1.0271
    657.9499        1.0057
    657.9582        1.0016
    657.9664        1.0022
    657.9747        1.0060
    657.9830        1.0133
    657.9913        1.0054
    657.9996        0.9912
    658.0079        1.0062
    658.0162        1.0266
    658.0245        1.0069
    658.0328        0.9819
    658.0411        0.9860
    658.0494        0.9941
    658.0577        0.9943
    658.0659        0.9942
    658.0742        0.9889
    658.0825        0.9821
    658.0908        0.9722
    658.0991        0.9640
    658.1074        0.9687
    658.1157        0.9740
    658.1240        0.9890
    658.1323        1.0030
    658.1406        1.0019
    658.1489        1.0023
    658.1572        1.0163
    658.1655        1.0240
    658.1737        1.0045
    658.1820        0.9897
    658.1903        0.9898
    658.1986        0.9902
    658.2069        0.9954
    658.2152        0.9991
    658.2235        0.9971
    658.2318        0.9955
    658.2401        0.9951
    658.2484        0.9958
    658.2567        0.9983
    658.2650        0.9977
    658.2732        0.9930
    658.2815        0.9920
    658.2898        0.9939
    658.2981        0.9969
    658.3064        1.0028
    658.3147        1.0050
    658.3230        1.0039
    658.3313        0.9954
    658.3396        0.9806
    658.3479        0.9738
    658.3562        0.9730
    658.3645        0.9873
    658.3727        1.0111
    658.3810        1.0226
    658.3893        1.0287
    658.3976        1.0256
    658.4059        1.0172
    658.4142        1.0186
    658.4225        1.0221
    658.4308        1.0201
    658.4391        1.0183
    658.4474        1.0211
    658.4557        1.0268
    658.4640        1.0106
    658.4722        0.9870
    658.4805        0.9970
    658.4888        1.0140
    658.4971        1.0096
    658.5054        1.0015
    658.5137        1.0259
    658.5220        1.0533
    658.5303        1.0326
    658.5386        1.0122
    658.5469        0.9997
    658.5552        0.9861
    658.5635        0.9904
    658.5717        0.9965
    658.5800        0.9954
    658.5883        0.9931
    658.5966        0.9981
    658.6049        1.0058
    658.6132        1.0081
    658.6215        1.0053
    658.6298        0.9940
    658.6381        0.9869
    658.6464        0.9935
    658.6547        0.9950
    658.6630        0.9779
    658.6713        0.9695
    658.6795        0.9843
    658.6878        1.0025
    658.6961        1.0233
    658.7044        1.0264
    658.7127        1.0031
    658.7210        0.9984
    658.7293        1.0189
    658.7376        1.0287
    658.7459        1.0263
    658.7542        1.0195
    658.7625        1.0081
    658.7708        1.0015
    658.7790        0.9991
    658.7873        0.9983
    658.7956        1.0000
    658.8039        0.9952
    658.8122        0.9854
    658.8205        0.9853
    658.8288        0.9899
    658.8371        0.9903
    658.8454        0.9908
    658.8537        0.9861
    658.8620        0.9764
    658.8703        0.9920
    658.8785        1.0172
    658.8868        1.0171
    658.8951        1.0114
    658.9034        1.0095
    658.9117        1.0076
    658.9200        1.0107
    658.9283        1.0150
    658.9366        1.0164
    658.9449        1.0187
    658.9532        0.9878
    658.9615        0.9545
    658.9698        0.9717
    658.9780        0.9909
    658.9863        0.9800
    658.9946        0.9715
    659.0029        0.9967
    659.0112        1.0189
    659.0195        1.0172
    659.0278        1.0157
    659.0361        1.0152
    659.0444        1.0107
    659.0527        0.9996
    659.0610        0.9945
    659.0693        1.0003
    659.0776        1.0037
    659.0858        1.0035
    659.0941        0.9992
    659.1024        0.9865
    659.1107        0.9820
    659.1190        0.9917
    659.1273        1.0009
    659.1356        1.0074
    659.1439        1.0067
    659.1522        0.9985
    659.1605        0.9890
    659.1688        0.9809
    659.1771        0.9898
    659.1853        1.0097
    659.1936        1.0138
    659.2019        1.0092
    659.2102        1.0016
    659.2185        0.9911
    659.2268        0.9907
    659.2351        0.9953
    659.2434        1.0098
    659.2517        1.0273
    659.2600        1.0282
    659.2683        1.0267
    659.2766        1.0127
    659.2848        0.9934
    659.2931        0.9907
    659.3014        0.9927
    659.3097        0.9990
    659.3180        1.0038
    659.3263        0.9993
    659.3346        0.9951
    659.3429        0.9951
    659.3512        0.9960
    659.3595        0.9915
    659.3678        0.9859
    659.3761        0.9857
    659.3843        0.9889
    659.3926        1.0091
    659.4009        1.0229
    659.4092        1.0012
    659.4175        0.9848
    659.4258        0.9938
    659.4341        1.0016
    659.4424        1.0006
    659.4507        0.9980
    659.4590        0.9971
    659.4673        0.9989
    659.4756        0.9997
    659.4839        0.9959
    659.4921        0.9877
    659.5004        0.9921
    659.5087        1.0115
    659.5170        1.0134
    659.5253        0.9980
    659.5336        0.9940
    659.5419        0.9990
    659.5502        0.9964
    659.5585        0.9901
    659.5668        0.9975
    659.5751        1.0103
    659.5834        1.0122
    659.5916        1.0106
    659.5999        0.9939
    659.6082        0.9717
    659.6165        0.9883
    659.6248        1.0155
    659.6331        1.0041
    659.6414        0.9849
    659.6497        0.9826
    659.6580        0.9816
    659.6663        0.9988
    659.6746        1.0178
    659.6829        1.0154
    659.6911        1.0109
    659.6994        1.0096
    659.7077        1.0107
    659.7160        1.0067
    659.7243        0.9992
    659.7326        0.9956
    659.7409        0.9964
    659.7492        0.9988
    659.7575        1.0009
    659.7658        1.0066
    659.7741        1.0096
    659.7824        1.0031
    659.7906        0.9929
    659.7989        0.9799
    659.8072        0.9741
    659.8155        0.9781
    659.8238        0.9855
    659.8321        0.9980
    659.8404        0.9972
    659.8487        0.9786
    659.8570        0.9683
    659.8653        0.9684
    659.8736        0.9749
    659.8819        0.9853
    659.8902        0.9867
    659.8984        0.9840
    659.9067        0.9804
    659.9150        0.9744
    659.9233        0.9765
    659.9316        0.9836
    659.9399        0.9765
    659.9482        0.9639
    659.9565        0.9789
    659.9648        0.9987
    659.9731        1.0022
    659.9814        1.0059
    659.9897        1.0037
    659.9979        1.0009
    660.0062        0.9900
    660.0145        0.9792
    660.0228        0.9892
    660.0311        0.9988
    660.0394        1.0043
    660.0477        1.0089
    660.0560        1.0014
    660.0643        0.9955
    660.0726        1.0012
    660.0809        1.0039
    660.0892        0.9960
    660.0974        0.9855
    660.1057        0.9726
    660.1140        0.9714
    660.1223        0.9881
    660.1306        0.9955
    660.1389        0.9921
    660.1472        0.9959
    660.1555        1.0064
    660.1638        1.0074
    660.1721        0.9997
    660.1804        0.9960
    660.1887        0.9957
    660.1969        0.9871
    660.2052        0.9735
    660.2135        0.9787
    660.2218        0.9928
    660.2301        0.9948
    660.2384        0.9928
    660.2467        0.9992
    660.2550        1.0072
    660.2633        0.9987
    660.2716        0.9866
    660.2799        1.0049
    660.2882        1.0289
    660.2965        1.0080
    660.3047        0.9816
    660.3130        0.9887
    660.3213        0.9995
    660.3296        0.9939
    660.3379        0.9874
    660.3462        0.9939
    660.3545        0.9977
    660.3628        0.9840
    660.3711        0.9757
    660.3794        0.9888
    660.3877        0.9971
    660.3960        0.9924
    660.4042        0.9911
    660.4125        0.9944
    660.4208        0.9941
    660.4291        0.9896
    660.4374        0.9893
    660.4457        0.9934
    660.4540        0.9888
    660.4623        0.9763
    660.4706        0.9691
    660.4789        0.9647
    660.4872        0.9740
    660.4955        0.9946
    660.5037        1.0031
    660.5120        1.0028
    660.5203        0.9992
    660.5286        0.9952
    660.5369        0.9931
    660.5452        0.9917
    660.5535        0.9762
    660.5618        0.9564
    660.5701        0.9726
    660.5784        0.9946
    660.5867        0.9873
    660.5950        0.9775
    660.6032        1.0016
    660.6115        1.0253
    660.6198        1.0072
    660.6281        0.9874
    660.6364        0.9783
    660.6447        0.9725
    660.6530        0.9747
    660.6613        0.9763
    660.6696        0.9785
    660.6779        0.9803
    660.6862        0.9778
    660.6945        0.9761
    660.7028        0.9781
    660.7110        0.9840
    660.7193        0.9950
    660.7276        0.9973
    660.7359        0.9888
    660.7442        0.9901
    660.7525        1.0008
    660.7608        0.9911
    660.7691        0.9660
    660.7774        0.9658
    660.7857        0.9802
    660.7940        0.9874
    660.8023        0.9916
    660.8105        0.9985
    660.8188        1.0045
    660.8271        1.0029
    660.8354        1.0035
    660.8437        1.0006
    660.8520        0.9939
    660.8603        1.0000
    660.8686        1.0072
    660.8769        1.0070
    660.8852        1.0062
    660.8935        0.9882
    660.9018        0.9726
    660.9100        0.9905
    660.9183        1.0035
    660.9266        0.9869
    660.9349        0.9774
    660.9432        0.9888
    660.9515        0.9949
    660.9598        0.9897
    660.9681        0.9897
    660.9764        1.0004
    660.9847        0.9972
    660.9930        0.9727
    661.0013        0.9616
    661.0095        0.9664
    661.0178        0.9679
    661.0261        0.9661
    661.0344        0.9756
    661.0427        0.9913
    661.0510        0.9928
    661.0593        0.9887
    661.0676        0.9837
    661.0759        0.9782
    661.0842        0.9892
    661.0925        1.0041
    661.1008        0.9958
    661.1091        0.9837
    661.1173        0.9905
    661.1256        1.0009
    661.1339        0.9906
    661.1422        0.9779
    661.1505        0.9956
    661.1588        1.0128
    661.1671        1.0074
    661.1754        1.0017
    661.1837        0.9998
    661.1920        0.9973
    661.2003        0.9895
    661.2086        0.9877
    661.2168        1.0001
    661.2251        1.0037
    661.2334        0.9950
    661.2417        0.9933
    661.2500        0.9989
    661.2583        0.9999
    661.2666        0.9959
    661.2749        0.9974
    661.2832        1.0048
    661.2915        1.0043
    661.2998        0.9970
    661.3081        1.0024
    661.3163        1.0162
    661.3246        1.0130
    661.3329        1.0030
    661.3412        1.0036
    661.3495        1.0045
    661.3578        1.0021
    661.3661        1.0021
    661.3744        1.0075
    661.3827        1.0114
    661.3910        0.9995
    661.3993        0.9882
    661.4076        0.9885
    661.4158        0.9901
    661.4241        0.9999
    661.4324        1.0088
    661.4407        1.0067
    661.4490        1.0060
    661.4573        1.0146
    661.4656        1.0172
    661.4739        1.0071
    661.4822        1.0006
    661.4905        0.9992
    661.4988        0.9989
    661.5071        0.9989
    661.5154        1.0002
    661.5236        1.0025
    661.5319        1.0022
    661.5402        1.0010
    661.5485        1.0081
    661.5568        1.0195
    661.5651        1.0064
    661.5734        0.9826
    661.5817        0.9850
