    648.3830        0.9857
    648.3889        0.9858
    648.3947        0.9858
    648.4006        0.9858
    648.4065        0.9859
    648.4123        0.9859
    648.4182        0.9859
    648.4240        0.9860
    648.4299        0.9860
    648.4357        0.9860
    648.4416        0.9861
    648.4474        0.9861
    648.4533        0.9861
    648.4592        0.9862
    648.4650        1.0031
    648.4709        0.9709
    648.4767        0.9394
    648.4826        0.9533
    648.4884        0.9689
    648.4943        0.9654
    648.5001        0.9647
    648.5060        0.9622
    648.5118        0.9621
    648.5177        0.9809
    648.5236        0.9987
    648.5294        0.9867
    648.5353        0.9703
    648.5411        0.9536
    648.5470        0.9396
    648.5528        0.9393
    648.5587        0.9489
    648.5645        0.9648
    648.5704        0.9866
    648.5763        0.9809
    648.5821        0.9557
    648.5880        0.9695
    648.5938        1.0008
    648.5997        1.0062
    648.6055        1.0071
    648.6114        1.0086
    648.6172        1.0074
    648.6231        1.0036
    648.6289        1.0042
    648.6348        0.9929
    648.6407        0.9674
    648.6465        0.9587
    648.6524        0.9611
    648.6582        0.9636
    648.6641        0.9754
    648.6699        0.9853
    648.6758        0.9877
    648.6816        1.0020
    648.6875        1.0319
    648.6934        1.0336
    648.6992        1.0030
    648.7051        0.9833
    648.7109        0.9749
    648.7168        0.9692
    648.7226        0.9767
    648.7285        0.9805
    648.7343        0.9700
    648.7402        0.9773
    648.7460        1.0127
    648.7519        1.0299
    648.7578        1.0260
    648.7636        1.0129
    648.7695        0.9727
    648.7753        0.9535
    648.7812        0.9908
    648.7870        1.0110
    648.7929        0.9819
    648.7987        0.9675
    648.8046        0.9766
    648.8105        0.9900
    648.8163        1.0185
    648.8222        1.0307
    648.8280        0.9974
    648.8339        0.9711
    648.8397        0.9825
    648.8456        0.9891
    648.8514        0.9624
    648.8573        0.9424
    648.8631        0.9795
    648.8690        1.0086
    648.8749        0.9700
    648.8807        0.9344
    648.8866        0.9591
    648.8924        0.9834
    648.8983        0.9710
    648.9041        0.9607
    648.9100        0.9790
    648.9158        0.9949
    648.9217        0.9902
    648.9276        0.9833
    648.9334        0.9966
    648.9393        1.0115
    648.9451        1.0074
    648.9510        1.0021
    648.9568        0.9848
    648.9627        0.9680
    648.9685        0.9777
    648.9744        0.9959
    648.9802        0.9961
    648.9861        0.9971
    648.9920        0.9921
    648.9978        0.9808
    649.0037        0.9975
    649.0095        1.0244
    649.0154        1.0126
    649.0212        0.9900
    649.0271        0.9943
    649.0329        1.0074
    649.0388        1.0161
    649.0447        1.0168
    649.0505        0.9916
    649.0564        0.9523
    649.0622        0.9360
    649.0681        0.9301
    649.0739        0.9383
    649.0798        0.9665
    649.0856        0.9670
    649.0915        0.9504
    649.0973        0.9572
    649.1032        0.9850
    649.1091        0.9980
    649.1149        1.0029
    649.1208        1.0050
    649.1266        1.0018
    649.1325        1.0041
    649.1383        1.0182
    649.1442        1.0150
    649.1500        0.9954
    649.1559        0.9857
    649.1618        0.9880
    649.1676        0.9944
    649.1735        1.0106
    649.1793        1.0175
    649.1852        1.0005
    649.1910        1.0004
    649.1969        1.0300
    649.2027        1.0339
    649.2086        1.0025
    649.2144        0.9893
    649.2203        1.0035
    649.2262        1.0089
    649.2320        1.0103
    649.2379        1.0082
    649.2437        0.9892
    649.2496        0.9726
    649.2554        0.9610
    649.2613        0.9534
    649.2671        0.9599
    649.2730        0.9623
    649.2789        0.9510
    649.2847        0.9453
    649.2906        0.9389
    649.2964        0.9369
    649.3023        0.9642
    649.3081        0.9849
    649.3140        0.9688
    649.3198        0.9575
    649.3257        0.9765
    649.3315        0.9926
    649.3374        1.0054
    649.3433        1.0142
    649.3491        1.0041
    649.3550        0.9945
    649.3608        0.9905
    649.3667        0.9869
    649.3725        0.9901
    649.3784        0.9969
    649.3842        0.9942
    649.3901        0.9900
    649.3960        0.9793
    649.4018        0.9705
    649.4077        0.9973
    649.4135        1.0232
    649.4194        1.0191
    649.4252        1.0093
    649.4311        0.9840
    649.4369        0.9603
    649.4428        0.9708
    649.4486        0.9854
    649.4545        0.9935
    649.4604        1.0015
    649.4662        1.0035
    649.4721        1.0079
    649.4779        1.0073
    649.4838        1.0058
    649.4896        0.9998
    649.4955        0.9852
    649.5013        0.9801
    649.5072        0.9727
    649.5131        0.9715
    649.5189        0.9776
    649.5248        0.9802
    649.5306        0.9774
    649.5365        0.9843
    649.5423        1.0021
    649.5482        1.0055
    649.5540        0.9988
    649.5599        0.9998
    649.5657        1.0120
    649.5716        0.9749
    649.5775        0.9112
    649.5833        0.9212
    649.5892        0.9763
    649.5950        0.9720
    649.6009        0.9411
    649.6067        0.9509
    649.6126        0.9751
    649.6184        0.9865
    649.6243        0.9957
    649.6302        1.0055
    649.6360        1.0179
    649.6419        1.0147
    649.6477        0.9934
    649.6536        0.9950
    649.6594        1.0208
    649.6653        1.0182
    649.6711        0.9921
    649.6770        0.9956
    649.6828        1.0117
    649.6887        1.0159
    649.6946        1.0165
    649.7004        1.0115
    649.7063        1.0046
    649.7121        0.9933
    649.7180        0.9677
    649.7238        0.9604
    649.7297        0.9761
    649.7355        0.9769
    649.7414        0.9668
    649.7473        0.9719
    649.7531        0.9858
    649.7590        1.0005
    649.7648        1.0183
    649.7707        1.0183
    649.7765        0.9955
    649.7824        0.9798
    649.7882        0.9783
    649.7941        0.9866
    649.7999        1.0046
    649.8058        1.0198
    649.8117        1.0289
    649.8175        1.0345
    649.8234        1.0270
    649.8292        1.0180
    649.8351        1.0134
    649.8409        1.0097
    649.8468        1.0110
    649.8526        1.0158
    649.8585        1.0239
    649.8644        1.0230
    649.8702        1.0130
    649.8761        1.0097
    649.8819        1.0186
    649.8878        1.0245
    649.8936        1.0171
    649.8995        1.0153
    649.9053        1.0269
    649.9112        1.0263
    649.9170        1.0012
    649.9229        0.9818
    649.9288        0.9783
    649.9346        0.9825
    649.9405        1.0116
    649.9463        1.0361
    649.9522        1.0350
    649.9580        1.0283
    649.9639        1.0143
    649.9697        0.9973
    649.9756        0.9699
    649.9815        0.9572
    649.9873        0.9962
    649.9932        1.0339
    649.9990        1.0368
    650.0049        1.0376
    650.0107        1.0224
    650.0166        1.0075
    650.0224        0.9999
    650.0283        0.9919
    650.0341        1.0059
    650.0400        1.0233
    650.0459        1.0213
    650.0517        1.0189
    650.0576        1.0094
    650.0634        1.0016
    650.0693        1.0272
    650.0751        1.0557
    650.0810        1.0339
    650.0868        1.0067
    650.0927        1.0115
    650.0986        1.0204
    650.1044        1.0236
    650.1103        1.0230
    650.1161        1.0105
    650.1220        0.9985
    650.1278        0.9917
    650.1337        0.9901
    650.1395        1.0101
    650.1454        1.0371
    650.1512        1.0213
    650.1571        0.9956
    650.1630        1.0032
    650.1688        1.0108
    650.1747        1.0004
    650.1805        0.9888
    650.1864        0.9923
    650.1922        1.0031
    650.1981        1.0044
    650.2039        1.0061
    650.2098        1.0077
    650.2157        1.0086
    650.2215        1.0057
    650.2274        1.0010
    650.2332        1.0055
    650.2391        1.0139
    650.2449        1.0206
    650.2508        1.0254
    650.2566        1.0324
    650.2625        1.0378
    650.2683        1.0313
    650.2742        1.0183
    650.2801        1.0006
    650.2859        0.9764
    650.2918        0.9806
    650.2976        1.0013
    650.3035        0.9990
    650.3093        0.9869
    650.3152        1.0042
    650.3210        1.0328
    650.3269        1.0195
    650.3328        0.9838
    650.3386        0.9746
    650.3445        0.9711
    650.3503        0.9827
    650.3562        1.0111
    650.3620        1.0055
    650.3679        0.9754
    650.3737        0.9893
    650.3796        1.0302
    650.3854        1.0338
    650.3913        1.0086
    650.3972        0.9936
    650.4030        0.9859
    650.4089        0.9750
    650.4147        0.9617
    650.4206        0.9687
    650.4264        1.0022
    650.4323        1.0099
    650.4381        0.9896
    650.4440        1.0000
    650.4499        1.0406
    650.4557        1.0265
    650.4616        0.9619
    650.4674        0.9509
    650.4733        0.9731
    650.4791        0.9855
    650.4850        0.9996
    650.4908        1.0058
    650.4967        1.0007
    650.5025        0.9999
    650.5084        0.9970
    650.5143        0.9987
    650.5201        1.0078
    650.5260        1.0171
    650.5318        1.0258
    650.5377        1.0277
    650.5435        1.0209
    650.5494        1.0066
    650.5552        0.9688
    650.5611        0.9692
    650.5670        1.0245
    650.5728        1.0351
    650.5787        1.0026
    650.5845        0.9886
    650.5904        0.9893
    650.5962        0.9951
    650.6021        1.0105
    650.6079        1.0144
    650.6138        1.0077
    650.6196        1.0052
    650.6255        0.9967
    650.6314        1.0021
    650.6372        1.0312
    650.6431        1.0422
    650.6489        1.0299
    650.6548        1.0169
    650.6606        0.9996
    650.6665        0.9886
    650.6723        0.9873
    650.6782        0.9896
    650.6841        1.0024
    650.6899        1.0054
    650.6958        0.9902
    650.7016        0.9743
    650.7075        0.9548
    650.7133        0.9573
    650.7192        0.9948
    650.7250        1.0185
    650.7309        1.0209
    650.7367        1.0233
    650.7426        1.0222
    650.7485        1.0065
    650.7543        0.9797
    650.7602        0.9685
    650.7660        0.9780
    650.7719        0.9826
    650.7777        0.9746
    650.7836        0.9774
    650.7894        0.9941
    650.7953        1.0117
    650.8012        1.0351
    650.8070        1.0391
    650.8129        1.0016
    650.8187        0.9753
    650.8246        0.9863
    650.8304        0.9948
    650.8363        0.9950
    650.8421        0.9958
    650.8480        0.9998
    650.8538        0.9963
    650.8597        0.9772
    650.8656        0.9639
    650.8714        0.9632
    650.8773        0.9646
    650.8831        0.9892
    650.8890        1.0036
    650.8948        0.9783
    650.9007        0.9641
    650.9065        0.9903
    650.9124        1.0064
    650.9183        0.9896
    650.9241        0.9738
    650.9300        0.9730
    650.9358        0.9739
    650.9417        0.9714
    650.9475        0.9694
    650.9534        0.9784
    650.9592        0.9918
    650.9651        1.0117
    650.9709        1.0193
    650.9768        0.9921
    650.9827        0.9737
    650.9885        1.0118
    650.9944        1.0424
    651.0002        1.0199
    651.0061        0.9944
    651.0119        0.9791
    651.0178        0.9662
    651.0236        0.9603
    651.0295        0.9629
    651.0354        0.9850
    651.0412        0.9999
    651.0471        0.9835
    651.0529        0.9670
    651.0588        0.9661
    651.0646        0.9728
    651.0705        0.9973
    651.0763        1.0222
    651.0822        1.0177
    651.0880        1.0152
    651.0939        1.0233
    651.0998        1.0251
    651.1056        1.0167
    651.1115        1.0139
    651.1173        1.0181
    651.1232        1.0189
    651.1290        0.9995
    651.1349        0.9846
    651.1407        0.9936
    651.1466        0.9989
    651.1525        0.9997
    651.1583        0.9996
    651.1642        0.9967
    651.1700        0.9948
    651.1759        0.9813
    651.1817        0.9686
    651.1876        0.9533
    651.1934        0.9447
    651.1993        0.9631
    651.2051        0.9778
    651.2110        0.9564
    651.2169        0.9332
    651.2227        0.9417
    651.2286        0.9517
    651.2344        0.9624
    651.2403        0.9792
    651.2461        0.9898
    651.2520        1.0024
    651.2578        1.0240
    651.2637        1.0406
    651.2696        1.0123
    651.2754        0.9780
    651.2813        0.9961
    651.2871        1.0170
    651.2930        1.0144
    651.2988        1.0053
    651.3047        1.0046
    651.3105        1.0017
    651.3164        0.9956
    651.3222        0.9852
    651.3281        0.9803
    651.3340        0.9755
    651.3398        0.9789
    651.3457        0.9866
    651.3515        0.9869
    651.3574        0.9897
    651.3632        0.9953
    651.3691        1.0028
    651.3749        1.0021
    651.3808        0.9976
    651.3867        0.9886
    651.3925        0.9791
    651.3984        0.9878
    651.4042        1.0020
    651.4101        0.9672
    651.4159        0.9326
    651.4218        0.9625
    651.4276        0.9995
    651.4335        0.9926
    651.4393        0.9743
    651.4452        0.9485
    651.4511        0.9206
    651.4569        0.9123
    651.4628        0.9104
    651.4686        0.8985
    651.4745        0.8925
    651.4803        0.9375
    651.4862        0.9950
    651.4920        1.0003
    651.4979        0.9940
    651.5038        0.9879
    651.5096        0.9835
    651.5155        0.9828
    651.5213        0.9879
    651.5272        0.9936
    651.5330        1.0009
    651.5389        0.9976
    651.5447        0.9913
    651.5506        1.0046
    651.5564        1.0172
    651.5623        0.9878
    651.5682        0.9469
    651.5740        0.9570
    651.5799        0.9867
    651.5857        0.9989
    651.5916        1.0074
    651.5974        1.0020
    651.6033        0.9952
    651.6091        0.9974
    651.6150        0.9989
    651.6209        0.9603
    651.6267        0.9043
    651.6326        0.9041
    651.6384        0.9177
    651.6443        0.8875
    651.6501        0.8548
    651.6560        0.8940
    651.6618        0.9529
    651.6677        0.9857
    651.6735        1.0089
    651.6794        1.0074
    651.6853        0.9927
    651.6911        0.9600
    651.6970        0.9225
    651.7028        0.9245
    651.7087        0.9379
    651.7145        0.9545
    651.7204        0.9735
    651.7262        0.9947
    651.7321        1.0167
    651.7380        1.0077
    651.7438        0.9892
    651.7497        0.9933
    651.7555        0.9965
    651.7614        0.9813
    651.7672        0.9628
    651.7731        0.9617
    651.7789        0.9613
    651.7848        0.9635
    651.7906        0.9663
    651.7965        0.9699
    651.8024        0.9680
    651.8082        0.9823
    651.8141        0.9981
    651.8199        0.9900
    651.8258        0.9789
    651.8316        0.9761
    651.8375        0.9821
    651.8433        0.9762
    651.8492        0.9667
    651.8551        0.9458
    651.8609        0.9291
    651.8668        0.9480
    651.8726        0.9789
    651.8785        0.9818
    651.8843        0.9816
    651.8902        0.9842
    651.8960        0.9859
    651.9019        0.9821
    651.9077        0.9726
    651.9136        0.9739
    651.9195        0.9783
    651.9253        0.9666
    651.9312        0.9490
    651.9370        0.9543
    651.9429        0.9660
    651.9487        0.9527
    651.9546        0.9287
    651.9604        0.9335
    651.9663        0.9489
    651.9722        0.9674
    651.9780        0.9930
    651.9839        0.9869
    651.9897        0.9690
    651.9956        0.9794
    652.0014        0.9928
    652.0073        0.9931
    652.0131        0.9920
    652.0190        0.9826
    652.0248        0.9717
    652.0307        0.9665
    652.0366        0.9610
    652.0424        0.9642
    652.0483        0.9739
    652.0541        0.9597
    652.0600        0.9458
    652.0658        0.9694
    652.0717        1.0009
    652.0775        1.0032
    652.0834        1.0000
    652.0893        1.0195
    652.0951        1.0392
    652.1010        1.0223
    652.1068        0.9935
    652.1127        1.0060
    652.1185        1.0293
    652.1244        1.0196
    652.1302        1.0021
    652.1361        1.0015
    652.1419        1.0022
    652.1478        0.9894
    652.1537        0.9765
    652.1595        0.9774
    652.1654        0.9806
    652.1712        0.9855
    652.1771        0.9924
    652.1829        0.9926
    652.1888        0.9906
    652.1946        0.9832
    652.2005        0.9721
    652.2064        0.9689
    652.2122        0.9699
    652.2181        0.9744
    652.2239        0.9785
    652.2298        0.9952
    652.2356        1.0196
    652.2415        1.0056
    652.2473        0.9856
    652.2532        0.9771
    652.2590        0.9720
    652.2649        0.9726
    652.2708        0.9762
    652.2766        0.9753
    652.2825        0.9693
    652.2883        0.9660
    652.2942        0.9598
    652.3000        0.9658
    652.3059        0.9719
    652.3117        0.9719
    652.3176        0.9718
    652.3235        0.9661
    652.3293        0.9571
    652.3352        0.9774
    652.3410        1.0004
    652.3469        0.9716
    652.3527        0.9417
    652.3586        0.9694
    652.3644        0.9968
    652.3703        0.9723
    652.3761        0.9469
    652.3820        0.9536
    652.3879        0.9659
    652.3937        0.9772
    652.3996        0.9855
    652.4054        0.9892
    652.4113        0.9964
    652.4171        1.0212
    652.4230        1.0400
    652.4288        1.0231
    652.4347        1.0031
    652.4406        1.0014
    652.4464        1.0003
    652.4523        1.0082
    652.4581        1.0149
    652.4640        0.9902
    652.4698        0.9653
    652.4757        1.0049
    652.4815        1.0440
    652.4874        1.0287
    652.4932        1.0138
    652.4991        1.0103
    652.5050        1.0034
    652.5108        0.9911
    652.5167        0.9801
    652.5225        0.9840
    652.5284        0.9901
    652.5342        0.9994
    652.5401        1.0065
    652.5459        0.9999
    652.5518        0.9936
    652.5577        0.9910
    652.5635        0.9905
    652.5694        1.0004
    652.5752        1.0043
    652.5811        0.9992
    652.5869        0.9961
    652.5928        0.9848
    652.5986        0.9747
    652.6045        1.0019
    652.6103        1.0274
    652.6162        1.0128
    652.6221        1.0002
    652.6279        0.9896
    652.6338        0.9832
    652.6396        0.9885
    652.6455        0.9945
    652.6513        0.9953
    652.6572        0.9975
    652.6630        0.9893
    652.6689        0.9808
    652.6748        0.9771
    652.6806        0.9784
    652.6865        0.9959
    652.6923        1.0096
    652.6982        0.9970
    652.7040        0.9896
    652.7099        0.9917
    652.7157        0.9883
    652.7216        0.9812
    652.7274        0.9749
    652.7333        0.9618
    652.7392        0.9549
    652.7450        0.9775
    652.7509        0.9947
    652.7567        0.9915
    652.7626        0.9908
    652.7684        0.9934
    652.7743        0.9886
    652.7801        0.9771
    652.7860        0.9754
    652.7919        0.9969
    652.7977        1.0031
    652.8036        0.9808
    652.8094        0.9666
    652.8153        0.9615
    652.8211        0.9587
    652.8270        0.9604
    652.8328        0.9669
    652.8387        0.9786
    652.8445        0.9866
    652.8504        0.9859
    652.8563        0.9899
    652.8621        1.0027
    652.8680        1.0148
    652.8738        1.0240
    652.8797        1.0297
    652.8855        1.0311
    652.8914        1.0275
    652.8972        1.0150
    652.9031        1.0020
    652.9090        0.9926
    652.9148        0.9805
    652.9207        0.9625
    652.9265        0.9606
    652.9324        0.9834
    652.9382        0.9958
    652.9441        0.9813
    652.9499        0.9821
    652.9558        1.0201
    652.9616        1.0291
    652.9675        0.9998
    652.9734        0.9837
    652.9792        0.9794
    652.9851        0.9773
    652.9909        0.9776
    652.9968        0.9803
    653.0026        0.9825
    653.0085        0.9981
    653.0143        1.0256
    653.0202        1.0337
    653.0261        1.0258
    653.0319        1.0060
    653.0378        0.9726
    653.0436        0.9588
    653.0495        0.9717
    653.0553        0.9727
    653.0612        0.9582
    653.0670        0.9631
    653.0729        0.9928
    653.0787        0.9937
    653.0846        0.9639
    653.0905        0.9543
    653.0963        0.9574
    653.1022        0.9724
    653.1080        1.0102
    653.1139        1.0226
    653.1197        1.0128
    653.1256        1.0051
    653.1314        0.9980
    653.1373        0.9925
    653.1432        0.9872
    653.1490        0.9933
    653.1549        1.0138
    653.1607        1.0168
    653.1666        1.0073
    653.1724        1.0043
    653.1783        0.9949
    653.1841        0.9807
    653.1900        0.9675
    653.1958        0.9491
    653.2017        0.9265
    653.2076        0.9217
    653.2134        0.9279
    653.2193        0.9280
    653.2251        0.9223
    653.2310        0.9358
    653.2368        0.9622
    653.2427        0.9722
    653.2485        0.9787
    653.2544        0.9821
    653.2603        0.9799
    653.2661        0.9741
    653.2720        0.9719
    653.2778        0.9792
    653.2837        0.9904
    653.2895        1.0021
    653.2954        1.0235
    653.3012        1.0031
    653.3071        0.9627
    653.3129        0.9623
    653.3188        0.9808
    653.3247        0.9948
    653.3305        1.0137
    653.3364        1.0228
    653.3422        1.0221
    653.3481        1.0077
    653.3539        0.9852
    653.3598        0.9677
    653.3656        0.9500
    653.3715        0.9466
    653.3774        0.9551
    653.3832        0.9601
    653.3891        0.9655
    653.3949        0.9597
    653.4008        0.9454
    653.4066        0.9461
    653.4125        0.9514
    653.4183        0.9574
    653.4242        0.9609
    653.4300        0.9626
    653.4359        0.9585
    653.4418        0.9567
    653.4476        0.9603
    653.4535        0.9459
    653.4593        0.9328
    653.4652        0.9328
    653.4710        0.9322
    653.4769        0.9281
    653.4827        0.9271
    653.4886        0.9568
    653.4945        0.9886
    653.5003        0.9751
    653.5062        0.9511
    653.5120        0.9483
    653.5179        0.9509
    653.5237        0.9468
    653.5296        0.9434
    653.5354        0.9420
    653.5413        0.9441
    653.5471        0.9372
    653.5530        0.9347
    653.5589        0.9465
    653.5647        0.9549
    653.5706        0.9403
    653.5764        0.9278
    653.5823        0.9458
    653.5881        0.9640
    653.5940        0.9591
    653.5998        0.9525
    653.6057        0.9490
    653.6116        0.9476
    653.6174        0.9518
    653.6233        0.9603
    653.6291        0.9624
    653.6350        0.9592
    653.6408        0.9423
    653.6467        0.9268
    653.6525        0.9350
    653.6584        0.9508
    653.6642        0.9778
    653.6701        0.9992
    653.6760        0.9970
    653.6818        0.9950
    653.6877        0.9798
    653.6935        0.9693
    653.6994        0.9829
    653.7052        0.9917
    653.7111        0.9931
    653.7169        0.9936
    653.7228        0.9932
    653.7287        0.9977
    653.7345        1.0070
    653.7404        1.0130
    653.7462        1.0108
    653.7521        1.0098
    653.7579        1.0075
    653.7638        1.0043
    653.7696        1.0059
    653.7755        0.9989
    653.7813        0.9701
    653.7872        0.9543
    653.7931        0.9643
    653.7989        0.9734
    653.8048        0.9803
    653.8106        0.9894
    653.8165        0.9995
    653.8223        1.0023
    653.8282        0.9923
    653.8340        0.9966
    653.8399        1.0310
    653.8458        1.0241
    653.8516        0.9578
    653.8575        0.9370
    653.8633        0.9662
    653.8692        0.9808
    653.8750        0.9850
    653.8809        0.9810
    653.8867        0.9689
    653.8926        0.9627
    653.8984        0.9571
    653.9043        0.9614
    653.9102        0.9784
    653.9160        0.9849
    653.9219        0.9812
    653.9277        0.9734
    653.9336        0.9623
    653.9394        0.9550
    653.9453        0.9490
    653.9511        0.9629
    653.9570        0.9916
    653.9629        1.0044
    653.9687        1.0046
    653.9746        1.0077
    653.9804        1.0104
    653.9863        1.0071
    653.9921        1.0024
    653.9980        0.9969
    654.0038        0.9944
    654.0097        0.9893
    654.0155        0.9819
    654.0214        0.9684
    654.0273        0.9531
    654.0331        0.9623
    654.0390        0.9854
    654.0448        0.9983
    654.0507        1.0087
    654.0565        0.9990
    654.0624        0.9748
    654.0682        0.9914
    654.0741        1.0226
    654.0800        1.0206
    654.0858        1.0032
    654.0917        1.0186
    654.0975        1.0422
    654.1034        1.0173
    654.1092        0.9796
    654.1151        0.9986
    654.1209        1.0261
    654.1268        1.0288
    654.1326        1.0313
    654.1385        1.0159
    654.1444        0.9931
    654.1502        0.9752
    654.1561        0.9589
    654.1619        0.9759
    654.1678        0.9983
    654.1736        1.0042
    654.1795        1.0076
    654.1853        1.0152
    654.1912        1.0184
    654.1971        1.0021
    654.2029        0.9823
    654.2088        0.9769
    654.2146        0.9723
    654.2205        0.9705
    654.2263        0.9723
    654.2322        0.9810
    654.2380        0.9962
    654.2439        1.0125
    654.2497        1.0245
    654.2556        1.0157
    654.2615        1.0069
    654.2673        1.0134
    654.2732        1.0203
    654.2790        1.0222
    654.2849        1.0199
    654.2907        1.0087
    654.2966        1.0014
    654.3024        0.9978
    654.3083        0.9865
    654.3142        0.9526
    654.3200        0.9347
    654.3259        0.9432
    654.3317        0.9615
    654.3376        1.0070
    654.3434        1.0294
    654.3493        1.0009
    654.3551        0.9732
    654.3610        0.9634
    654.3668        0.9376
    654.3727        0.8846
    654.3786        0.8648
    654.3844        0.8921
    654.3903        0.9189
    654.3961        0.9552
    654.4020        0.9746
    654.4078        0.9604
    654.4137        0.9601
    654.4195        0.9722
    654.4254        0.9735
    654.4313        0.9737
    654.4371        0.9794
    654.4430        0.9889
    654.4488        0.9962
    654.4547        0.9958
    654.4605        0.9966
    654.4664        1.0012
    654.4722        0.9936
    654.4781        0.9744
    654.4839        0.9688
    654.4898        0.9733
    654.4957        0.9691
    654.5015        0.9556
    654.5074        0.9554
    654.5132        0.9625
    654.5191        0.9564
    654.5249        0.9378
    654.5308        0.9444
    654.5366        0.9676
    654.5425        0.9645
    654.5484        0.9495
    654.5542        0.9361
    654.5601        0.9210
    654.5659        0.9306
    654.5718        0.9552
    654.5776        0.9616
    654.5835        0.9640
    654.5893        0.9595
    654.5952        0.9548
    654.6010        0.9601
    654.6069        0.9713
    654.6128        0.9611
    654.6186        0.9393
    654.6245        0.9397
    654.6303        0.9414
    654.6362        0.9457
    654.6420        0.9484
    654.6479        0.9461
    654.6537        0.9411
    654.6596        0.9402
    654.6655        0.9394
    654.6713        0.9459
    654.6772        0.9577
    654.6830        0.9620
    654.6889        0.9673
    654.6947        0.9697
    654.7006        0.9696
    654.7064        0.9595
    654.7123        0.9527
    654.7181        0.9701
    654.7240        0.9817
    654.7299        0.9658
    654.7357        0.9457
    654.7416        0.9439
    654.7474        0.9378
    654.7533        0.9253
    654.7591        0.9203
    654.7650        0.9260
    654.7708        0.9364
    654.7767        0.9613
    654.7826        0.9791
    654.7884        0.9731
    654.7943        0.9617
    654.8001        0.9587
    654.8060        0.9578
    654.8118        0.9568
    654.8177        0.9582
    654.8235        0.9726
    654.8294        0.9695
    654.8352        0.9385
    654.8411        0.9107
    654.8470        0.8860
    654.8528        0.8766
    654.8587        0.8913
    654.8645        0.9110
    654.8704        0.9409
    654.8762        0.9627
    654.8821        0.9753
    654.8879        0.9688
    654.8938        0.9354
    654.8997        0.9283
    654.9055        0.9507
    654.9114        0.9689
    654.9172        0.9871
    654.9231        0.9880
    654.9289        0.9644
    654.9348        0.9557
    654.9406        0.9616
    654.9465        0.9658
    654.9523        0.9727
    654.9582        0.9848
    654.9641        0.9955
    654.9699        0.9786
    654.9758        0.9519
    654.9816        0.9294
    654.9875        0.9090
    654.9933        0.9225
    654.9992        0.9614
    655.0050        0.9661
    655.0109        0.9532
    655.0168        0.9542
    655.0226        0.9559
    655.0285        0.9537
    655.0343        0.9491
    655.0402        0.9541
    655.0460        0.9654
    655.0519        0.9626
    655.0577        0.9633
    655.0636        0.9492
    655.0694        0.9321
    655.0753        0.9277
    655.0812        0.9313
    655.0870        0.9584
    655.0929        0.9955
    655.0987        0.9882
    655.1046        0.9739
    655.1104        0.9673
    655.1163        0.9676
    655.1221        0.9667
    655.1280        0.9676
    655.1339        0.9866
    655.1397        0.9986
    655.1456        0.9775
    655.1514        0.9566
    655.1573        0.9554
    655.1631        0.9544
    655.1690        0.9664
    655.1748        0.9717
    655.1807        0.9317
    655.1865        0.9104
    655.1924        0.9432
    655.1983        0.9669
    655.2041        0.9609
    655.2100        0.9458
    655.2158        0.9134
    655.2217        0.8936
    655.2275        0.9085
    655.2334        0.9140
    655.2392        0.8898
    655.2451        0.8707
    655.2510        0.8616
    655.2568        0.8630
    655.2627        0.8823
    655.2685        0.8959
    655.2744        0.9021
    655.2802        0.9112
    655.2861        0.9275
    655.2919        0.9360
    655.2978        0.9275
    655.3036        0.9360
    655.3095        0.9634
    655.3154        0.9651
    655.3212        0.9448
    655.3271        0.9457
    655.3329        0.9628
    655.3388        0.9657
    655.3446        0.9516
    655.3505        0.9484
    655.3563        0.9529
    655.3622        0.9510
    655.3681        0.9428
    655.3739        0.9357
    655.3798        0.9330
    655.3856        0.9342
    655.3915        0.9367
    655.3973        0.9429
    655.4032        0.9547
    655.4090        0.9619
    655.4149        0.9682
    655.4207        0.9684
    655.4266        0.9661
    655.4325        0.9704
    655.4383        0.9828
    655.4442        0.9891
    655.4500        0.9905
    655.4559        0.9928
    655.4617        0.9973
    655.4676        0.9808
    655.4734        0.9555
    655.4793        0.9942
    655.4852        1.0387
    655.4910        1.0261
    655.4969        1.0064
    655.5027        1.0086
    655.5086        1.0080
    655.5144        1.0141
    655.5203        1.0182
    655.5261        1.0127
    655.5320        1.0050
    655.5378        1.0015
    655.5437        0.9972
    655.5496        0.9870
    655.5554        0.9798
    655.5613        0.9817
    655.5671        0.9869
    655.5730        1.0049
    655.5788        1.0207
    655.5847        1.0127
    655.5905        1.0076
    655.5964        1.0080
    655.6023        1.0198
    655.6081        1.0536
    655.6140        1.0675
    655.6198        1.0534
    655.6257        1.0503
    655.6315        1.0656
    655.6374        1.0678
    655.6432        1.0541
    655.6491        1.0433
    655.6549        1.0272
    655.6608        1.0312
    655.6667        1.0565
    655.6725        1.0675
    655.6784        1.0698
    655.6842        1.0694
    655.6901        1.0594
    655.6959        1.0453
    655.7018        1.0283
    655.7076        1.0288
    655.7135        1.0496
    655.7194        1.0788
    655.7252        1.1189
    655.7311        1.1520
    655.7369        1.1801
    655.7428        1.1654
    655.7486        1.1219
    655.7545        1.1312
    655.7603        1.1553
    655.7662        1.1609
    655.7720        1.1616
    655.7779        1.1685
    655.7838        1.1739
    655.7896        1.1815
    655.7955        1.1954
    655.8013        1.2026
    655.8072        1.2070
    655.8130        1.2208
    655.8189        1.2396
    655.8247        1.2521
    655.8306        1.2610
    655.8365        1.2858
    655.8423        1.3049
    655.8482        1.2937
    655.8540        1.2819
    655.8599        1.3011
    655.8657        1.3229
    655.8716        1.3590
    655.8774        1.3852
    655.8833        1.3593
    655.8891        1.3467
    655.8950        1.3752
    655.9009        1.3946
    655.9067        1.3878
    655.9126        1.3949
    655.9184        1.4272
    655.9243        1.4559
    655.9301        1.4833
    655.9360        1.5007
    655.9418        1.4929
    655.9477        1.4926
    655.9536        1.5134
    655.9594        1.5158
    655.9653        1.4986
    655.9711        1.4857
    655.9770        1.4718
    655.9828        1.4723
    655.9887        1.4962
    655.9945        1.5156
    656.0004        1.5305
    656.0062        1.5478
    656.0121        1.5740
    656.0180        1.5749
    656.0238        1.5502
    656.0297        1.5440
    656.0355        1.5520
    656.0414        1.5433
    656.0472        1.5304
    656.0531        1.5379
    656.0589        1.5478
    656.0648        1.5651
    656.0707        1.5823
    656.0765        1.5737
    656.0824        1.5583
    656.0882        1.5333
    656.0941        1.5039
    656.0999        1.4844
    656.1058        1.4690
    656.1116        1.4659
    656.1175        1.4690
    656.1233        1.4699
    656.1292        1.4669
    656.1351        1.4537
    656.1409        1.4340
    656.1468        1.4106
    656.1526        1.3959
    656.1585        1.4115
    656.1643        1.4184
    656.1702        1.3928
    656.1760        1.3665
    656.1819        1.3493
    656.1878        1.3338
    656.1936        1.3417
    656.1995        1.3458
    656.2053        1.3112
    656.2112        1.2940
    656.2170        1.3160
    656.2229        1.3315
    656.2287        1.3339
    656.2346        1.3263
    656.2404        1.3008
    656.2463        1.2765
    656.2522        1.2554
    656.2580        1.2488
    656.2639        1.2717
    656.2697        1.2701
    656.2756        1.2371
    656.2814        1.2292
    656.2873        1.2444
    656.2931        1.2413
    656.2990        1.2195
    656.3049        1.2199
    656.3107        1.2446
    656.3166        1.2442
    656.3224        1.2230
    656.3283        1.2167
    656.3341        1.2213
    656.3400        1.2291
    656.3458        1.2372
    656.3517        1.2373
    656.3575        1.2337
    656.3634        1.2493
    656.3693        1.2698
    656.3751        1.2576
    656.3810        1.2317
    656.3868        1.2077
    656.3927        1.1826
    656.3985        1.2011
    656.4044        1.2317
    656.4102        1.2405
    656.4161        1.2489
    656.4220        1.2666
    656.4278        1.2825
    656.4337        1.2977
    656.4395        1.3125
    656.4454        1.3097
    656.4512        1.3023
    656.4571        1.3009
    656.4629        1.2974
    656.4688        1.2984
    656.4746        1.3014
    656.4805        1.3075
    656.4864        1.3137
    656.4922        1.3128
    656.4981        1.3172
    656.5039        1.3482
    656.5098        1.3689
    656.5156        1.3608
    656.5215        1.3673
    656.5273        1.4068
    656.5332        1.4213
    656.5391        1.3909
    656.5449        1.3873
    656.5508        1.4171
    656.5566        1.4340
    656.5625        1.4382
    656.5683        1.4499
    656.5742        1.4759
    656.5800        1.4857
    656.5859        1.4836
    656.5917        1.4936
    656.5976        1.5102
    656.6035        1.5288
    656.6093        1.5571
    656.6152        1.5624
    656.6210        1.5447
    656.6269        1.5635
    656.6327        1.6104
    656.6386        1.6060
    656.6444        1.5779
    656.6503        1.5712
    656.6562        1.5713
    656.6620        1.5799
    656.6679        1.5875
    656.6737        1.5902
    656.6796        1.5890
    656.6854        1.5695
    656.6913        1.5509
    656.6971        1.5433
    656.7030        1.5395
    656.7088        1.5434
    656.7147        1.5511
    656.7206        1.5445
    656.7264        1.5334
    656.7323        1.5319
    656.7381        1.5245
    656.7440        1.4945
    656.7498        1.4722
    656.7557        1.4677
    656.7615        1.4688
    656.7674        1.4789
    656.7733        1.4854
    656.7791        1.4728
    656.7850        1.4556
    656.7908        1.4219
    656.7967        1.4029
    656.8025        1.4094
    656.8084        1.4107
    656.8142        1.4076
    656.8201        1.3981
    656.8259        1.3697
    656.8318        1.3497
    656.8377        1.3446
    656.8435        1.3289
    656.8494        1.3028
    656.8552        1.2819
    656.8611        1.2675
    656.8669        1.2525
    656.8728        1.2393
    656.8786        1.2384
    656.8845        1.2457
    656.8904        1.2477
    656.8962        1.2444
    656.9021        1.2291
    656.9079        1.2103
    656.9138        1.1942
    656.9196        1.1820
    656.9255        1.1658
    656.9313        1.1555
    656.9372        1.1473
    656.9430        1.1476
    656.9489        1.1391
    656.9548        1.1335
    656.9606        1.1508
    656.9665        1.1655
    656.9723        1.1459
    656.9782        1.1208
    656.9840        1.0983
    656.9899        1.0854
    656.9957        1.1056
    657.0016        1.1197
    657.0075        1.0855
    657.0133        1.0621
    657.0192        1.0883
    657.0250        1.1045
    657.0309        1.0994
    657.0367        1.0924
    657.0426        1.0781
    657.0484        1.0585
    657.0543        1.0374
    657.0601        1.0165
    657.0660        0.9970
    657.0719        0.9982
    657.0777        1.0361
    657.0836        1.0366
    657.0894        0.9893
    657.0953        0.9832
    657.1011        1.0124
    657.1070        1.0194
    657.1128        1.0122
    657.1187        1.0116
    657.1246        1.0197
    657.1304        1.0098
    657.1363        0.9881
    657.1421        0.9922
    657.1480        1.0020
    657.1538        1.0004
    657.1597        0.9932
    657.1655        0.9775
    657.1714        0.9505
    657.1772        0.9276
    657.1831        0.9096
    657.1890        0.9017
    657.1948        0.9073
    657.2007        0.9060
    657.2065        0.9109
    657.2124        0.9237
    657.2182        0.9385
    657.2241        0.9578
    657.2299        0.9757
    657.2358        0.9799
    657.2417        0.9764
    657.2475        0.9717
    657.2534        0.9672
    657.2592        0.9728
    657.2651        0.9742
    657.2709        0.9564
    657.2768        0.9521
    657.2826        0.9700
    657.2885        0.9815
    657.2943        0.9764
    657.3002        0.9613
    657.3061        0.9408
    657.3119        0.9377
    657.3178        0.9583
    657.3236        0.9631
    657.3295        0.9516
    657.3353        0.9464
    657.3412        0.9394
    657.3470        0.9373
    657.3529        0.9405
    657.3588        0.9485
    657.3646        0.9621
    657.3705        0.9603
    657.3763        0.9460
    657.3822        0.9475
    657.3880        0.9559
    657.3939        0.9797
    657.3997        1.0144
    657.4056        0.9936
    657.4114        0.9553
    657.4173        0.9554
    657.4232        0.9621
    657.4290        0.9667
    657.4349        0.9734
    657.4407        0.9613
    657.4466        0.9429
    657.4524        0.9207
    657.4583        0.8992
    657.4641        0.8984
    657.4700        0.8966
    657.4759        0.8825
    657.4817        0.8856
    657.4876        0.9238
    657.4934        0.9554
    657.4993        0.9610
    657.5051        0.9664
    657.5110        0.9723
    657.5168        0.9778
    657.5227        0.9842
    657.5285        0.9851
    657.5344        0.9867
    657.5403        0.9829
    657.5461        0.9684
    657.5520        0.9694
    657.5578        0.9881
    657.5637        0.9888
    657.5695        0.9809
    657.5754        0.9700
    657.5812        0.9569
    657.5871        0.9481
    657.5930        0.9408
    657.5988        0.9376
    657.6047        0.9370
    657.6105        0.9407
    657.6164        0.9441
    657.6222        0.9460
    657.6281        0.9480
    657.6339        0.9451
    657.6398        0.9393
    657.6456        0.9543
    657.6515        0.9740
    657.6574        0.9623
    657.6632        0.9424
    657.6691        0.9456
    657.6749        0.9513
    657.6808        0.9566
    657.6866        0.9663
    657.6925        0.9492
    657.6983        0.9404
    657.7042        0.9834
    657.7101        1.0034
    657.7159        0.9516
    657.7218        0.9193
    657.7276        0.9399
    657.7335        0.9532
    657.7393        0.9626
    657.7452        0.9651
    657.7510        0.9515
    657.7569        0.9474
    657.7627        0.9611
    657.7686        0.9672
    657.7745        0.9612
    657.7803        0.9617
    657.7862        0.9703
    657.7920        0.9807
    657.7979        0.9923
    657.8037        0.9980
    657.8096        0.9962
    657.8154        0.9905
    657.8213        0.9805
    657.8272        0.9630
    657.8330        0.9398
    657.8389        0.9413
    657.8447        0.9511
    657.8506        0.9664
    657.8564        0.9854
    657.8623        0.9869
    657.8681        0.9804
    657.8740        0.9833
    657.8798        0.9882
    657.8857        0.9857
    657.8916        0.9789
    657.8974        0.9521
    657.9033        0.9285
    657.9091        0.9432
    657.9150        0.9602
    657.9208        0.9372
    657.9267        0.9278
    657.9325        0.9472
    657.9384        0.9644
    657.9443        0.9836
    657.9501        1.0023
    657.9560        1.0090
    657.9618        1.0041
    657.9677        0.9808
    657.9735        0.9679
    657.9794        0.9760
    657.9852        0.9687
    657.9911        0.9411
    657.9969        0.9349
    658.0028        0.9497
    658.0087        0.9704
    658.0145        1.0030
    658.0204        1.0027
    658.0262        0.9892
    658.0321        0.9868
    658.0379        0.9840
    658.0438        0.9815
    658.0496        0.9849
    658.0555        0.9697
    658.0614        0.9444
    658.0672        0.9701
    658.0731        1.0097
    658.0789        1.0061
    658.0848        1.0003
    658.0906        1.0193
    658.0965        1.0276
    658.1023        1.0041
    658.1082        0.9809
    658.1140        0.9680
    658.1199        0.9626
    658.1258        0.9831
    658.1316        0.9936
    658.1375        0.9658
    658.1433        0.9452
    658.1492        0.9390
    658.1550        0.9419
    658.1609        0.9677
    658.1667        0.9820
    658.1726        0.9750
    658.1785        0.9801
    658.1843        0.9986
    658.1902        1.0031
    658.1960        0.9830
    658.2019        0.9777
    658.2077        0.9870
    658.2136        0.9880
    658.2194        0.9815
    658.2253        0.9846
    658.2311        0.9921
    658.2370        0.9928
    658.2429        0.9916
    658.2487        0.9771
    658.2546        0.9592
    658.2604        0.9644
    658.2663        0.9767
    658.2721        0.9912
    658.2780        1.0066
    658.2838        0.9975
    658.2897        0.9868
    658.2956        0.9884
    658.3014        0.9938
    658.3073        0.9870
    658.3131        0.9805
    658.3190        0.9675
    658.3248        0.9561
    658.3307        0.9700
    658.3365        0.9825
    658.3424        0.9806
    658.3482        0.9801
    658.3541        0.9867
    658.3600        0.9964
    658.3658        1.0173
    658.3717        1.0233
    658.3775        1.0015
    658.3834        0.9892
    658.3892        0.9849
    658.3951        0.9839
    658.4009        0.9912
    658.4068        0.9893
    658.4127        0.9811
    658.4185        0.9861
    658.4244        1.0065
    658.4302        0.9954
    658.4361        0.9772
    658.4419        0.9746
    658.4478        0.9746
    658.4536        0.9731
    658.4595        0.9767
    658.4653        0.9807
    658.4712        0.9873
    658.4771        1.0012
    658.4829        1.0114
    658.4888        0.9869
    658.4946        0.9626
    658.5005        0.9704
    658.5063        0.9792
    658.5122        0.9752
    658.5180        0.9735
    658.5239        0.9825
    658.5298        0.9887
    658.5356        0.9876
    658.5415        0.9889
    658.5473        0.9865
    658.5532        0.9875
    658.5590        1.0031
    658.5649        1.0043
    658.5707        0.9866
    658.5766        0.9821
    658.5824        0.9864
    658.5883        0.9886
    658.5942        0.9886
    658.6000        0.9884
    658.6059        0.9832
    658.6117        0.9884
    658.6176        1.0060
    658.6234        0.9884
    658.6293        0.9551
    658.6351        0.9564
    658.6410        0.9699
    658.6469        0.9681
    658.6527        0.9633
    658.6586        0.9811
    658.6644        1.0078
    658.6703        1.0078
    658.6761        1.0063
    658.6820        1.0037
    658.6878        0.9995
    658.6937        1.0129
    658.6995        1.0207
    658.7054        1.0110
    658.7113        1.0022
    658.7171        1.0087
    658.7230        1.0095
    658.7288        0.9841
    658.7347        0.9771
    658.7405        1.0089
    658.7464        1.0201
    658.7522        1.0036
    658.7581        1.0005
    658.7640        1.0041
    658.7698        1.0025
    658.7757        0.9956
    658.7815        1.0037
    658.7874        1.0235
    658.7932        1.0249
    658.7991        1.0162
    658.8049        1.0040
    658.8108        0.9826
    658.8166        0.9748
    658.8225        0.9725
    658.8284        0.9915
    658.8342        1.0190
    658.8401        1.0008
    658.8459        0.9700
    658.8518        0.9765
    658.8576        0.9888
    658.8635        0.9853
    658.8693        0.9816
    658.8752        0.9778
    658.8811        0.9776
    658.8869        0.9823
    658.8928        0.9881
    658.8986        0.9975
    658.9045        1.0031
    658.9103        0.9801
    658.9162        0.9644
    658.9220        0.9728
    658.9279        0.9807
    658.9337        0.9877
    658.9396        0.9877
    658.9455        0.9738
    658.9513        0.9584
    658.9572        0.9486
    658.9630        0.9489
    658.9689        0.9486
    658.9747        0.9620
    658.9806        0.9856
    658.9864        0.9782
    658.9923        0.9499
    658.9982        0.9488
    659.0040        0.9595
    659.0099        0.9675
    659.0157        0.9765
    659.0216        0.9808
    659.0274        0.9830
    659.0333        0.9942
    659.0391        1.0063
    659.0450        0.9947
    659.0508        0.9833
    659.0567        0.9994
    659.0626        1.0073
    659.0684        0.9850
    659.0743        0.9698
    659.0801        0.9938
    659.0860        0.9988
    659.0918        0.9534
    659.0977        0.9324
    659.1035        0.9472
    659.1094        0.9571
    659.1153        0.9696
    659.1211        0.9726
    659.1270        0.9510
    659.1328        0.9631
    659.1387        1.0129
    659.1445        1.0255
    659.1504        1.0170
    659.1562        1.0024
    659.1621        0.9807
    659.1679        0.9756
    659.1738        0.9800
    659.1797        0.9825
    659.1855        0.9886
    659.1914        0.9782
    659.1972        0.9675
    659.2031        0.9751
    659.2089        0.9892
    659.2148        1.0081
    659.2206        1.0246
    659.2265        1.0208
    659.2324        1.0128
    659.2382        1.0199
    659.2441        1.0186
    659.2499        0.9876
    659.2558        0.9733
    659.2616        1.0204
    659.2675        1.0486
    659.2733        1.0325
    659.2792        1.0063
    659.2850        0.9670
    659.2909        0.9513
    659.2968        0.9678
    659.3026        0.9715
    659.3085        0.9662
    659.3143        0.9726
    659.3202        0.9846
    659.3260        1.0009
    659.3319        1.0178
    659.3377        1.0091
    659.3436        0.9962
    659.3495        0.9753
    659.3553        0.9478
    659.3612        0.9622
    659.3670        0.9930
    659.3729        0.9881
    659.3787        0.9823
    659.3846        0.9976
    659.3904        1.0124
    659.3963        1.0074
    659.4021        0.9975
    659.4080        0.9733
    659.4139        0.9617
    659.4197        0.9910
    659.4256        1.0117
    659.4314        0.9948
    659.4373        0.9805
    659.4431        0.9733
    659.4490        0.9654
    659.4548        0.9620
    659.4607        0.9655
    659.4666        0.9837
    659.4724        0.9933
    659.4783        0.9899
    659.4841        0.9874
    659.4900        0.9895
    659.4958        0.9847
    659.5017        0.9773
    659.5075        0.9673
    659.5134        0.9589
    659.5192        0.9743
    659.5251        0.9946
    659.5310        1.0018
    659.5368        0.9968
    659.5427        1.0105
    659.5485        1.0221
    659.5544        0.9889
    659.5602        0.9557
    659.5661        0.9631
    659.5719        0.9739
    659.5778        0.9760
    659.5837        0.9846
    659.5895        1.0081
    659.5954        1.0180
    659.6012        1.0012
    659.6071        0.9929
    659.6129        0.9996
    659.6188        0.9975
    659.6246        0.9879
    659.6305        0.9820
    659.6363        0.9777
    659.6422        0.9858
    659.6481        1.0108
    659.6539        1.0141
    659.6598        0.9961
    659.6656        0.9835
    659.6715        0.9690
    659.6773        0.9782
    659.6832        0.9998
    659.6890        0.9946
    659.6949        0.9855
    659.7008        0.9918
    659.7066        0.9990
    659.7125        0.9991
    659.7183        1.0019
    659.7242        1.0079
    659.7300        1.0083
    659.7359        0.9712
    659.7417        0.9486
    659.7476        0.9754
    659.7534        0.9945
    659.7593        0.9898
    659.7652        0.9869
    659.7710        0.9812
    659.7769        0.9780
    659.7827        0.9844
    659.7886        0.9860
    659.7944        0.9841
    659.8003        0.9907
    659.8061        1.0012
    659.8120        1.0122
    659.8179        1.0246
    659.8237        1.0191
    659.8296        1.0025
    659.8354        1.0048
    659.8413        1.0121
    659.8471        0.9751
    659.8530        0.9323
    659.8588        0.9468
    659.8647        0.9733
    659.8705        0.9788
    659.8764        0.9816
    659.8823        0.9907
    659.8881        1.0015
    659.8940        1.0242
    659.8998        1.0315
    659.9057        0.9912
    659.9115        0.9624
    659.9174        0.9806
    659.9232        0.9918
    659.9291        0.9871
    659.9350        0.9907
    659.9408        1.0097
    659.9467        1.0122
    659.9525        0.9888
    659.9584        0.9846
    659.9642        0.9935
    659.9701        0.9957
    659.9759        0.9968
    659.9818        0.9950
    659.9876        0.9951
    659.9935        0.9941
    659.9994        0.9930
    660.0052        0.9996
    660.0111        1.0063
    660.0169        1.0151
    660.0228        1.0204
    660.0286        0.9936
    660.0345        0.9674
    660.0403        0.9873
    660.0462        1.0078
    660.0521        1.0094
    660.0579        1.0101
    660.0638        1.0018
    660.0696        0.9989
    660.0755        1.0024
    660.0813        0.9990
    660.0872        0.9908
    660.0930        0.9831
    660.0989        0.9691
    660.1047        0.9594
    660.1106        0.9570
    660.1165        0.9656
    660.1223        0.9871
    660.1282        0.9841
    660.1340        0.9605
    660.1399        0.9674
    660.1457        0.9915
    660.1516        0.9879
    660.1574        0.9781
    660.1633        0.9768
    660.1692        0.9745
    660.1750        0.9989
    660.1809        1.0206
    660.1867        1.0018
    660.1926        0.9833
    660.1984        0.9855
    660.2043        0.9889
    660.2101        0.9974
    660.2160        1.0060
    660.2218        0.9953
    660.2277        0.9987
    660.2336        1.0331
    660.2394        1.0400
    660.2453        1.0145
    660.2511        0.9994
    660.2570        0.9915
    660.2628        1.0026
    660.2687        1.0340
    660.2745        1.0354
    660.2804        1.0085
    660.2863        1.0027
    660.2921        1.0033
    660.2980        1.0072
    660.3038        1.0137
    660.3097        1.0107
    660.3155        1.0051
    660.3214        0.9989
    660.3272        0.9892
    660.3331        0.9843
    660.3389        0.9835
    660.3448        0.9923
    660.3507        1.0007
    660.3565        1.0089
    660.3624        1.0124
    660.3682        0.9951
    660.3741        0.9806
    660.3799        0.9803
    660.3858        0.9825
    660.3916        0.9802
    660.3975        0.9881
    660.4034        1.0127
    660.4092        1.0204
    660.4151        1.0112
    660.4209        1.0181
    660.4268        1.0493
    660.4326        1.0328
    660.4385        0.9837
    660.4443        0.9946
    660.4502        1.0309
    660.4560        1.0291
    660.4619        1.0190
    660.4678        1.0218
    660.4736        1.0222
    660.4795        1.0041
    660.4853        0.9877
    660.4912        0.9934
    660.4970        0.9994
    660.5029        1.0101
    660.5087        1.0143
    660.5146        1.0057
    660.5205        0.9958
    660.5263        0.9777
    660.5322        0.9696
    660.5380        0.9847
    660.5439        0.9937
    660.5497        0.9952
    660.5556        0.9973
    660.5614        1.0013
    660.5673        1.0021
    660.5731        0.9987
    660.5790        1.0095
    660.5849        1.0260
    660.5907        1.0183
    660.5966        1.0007
    660.6024        0.9937
    660.6083        0.9909
    660.6141        0.9904
    660.6200        0.9910
    660.6258        0.9934
    660.6317        0.9969
    660.6376        1.0064
    660.6434        1.0141
    660.6493        1.0046
    660.6551        0.9965
    660.6610        0.9955
    660.6668        0.9976
    660.6727        1.0128
    660.6785        1.0206
    660.6844        1.0106
    660.6902        1.0074
    660.6961        1.0128
    660.7020        1.0098
    660.7078        1.0028
    660.7137        0.9998
    660.7195        0.9942
    660.7254        0.9931
    660.7312        0.9959
    660.7371        0.9796
    660.7429        0.9542
    660.7488        0.9717
    660.7547        0.9990
    660.7605        1.0011
    660.7664        0.9989
    660.7722        1.0170
    660.7781        1.0358
    660.7839        1.0214
    660.7898        1.0090
    660.7956        1.0177
    660.8015        1.0153
    660.8073        0.9904
    660.8132        0.9819
    660.8191        1.0064
    660.8249        1.0129
    660.8308        0.9900
    660.8366        0.9812
    660.8425        0.9817
    660.8483        0.9720
    660.8542        0.9560
    660.8600        0.9516
    660.8659        0.9478
    660.8718        0.9535
    660.8776        0.9638
    660.8835        0.9747
    660.8893        0.9867
    660.8952        0.9604
    660.9010        0.9294
    660.9069        0.9490
    660.9127        0.9722
    660.9186        0.9685
    660.9244        0.9633
    660.9303        0.9770
    660.9362        0.9839
    660.9420        0.9713
    660.9479        0.9621
    660.9537        0.9718
    660.9596        0.9840
    660.9654        0.9962
    660.9713        1.0028
    660.9771        1.0040
    660.9830        1.0099
    660.9889        1.0183
    660.9947        1.0146
    661.0006        1.0020
    661.0064        0.9964
    661.0123        0.9932
    661.0181        0.9856
    661.0240        0.9750
    661.0298        0.9852
    661.0357        1.0019
    661.0415        0.9724
    661.0474        0.9402
    661.0533        0.9671
    661.0591        0.9947
    661.0650        0.9771
    661.0708        0.9779
    661.0767        1.0084
    661.0825        1.0197
    661.0884        0.9953
    661.0942        0.9743
    661.1001        0.9562
    661.1060        0.9597
    661.1118        0.9864
    661.1177        0.9989
    661.1235        1.0076
    661.1294        1.0087
    661.1352        0.9899
    661.1411        0.9961
    661.1469        1.0169
    661.1528        1.0087
    661.1586        0.9912
    661.1645        0.9832
    661.1704        0.9752
    661.1762        0.9907
    661.1821        1.0086
    661.1879        1.0016
    661.1938        0.9934
    661.1996        0.9773
    661.2055        0.9688
    661.2113        0.9875
    661.2172        1.0014
    661.2231        0.9908
    661.2289        0.9852
    661.2348        0.9894
    661.2406        0.9907
    661.2465        0.9866
    661.2523        0.9864
    661.2582        0.9885
    661.2640        0.9964
    661.2699        1.0060
    661.2757        1.0028
    661.2816        0.9884
    661.2875        0.9732
    661.2933        0.9601
    661.2992        0.9653
    661.3050        0.9736
    661.3109        0.9656
    661.3167        0.9647
    661.3226        0.9867
    661.3284        1.0052
    661.3343        1.0018
    661.3402        0.9928
    661.3460        0.9640
    661.3519        0.9522
    661.3577        0.9840
    661.3636        1.0025
    661.3694        0.9974
    661.3753        1.0017
    661.3811        1.0133
    661.3870        1.0168
    661.3928        1.0132
    661.3987        0.9952
    661.4046        0.9663
    661.4104        0.9716
    661.4163        0.9981
    661.4221        0.9827
    661.4280        0.9550
    661.4338        0.9545
    661.4397        0.9562
    661.4455        0.9755
    661.4514        0.9912
    661.4573        0.9560
    661.4631        0.9304
    661.4690        0.9599
    661.4748        0.9842
    661.4807        0.9934
    661.4865        0.9984
    661.4924        0.9977
    661.4982        1.0028
    661.5041        1.0032
    661.5099        1.0096
    661.5158        1.0301
    661.5217        1.0272
    661.5275        1.0064
    661.5334        0.9996
    661.5392        0.9982
    661.5451        0.9993
    661.5509        1.0094
    661.5568        1.0122
    661.5626        1.0121
    661.5685        0.9985
    661.5744        0.9771
    661.5802        0.9667
    661.5861        0.9631
    661.5919        0.9741
    661.5978        0.9850
    661.6036        0.9908
    661.6095        0.9936
    661.6153        0.9919
    661.6212        0.9898
    661.6270        0.9952
    661.6329        0.9950
    661.6388        0.9862
    661.6446        0.9917
    661.6505        0.9994
    661.6563        1.0081
    661.6622        1.0227
    661.6680        1.0184
    661.6739        0.9938
    661.6797        0.9854
    661.6856        0.9869
    661.6915        1.0016
    661.6973        1.0145
    661.7032        1.0105
    661.7090        0.9976
    661.7149        0.9737
    661.7207        0.9597
    661.7266        0.9905
    661.7324        1.0103
    661.7383        1.0077
    661.7441        1.0049
    661.7500        0.9920
    661.7559        0.9780
    661.7617        0.9709
    661.7676        0.9684
    661.7734        0.9690
    661.7793        0.9831
    661.7851        1.0120
    661.7910        1.0201
    661.7968        1.0133
    661.8027        1.0013
    661.8086        0.9797
    661.8144        1.0145
    661.8203        1.0603
    661.8261        1.0275
    661.8320        0.9909
    661.8378        1.0035
    661.8437        1.0163
    661.8495        1.0141
    661.8554        1.0121
    661.8612        1.0072
    661.8671        1.0077
    661.8730        1.0311
    661.8788        1.0325
    661.8847        0.9957
    661.8905        0.9831
    661.8964        1.0025
    661.9022        1.0044
    661.9081        0.9927
    661.9139        1.0042
    661.9198        1.0293
    661.9257        1.0286
    661.9315        1.0150
    661.9374        1.0261
    661.9432        1.0341
    661.9491        1.0255
    661.9549        1.0112
    661.9608        1.0088
    661.9666        1.0126
    661.9725        0.9986
    661.9783        0.9904
    661.9842        1.0161
    661.9901        1.0227
    661.9959        0.9956
    662.0018        0.9902
    662.0076        1.0139
    662.0135        1.0113
    662.0193        0.9811
    662.0252        0.9801
    662.0310        1.0000
    662.0369        1.0070
    662.0428        1.0082
    662.0486        1.0108
    662.0545        1.0118
    662.0603        1.0139
    662.0662        1.0140
    662.0720        1.0221
    662.0779        1.0276
    662.0837        0.9859
    662.0896        0.9499
    662.0954        0.9739
    662.1013        0.9906
    662.1072        0.9799
    662.1130        0.9821
    662.1189        1.0072
    662.1247        1.0201
    662.1306        1.0239
    662.1364        1.0217
    662.1423        1.0050
    662.1481        0.9996
    662.1540        1.0014
    662.1599        1.0019
    662.1657        1.0072
    662.1716        1.0073
    662.1774        1.0123
    662.1833        1.0045
    662.1891        0.9939
    662.1950        0.9904
    662.2008        0.9881
    662.2067        0.9869
    662.2125        0.9907
    662.2184        1.0087
    662.2243        1.0230
    662.2301        1.0178
    662.2360        1.0165
    662.2418        1.0227
    662.2477        1.0194
    662.2535        1.0108
    662.2594        1.0013
    662.2652        0.9921
    662.2711        0.9935
    662.2770        1.0047
    662.2828        0.9921
    662.2887        0.9651
    662.2945        0.9979
    662.3004        1.0514
    662.3062        1.0176
    662.3121        0.9693
    662.3179        0.9694
    662.3238        0.9731
    662.3296        0.9855
    662.3355        0.9970
    662.3414        1.0022
    662.3472        1.0076
    662.3531        1.0052
    662.3589        1.0087
    662.3648        1.0216
    662.3706        1.0183
    662.3765        0.9993
    662.3823        0.9776
    662.3882        0.9543
    662.3941        0.9601
    662.3999        0.9887
    662.4058        0.9966
    662.4116        0.9950
    662.4175        0.9995
    662.4233        1.0075
    662.4292        1.0015
    662.4350        0.9926
    662.4409        0.9967
    662.4467        1.0003
    662.4526        1.0025
    662.4585        1.0091
    662.4643        1.0188
    662.4702        1.0223
    662.4760        1.0174
    662.4819        1.0042
    662.4877        0.9816
    662.4936        0.9772
    662.4994        0.9883
    662.5053        1.0027
    662.5112        1.0191
    662.5170        1.0162
    662.5229        1.0051
    662.5287        1.0065
    662.5346        1.0105
    662.5404        0.9947
    662.5463        0.9809
    662.5521        1.0079
    662.5580        1.0330
    662.5638        1.0155
    662.5697        0.9996
    662.5756        0.9923
    662.5814        0.9947
    662.5873        1.0140
    662.5931        1.0239
    662.5990        1.0299
    662.6048        1.0197
    662.6107        0.9856
    662.6165        0.9832
    662.6224        1.0032
    662.6283        1.0183
    662.6341        1.0327
    662.6400        1.0289
    662.6458        1.0178
    662.6517        1.0154
    662.6575        1.0190
    662.6634        1.0202
    662.6692        1.0146
    662.6751        0.9968
    662.6809        0.9794
    662.6868        0.9744
    662.6927        0.9654
    662.6985        0.9525
    662.7044        0.9570
    662.7102        0.9745
    662.7161        0.9850
    662.7219        0.9921
    662.7278        0.9962
    662.7336        0.9951
    662.7395        1.0000
    662.7454        1.0100
    662.7512        1.0004
    662.7571        0.9762
    662.7629        0.9777
    662.7688        0.9899
    662.7746        0.9860
    662.7805        0.9757
    662.7863        0.9611
    662.7922        0.9533
    662.7980        0.9816
    662.8039        1.0011
    662.8098        0.9884
    662.8156        0.9865
    662.8215        1.0096
    662.8273        1.0091
    662.8332        0.9731
    662.8390        0.9482
    662.8449        0.9310
    662.8507        0.9370
    662.8566        0.9559
    662.8625        0.9656
    662.8683        0.9730
    662.8742        0.9728
    662.8800        0.9719
    662.8859        0.9927
    662.8917        1.0141
    662.8976        0.9879
    662.9034        0.9632
    662.9093        0.9720
    662.9151        0.9776
    662.9210        0.9683
    662.9269        0.9626
    662.9327        0.9618
    662.9386        0.9624
    662.9444        0.9649
    662.9503        0.9811
    662.9561        1.0082
    662.9620        1.0118
    662.9678        1.0027
    662.9737        0.9948
    662.9796        0.9872
    662.9854        0.9839
    662.9913        0.9889
    662.9971        0.9993
    663.0030        1.0050
    663.0088        1.0223
    663.0147        1.0296
    663.0205        0.9757
    663.0264        0.9368
    663.0322        0.9752
    663.0381        0.9961
    663.0440        0.9856
    663.0498        0.9844
    663.0557        0.9892
    663.0615        0.9842
    663.0674        0.9672
    663.0732        0.9657
    663.0791        0.9777
    663.0849        0.9765
    663.0908        0.9669
    663.0967        0.9739
    663.1025        0.9795
    663.1084        0.9815
    663.1142        0.9801
    663.1201        0.9827
    663.1259        0.9872
    663.1318        1.0095
    663.1376        1.0204
    663.1435        0.9963
    663.1493        0.9797
    663.1552        0.9773
    663.1611        0.9797
    663.1669        0.9991
    663.1728        0.9958
    663.1786        0.9728
    663.1845        0.9669
    663.1903        0.9688
    663.1962        0.9799
    663.2020        1.0033
    663.2079        1.0088
    663.2138        1.0106
    663.2196        0.9962
    663.2255        0.9794
    663.2313        0.9895
    663.2372        0.9989
    663.2430        0.9722
    663.2489        0.9598
    663.2547        0.9777
    663.2606        0.9917
    663.2664        0.9995
    663.2723        0.9976
    663.2782        0.9802
    663.2840        0.9699
    663.2899        0.9624
    663.2957        0.9785
    663.3016        1.0112
    663.3074        1.0151
    663.3133        1.0046
    663.3191        1.0018
    663.3250        1.0004
    663.3309        0.9983
    663.3367        0.9956
    663.3426        0.9984
    663.3484        0.9967
    663.3543        0.9973
    663.3601        0.9878
    663.3660        0.9540
    663.3718        0.9524
    663.3777        1.0077
    663.3835        1.0246
    663.3894        1.0085
    663.3953        1.0038
    663.4011        1.0011
    663.4070        1.0111
    663.4128        1.0365
    663.4187        1.0206
    663.4245        0.9886
    663.4304        0.9851
    663.4362        0.9833
    663.4421        0.9796
    663.4480        0.9783
    663.4538        0.9731
    663.4597        0.9727
    663.4655        0.9766
    663.4714        0.9875
    663.4772        1.0129
    663.4831        1.0187
    663.4889        0.9957
    663.4948        0.9766
    663.5006        0.9593
    663.5065        0.9553
    663.5124        0.9617
    663.5182        0.9659
    663.5241        0.9738
    663.5299        0.9933
    663.5358        1.0153
    663.5416        1.0127
    663.5475        1.0063
    663.5533        1.0090
    663.5592        1.0027
    663.5651        0.9892
    663.5709        0.9786
    663.5768        0.9806
    663.5826        0.9749
    663.5885        0.9568
    663.5943        0.9477
    663.6002        0.9551
    663.6060        0.9649
    663.6119        0.9734
    663.6177        0.9843
    663.6236        0.9992
    663.6295        0.9776
    663.6353        0.9425
    663.6412        0.9540
    663.6470        0.9731
    663.6529        0.9549
    663.6587        0.9448
    663.6646        0.9735
    663.6704        0.9901
    663.6763        0.9789
    663.6822        0.9661
    663.6880        0.9444
    663.6939        0.9473
    663.6997        0.9881
    663.7056        1.0005
    663.7114        0.9857
    663.7173        0.9886
    663.7231        0.9962
    663.7290        0.9997
    663.7348        1.0092
    663.7407        0.9706
    663.7466        0.9200
    663.7524        0.9406
    663.7583        0.9717
    663.7641        0.9709
    663.7700        0.9697
    663.7758        0.9569
    663.7817        0.9439
    663.7875        0.9403
    663.7934        0.9347
    663.7993        0.9245
    663.8051        0.9362
    663.8110        0.9709
    663.8168        0.9830
    663.8227        0.9816
    663.8285        0.9752
    663.8344        0.9638
    663.8402        0.9546
    663.8461        0.9490
    663.8519        0.9419
    663.8578        0.9424
    663.8637        0.9652
    663.8695        0.9912
    663.8754        0.9991
    663.8812        0.9992
    663.8871        0.9978
    663.8929        0.9868
    663.8988        0.9547
    663.9046        0.9574
    663.9105        1.0002
    663.9164        0.9932
    663.9222        0.9565
    663.9281        0.9680
    663.9339        1.0039
    663.9398        0.9991
    663.9456        0.9880
