    650.3935        0.9716
    650.3976        0.9738
    650.4018        0.9756
    650.4059        0.9770
    650.4101        0.9781
    650.4142        0.9795
    650.4184        0.9819
    650.4225        0.9858
    650.4267        0.9915
    650.4308        0.9986
    650.4349        1.0066
    650.4391        1.0147
    650.4432        1.0221
    650.4474        1.0279
    650.4515        1.0314
    650.4557        1.0316
    650.4598        1.0282
    650.4640        1.0214
    650.4681        1.0119
    650.4723        1.0009
    650.4764        0.9900
    650.4806        0.9804
    650.4847        0.9733
    650.4888        0.9695
    650.4930        0.9693
    650.4971        0.9724
    650.5013        0.9775
    650.5054        0.9828
    650.5096        0.9860
    650.5137        0.9851
    650.5179        0.9796
    650.5220        0.9704
    650.5262        0.9594
    650.5303        0.9493
    650.5344        0.9420
    650.5386        0.9384
    650.5427        0.9383
    650.5469        0.9408
    650.5510        0.9447
    650.5552        0.9492
    650.5593        0.9540
    650.5635        0.9593
    650.5676        0.9652
    650.5718        0.9713
    650.5759        0.9767
    650.5801        0.9801
    650.5842        0.9803
    650.5883        0.9768
    650.5925        0.9699
    650.5966        0.9612
    650.6008        0.9525
    650.6049        0.9456
    650.6091        0.9418
    650.6132        0.9415
    650.6174        0.9439
    650.6215        0.9479
    650.6257        0.9521
    650.6298        0.9556
    650.6340        0.9580
    650.6381        0.9594
    650.6422        0.9601
    650.6464        0.9605
    650.6505        0.9607
    650.6547        0.9608
    650.6588        0.9610
    650.6630        0.9615
    650.6671        0.9628
    650.6713        0.9652
    650.6754        0.9684
    650.6796        0.9721
    650.6837        0.9752
    650.6878        0.9767
    650.6920        0.9761
    650.6961        0.9733
    650.7003        0.9691
    650.7044        0.9645
    650.7086        0.9607
    650.7127        0.9584
    650.7169        0.9583
    650.7210        0.9603
    650.7252        0.9647
    650.7293        0.9712
    650.7335        0.9792
    650.7376        0.9880
    650.7417        0.9962
    650.7459        1.0027
    650.7500        1.0064
    650.7542        1.0065
    650.7583        1.0029
    650.7625        0.9965
    650.7666        0.9881
    650.7708        0.9790
    650.7749        0.9702
    650.7791        0.9623
    650.7832        0.9556
    650.7874        0.9498
    650.7915        0.9449
    650.7956        0.9405
    650.7998        0.9369
    650.8039        0.9340
    650.8081        0.9321
    650.8122        0.9310
    650.8164        0.9307
    650.8205        0.9308
    650.8247        0.9311
    650.8288        0.9313
    650.8330        0.9312
    650.8371        0.9309
    650.8412        0.9304
    650.8454        0.9300
    650.8495        0.9302
    650.8537        0.9312
    650.8578        0.9331
    650.8620        0.9353
    650.8661        0.9371
    650.8703        0.9375
    650.8744        0.9362
    650.8786        0.9334
    650.8827        0.9297
    650.8869        0.9265
    650.8910        0.9250
    650.8951        0.9264
    650.8993        0.9316
    650.9034        0.9411
    650.9076        0.9542
    650.9117        0.9694
    650.9159        0.9847
    650.9200        0.9977
    650.9242        1.0066
    650.9283        1.0103
    650.9325        1.0090
    650.9366        1.0036
    650.9407        0.9959
    650.9449        0.9880
    650.9490        0.9817
    650.9532        0.9779
    650.9573        0.9769
    650.9615        0.9783
    650.9656        0.9810
    650.9698        0.9840
    650.9739        0.9864
    650.9781        0.9873
    650.9822        0.9868
    650.9864        0.9855
    650.9905        0.9849
    650.9946        0.9862
    650.9988        0.9903
    651.0029        0.9969
    651.0071        1.0047
    651.0112        1.0119
    651.0154        1.0170
    651.0195        1.0194
    651.0237        1.0191
    651.0278        1.0171
    651.0320        1.0142
    651.0361        1.0112
    651.0403        1.0087
    651.0444        1.0067
    651.0485        1.0050
    651.0527        1.0035
    651.0568        1.0019
    651.0610        1.0003
    651.0651        0.9985
    651.0693        0.9965
    651.0734        0.9943
    651.0776        0.9920
    651.0817        0.9899
    651.0859        0.9884
    651.0900        0.9874
    651.0941        0.9872
    651.0983        0.9876
    651.1024        0.9886
    651.1066        0.9904
    651.1107        0.9931
    651.1149        0.9966
    651.1190        1.0007
    651.1232        1.0051
    651.1273        1.0091
    651.1315        1.0119
    651.1356        1.0128
    651.1398        1.0117
    651.1439        1.0091
    651.1480        1.0060
    651.1522        1.0043
    651.1563        1.0054
    651.1605        1.0102
    651.1646        1.0181
    651.1688        1.0279
    651.1729        1.0377
    651.1771        1.0461
    651.1812        1.0521
    651.1854        1.0555
    651.1895        1.0564
    651.1937        1.0553
    651.1978        1.0523
    651.2019        1.0476
    651.2061        1.0414
    651.2102        1.0344
    651.2144        1.0275
    651.2185        1.0219
    651.2227        1.0184
    651.2268        1.0169
    651.2310        1.0169
    651.2351        1.0175
    651.2393        1.0177
    651.2434        1.0167
    651.2475        1.0144
    651.2517        1.0107
    651.2558        1.0062
    651.2600        1.0013
    651.2641        0.9967
    651.2683        0.9934
    651.2724        0.9920
    651.2766        0.9931
    651.2807        0.9966
    651.2849        1.0021
    651.2890        1.0085
    651.2932        1.0150
    651.2973        1.0208
    651.3014        1.0253
    651.3056        1.0283
    651.3097        1.0298
    651.3139        1.0295
    651.3180        1.0275
    651.3222        1.0240
    651.3263        1.0201
    651.3305        1.0169
    651.3346        1.0158
    651.3388        1.0175
    651.3429        1.0213
    651.3470        1.0256
    651.3512        1.0281
    651.3553        1.0272
    651.3595        1.0223
    651.3636        1.0148
    651.3678        1.0071
    651.3719        1.0017
    651.3761        1.0007
    651.3802        1.0043
    651.3844        1.0116
    651.3885        1.0203
    651.3927        1.0279
    651.3968        1.0322
    651.4009        1.0320
    651.4051        1.0271
    651.4092        1.0186
    651.4134        1.0078
    651.4175        0.9963
    651.4217        0.9853
    651.4258        0.9756
    651.4300        0.9675
    651.4341        0.9611
    651.4383        0.9562
    651.4424        0.9530
    651.4466        0.9515
    651.4507        0.9512
    651.4548        0.9515
    651.4590        0.9515
    651.4631        0.9504
    651.4673        0.9479
    651.4714        0.9448
    651.4756        0.9422
    651.4797        0.9420
    651.4839        0.9457
    651.4880        0.9538
    651.4922        0.9659
    651.4963        0.9804
    651.5004        0.9949
    651.5046        1.0067
    651.5087        1.0143
    651.5129        1.0169
    651.5170        1.0150
    651.5212        1.0099
    651.5253        1.0030
    651.5295        0.9958
    651.5336        0.9895
    651.5378        0.9849
    651.5419        0.9827
    651.5461        0.9826
    651.5502        0.9837
    651.5543        0.9848
    651.5585        0.9847
    651.5626        0.9826
    651.5668        0.9783
    651.5709        0.9723
    651.5751        0.9650
    651.5792        0.9573
    651.5834        0.9498
    651.5875        0.9431
    651.5917        0.9373
    651.5958        0.9326
    651.5999        0.9286
    651.6041        0.9250
    651.6082        0.9216
    651.6124        0.9182
    651.6165        0.9149
    651.6207        0.9116
    651.6248        0.9081
    651.6290        0.9042
    651.6331        0.8999
    651.6373        0.8956
    651.6414        0.8919
    651.6456        0.8895
    651.6497        0.8889
    651.6538        0.8901
    651.6580        0.8930
    651.6621        0.8969
    651.6663        0.9014
    651.6704        0.9059
    651.6746        0.9098
    651.6787        0.9130
    651.6829        0.9156
    651.6870        0.9181
    651.6912        0.9216
    651.6953        0.9269
    651.6995        0.9347
    651.7036        0.9451
    651.7077        0.9576
    651.7119        0.9714
    651.7160        0.9854
    651.7202        0.9985
    651.7243        1.0094
    651.7285        1.0173
    651.7326        1.0221
    651.7368        1.0243
    651.7409        1.0253
    651.7451        1.0267
    651.7492        1.0296
    651.7533        1.0344
    651.7575        1.0403
    651.7616        1.0460
    651.7658        1.0500
    651.7699        1.0509
    651.7741        1.0484
    651.7782        1.0426
    651.7824        1.0344
    651.7865        1.0251
    651.7907        1.0159
    651.7948        1.0078
    651.7990        1.0012
    651.8031        0.9964
    651.8072        0.9932
    651.8114        0.9916
    651.8155        0.9914
    651.8197        0.9925
    651.8238        0.9944
    651.8280        0.9965
    651.8321        0.9984
    651.8363        1.0003
    651.8404        1.0025
    651.8446        1.0057
    651.8487        1.0103
    651.8529        1.0163
    651.8570        1.0227
    651.8611        1.0281
    651.8653        1.0312
    651.8694        1.0310
    651.8736        1.0273
    651.8777        1.0207
    651.8819        1.0122
    651.8860        1.0030
    651.8902        0.9941
    651.8943        0.9860
    651.8985        0.9792
    651.9026        0.9738
    651.9067        0.9702
    651.9109        0.9688
    651.9150        0.9698
    651.9192        0.9728
    651.9233        0.9772
    651.9275        0.9817
    651.9316        0.9849
    651.9358        0.9860
    651.9399        0.9850
    651.9441        0.9824
    651.9482        0.9792
    651.9524        0.9764
    651.9565        0.9745
    651.9606        0.9740
    651.9648        0.9755
    651.9689        0.9798
    651.9731        0.9871
    651.9772        0.9974
    651.9814        1.0094
    651.9855        1.0217
    651.9897        1.0329
    651.9938        1.0420
    651.9980        1.0486
    652.0021        1.0526
    652.0062        1.0540
    652.0104        1.0528
    652.0145        1.0493
    652.0187        1.0441
    652.0228        1.0385
    652.0270        1.0336
    652.0311        1.0309
    652.0353        1.0308
    652.0394        1.0332
    652.0436        1.0374
    652.0477        1.0421
    652.0519        1.0459
    652.0560        1.0479
    652.0601        1.0477
    652.0643        1.0454
    652.0684        1.0416
    652.0726        1.0374
    652.0767        1.0340
    652.0809        1.0321
    652.0850        1.0321
    652.0892        1.0337
    652.0933        1.0360
    652.0975        1.0379
    652.1016        1.0384
    652.1058        1.0373
    652.1099        1.0350
    652.1140        1.0323
    652.1182        1.0302
    652.1223        1.0295
    652.1265        1.0302
    652.1306        1.0319
    652.1348        1.0338
    652.1389        1.0351
    652.1431        1.0348
    652.1472        1.0321
    652.1514        1.0268
    652.1555        1.0196
    652.1596        1.0118
    652.1638        1.0049
    652.1679        1.0004
    652.1721        0.9988
    652.1762        1.0000
    652.1804        1.0027
    652.1845        1.0057
    652.1887        1.0077
    652.1928        1.0079
    652.1970        1.0062
    652.2011        1.0032
    652.2053        0.9998
    652.2094        0.9971
    652.2135        0.9960
    652.2177        0.9968
    652.2218        0.9994
    652.2260        1.0030
    652.2301        1.0067
    652.2343        1.0094
    652.2384        1.0108
    652.2426        1.0108
    652.2467        1.0101
    652.2509        1.0090
    652.2550        1.0081
    652.2592        1.0072
    652.2633        1.0060
    652.2674        1.0044
    652.2716        1.0026
    652.2757        1.0013
    652.2799        1.0007
    652.2840        1.0008
    652.2882        1.0007
    652.2923        0.9995
    652.2965        0.9965
    652.3006        0.9916
    652.3048        0.9853
    652.3089        0.9785
    652.3130        0.9724
    652.3172        0.9675
    652.3213        0.9644
    652.3255        0.9636
    652.3296        0.9648
    652.3338        0.9678
    652.3379        0.9717
    652.3421        0.9754
    652.3462        0.9780
    652.3504        0.9790
    652.3545        0.9784
    652.3587        0.9764
    652.3628        0.9731
    652.3669        0.9687
    652.3711        0.9635
    652.3752        0.9576
    652.3794        0.9516
    652.3835        0.9463
    652.3877        0.9425
    652.3918        0.9407
    652.3960        0.9408
    652.4001        0.9423
    652.4043        0.9444
    652.4084        0.9460
    652.4125        0.9467
    652.4167        0.9464
    652.4208        0.9456
    652.4250        0.9454
    652.4291        0.9467
    652.4333        0.9504
    652.4374        0.9563
    652.4416        0.9637
    652.4457        0.9712
    652.4499        0.9775
    652.4540        0.9815
    652.4582        0.9829
    652.4623        0.9817
    652.4664        0.9784
    652.4706        0.9735
    652.4747        0.9676
    652.4789        0.9614
    652.4830        0.9558
    652.4872        0.9522
    652.4913        0.9515
    652.4955        0.9542
    652.4996        0.9599
    652.5038        0.9679
    652.5079        0.9771
    652.5121        0.9864
    652.5162        0.9953
    652.5203        1.0029
    652.5245        1.0086
    652.5286        1.0117
    652.5328        1.0117
    652.5369        1.0085
    652.5411        1.0028
    652.5452        0.9953
    652.5494        0.9872
    652.5535        0.9792
    652.5577        0.9719
    652.5618        0.9656
    652.5659        0.9604
    652.5701        0.9565
    652.5742        0.9538
    652.5784        0.9521
    652.5825        0.9511
    652.5867        0.9507
    652.5908        0.9507
    652.5950        0.9510
    652.5991        0.9519
    652.6033        0.9534
    652.6074        0.9556
    652.6116        0.9581
    652.6157        0.9608
    652.6198        0.9632
    652.6240        0.9653
    652.6281        0.9670
    652.6323        0.9687
    652.6364        0.9707
    652.6406        0.9731
    652.6447        0.9758
    652.6489        0.9786
    652.6530        0.9810
    652.6572        0.9827
    652.6613        0.9838
    652.6655        0.9848
    652.6696        0.9862
    652.6737        0.9888
    652.6779        0.9931
    652.6820        0.9990
    652.6862        1.0060
    652.6903        1.0131
    652.6945        1.0194
    652.6986        1.0243
    652.7028        1.0276
    652.7069        1.0291
    652.7111        1.0292
    652.7152        1.0279
    652.7193        1.0257
    652.7235        1.0228
    652.7276        1.0195
    652.7318        1.0163
    652.7359        1.0138
    652.7401        1.0125
    652.7442        1.0131
    652.7484        1.0158
    652.7525        1.0203
    652.7567        1.0255
    652.7608        1.0301
    652.7650        1.0324
    652.7691        1.0310
    652.7732        1.0254
    652.7774        1.0158
    652.7815        1.0034
    652.7857        0.9901
    652.7898        0.9778
    652.7940        0.9681
    652.7981        0.9620
    652.8023        0.9599
    652.8064        0.9620
    652.8106        0.9680
    652.8147        0.9775
    652.8188        0.9896
    652.8230        1.0028
    652.8271        1.0155
    652.8313        1.0261
    652.8354        1.0335
    652.8396        1.0370
    652.8437        1.0367
    652.8479        1.0329
    652.8520        1.0263
    652.8562        1.0177
    652.8603        1.0078
    652.8645        0.9979
    652.8686        0.9891
    652.8727        0.9825
    652.8769        0.9788
    652.8810        0.9782
    652.8852        0.9799
    652.8893        0.9831
    652.8935        0.9866
    652.8976        0.9892
    652.9018        0.9901
    652.9059        0.9890
    652.9101        0.9858
    652.9142        0.9807
    652.9184        0.9741
    652.9225        0.9666
    652.9266        0.9591
    652.9308        0.9524
    652.9349        0.9476
    652.9391        0.9453
    652.9432        0.9463
    652.9474        0.9503
    652.9515        0.9570
    652.9557        0.9652
    652.9598        0.9734
    652.9640        0.9803
    652.9681        0.9849
    652.9722        0.9869
    652.9764        0.9868
    652.9805        0.9854
    652.9847        0.9836
    652.9888        0.9819
    652.9930        0.9804
    652.9971        0.9794
    653.0013        0.9787
    653.0054        0.9784
    653.0096        0.9788
    653.0137        0.9798
    653.0179        0.9817
    653.0220        0.9846
    653.0261        0.9879
    653.0303        0.9912
    653.0344        0.9938
    653.0386        0.9953
    653.0427        0.9957
    653.0469        0.9952
    653.0510        0.9942
    653.0552        0.9931
    653.0593        0.9922
    653.0635        0.9913
    653.0676        0.9904
    653.0718        0.9893
    653.0759        0.9882
    653.0800        0.9872
    653.0842        0.9869
    653.0883        0.9877
    653.0925        0.9895
    653.0966        0.9920
    653.1008        0.9943
    653.1049        0.9957
    653.1091        0.9958
    653.1132        0.9947
    653.1174        0.9927
    653.1215        0.9905
    653.1256        0.9881
    653.1298        0.9856
    653.1339        0.9828
    653.1381        0.9796
    653.1422        0.9763
    653.1464        0.9731
    653.1505        0.9705
    653.1547        0.9691
    653.1588        0.9691
    653.1630        0.9708
    653.1671        0.9743
    653.1713        0.9798
    653.1754        0.9869
    653.1795        0.9952
    653.1837        1.0036
    653.1878        1.0109
    653.1920        1.0160
    653.1961        1.0181
    653.2003        1.0166
    653.2044        1.0118
    653.2086        1.0040
    653.2127        0.9937
    653.2169        0.9816
    653.2210        0.9686
    653.2251        0.9556
    653.2293        0.9438
    653.2334        0.9343
    653.2376        0.9279
    653.2417        0.9249
    653.2459        0.9250
    653.2500        0.9278
    653.2542        0.9328
    653.2583        0.9398
    653.2625        0.9483
    653.2666        0.9581
    653.2708        0.9681
    653.2749        0.9775
    653.2790        0.9851
    653.2832        0.9900
    653.2873        0.9922
    653.2915        0.9918
    653.2956        0.9896
    653.2998        0.9863
    653.3039        0.9826
    653.3081        0.9790
    653.3122        0.9760
    653.3164        0.9741
    653.3205        0.9737
    653.3247        0.9750
    653.3288        0.9775
    653.3329        0.9807
    653.3371        0.9836
    653.3412        0.9853
    653.3454        0.9856
    653.3495        0.9847
    653.3537        0.9831
    653.3578        0.9813
    653.3620        0.9790
    653.3661        0.9761
    653.3703        0.9719
    653.3744        0.9666
    653.3785        0.9607
    653.3827        0.9553
    653.3868        0.9514
    653.3910        0.9496
    653.3951        0.9500
    653.3993        0.9521
    653.4034        0.9556
    653.4076        0.9600
    653.4117        0.9652
    653.4159        0.9712
    653.4200        0.9779
    653.4242        0.9849
    653.4283        0.9918
    653.4324        0.9980
    653.4366        1.0027
    653.4407        1.0057
    653.4449        1.0066
    653.4490        1.0054
    653.4532        1.0023
    653.4573        0.9978
    653.4615        0.9928
    653.4656        0.9885
    653.4698        0.9862
    653.4739        0.9870
    653.4781        0.9909
    653.4822        0.9973
    653.4863        1.0044
    653.4905        1.0107
    653.4946        1.0148
    653.4988        1.0164
    653.5029        1.0156
    653.5071        1.0129
    653.5112        1.0092
    653.5154        1.0048
    653.5195        1.0003
    653.5237        0.9960
    653.5278        0.9921
    653.5319        0.9890
    653.5361        0.9867
    653.5402        0.9848
    653.5444        0.9831
    653.5485        0.9813
    653.5527        0.9790
    653.5568        0.9765
    653.5610        0.9740
    653.5651        0.9718
    653.5693        0.9705
    653.5734        0.9705
    653.5776        0.9722
    653.5817        0.9759
    653.5858        0.9813
    653.5900        0.9875
    653.5941        0.9934
    653.5983        0.9979
    653.6024        1.0005
    653.6066        1.0012
    653.6107        1.0007
    653.6149        0.9995
    653.6190        0.9978
    653.6232        0.9955
    653.6273        0.9927
    653.6314        0.9896
    653.6356        0.9866
    653.6397        0.9840
    653.6439        0.9822
    653.6480        0.9809
    653.6522        0.9797
    653.6563        0.9779
    653.6605        0.9751
    653.6646        0.9712
    653.6688        0.9668
    653.6729        0.9626
    653.6771        0.9595
    653.6812        0.9579
    653.6853        0.9574
    653.6895        0.9574
    653.6936        0.9574
    653.6978        0.9572
    653.7019        0.9572
    653.7061        0.9579
    653.7102        0.9598
    653.7144        0.9628
    653.7185        0.9666
    653.7227        0.9708
    653.7268        0.9749
    653.7310        0.9784
    653.7351        0.9811
    653.7392        0.9829
    653.7434        0.9838
    653.7475        0.9842
    653.7517        0.9849
    653.7558        0.9864
    653.7600        0.9892
    653.7641        0.9932
    653.7683        0.9974
    653.7724        1.0007
    653.7766        1.0019
    653.7807        1.0005
    653.7848        0.9967
    653.7890        0.9918
    653.7931        0.9876
    653.7973        0.9855
    653.8014        0.9864
    653.8056        0.9900
    653.8097        0.9952
    653.8139        1.0004
    653.8180        1.0046
    653.8222        1.0074
    653.8263        1.0091
    653.8305        1.0103
    653.8346        1.0113
    653.8387        1.0116
    653.8429        1.0102
    653.8470        1.0059
    653.8512        0.9983
    653.8553        0.9878
    653.8595        0.9762
    653.8636        0.9657
    653.8678        0.9583
    653.8719        0.9552
    653.8761        0.9561
    653.8802        0.9601
    653.8844        0.9655
    653.8885        0.9709
    653.8926        0.9752
    653.8968        0.9779
    653.9009        0.9792
    653.9051        0.9794
    653.9092        0.9791
    653.9134        0.9788
    653.9175        0.9786
    653.9217        0.9787
    653.9258        0.9789
    653.9300        0.9791
    653.9341        0.9792
    653.9382        0.9795
    653.9424        0.9803
    653.9465        0.9818
    653.9507        0.9839
    653.9548        0.9860
    653.9590        0.9875
    653.9631        0.9879
    653.9673        0.9870
    653.9714        0.9853
    653.9756        0.9833
    653.9797        0.9817
    653.9839        0.9808
    653.9880        0.9806
    653.9921        0.9809
    653.9963        0.9817
    654.0004        0.9832
    654.0046        0.9853
    654.0087        0.9883
    654.0129        0.9918
    654.0170        0.9953
    654.0212        0.9981
    654.0253        0.9997
    654.0295        1.0003
    654.0336        1.0003
    654.0377        1.0009
    654.0419        1.0026
    654.0460        1.0059
    654.0502        1.0101
    654.0543        1.0144
    654.0585        1.0178
    654.0626        1.0195
    654.0668        1.0191
    654.0709        1.0169
    654.0751        1.0138
    654.0792        1.0109
    654.0834        1.0092
    654.0875        1.0095
    654.0916        1.0116
    654.0958        1.0149
    654.0999        1.0185
    654.1041        1.0210
    654.1082        1.0216
    654.1124        1.0202
    654.1165        1.0171
    654.1207        1.0131
    654.1248        1.0092
    654.1290        1.0062
    654.1331        1.0042
    654.1373        1.0027
    654.1414        1.0009
    654.1455        0.9979
    654.1497        0.9934
    654.1538        0.9876
    654.1580        0.9811
    654.1621        0.9750
    654.1663        0.9697
    654.1704        0.9653
    654.1746        0.9614
    654.1787        0.9576
    654.1829        0.9543
    654.1870        0.9520
    654.1911        0.9517
    654.1953        0.9539
    654.1994        0.9580
    654.2036        0.9630
    654.2077        0.9678
    654.2119        0.9717
    654.2160        0.9750
    654.2202        0.9786
    654.2243        0.9838
    654.2285        0.9911
    654.2326        1.0001
    654.2368        1.0093
    654.2409        1.0172
    654.2450        1.0225
    654.2492        1.0249
    654.2533        1.0248
    654.2575        1.0227
    654.2616        1.0191
    654.2658        1.0145
    654.2699        1.0092
    654.2741        1.0042
    654.2782        1.0006
    654.2824        0.9994
    654.2865        1.0010
    654.2906        1.0048
    654.2948        1.0095
    654.2989        1.0135
    654.3031        1.0155
    654.3072        1.0150
    654.3114        1.0123
    654.3155        1.0086
    654.3197        1.0052
    654.3238        1.0033
    654.3280        1.0035
    654.3321        1.0052
    654.3363        1.0072
    654.3404        1.0076
    654.3445        1.0049
    654.3487        0.9984
    654.3528        0.9881
    654.3570        0.9755
    654.3611        0.9622
    654.3653        0.9501
    654.3694        0.9407
    654.3736        0.9349
    654.3777        0.9326
    654.3819        0.9329
    654.3860        0.9346
    654.3902        0.9364
    654.3943        0.9378
    654.3984        0.9385
    654.4026        0.9390
    654.4067        0.9399
    654.4109        0.9418
    654.4150        0.9450
    654.4192        0.9492
    654.4233        0.9541
    654.4275        0.9589
    654.4316        0.9632
    654.4358        0.9664
    654.4399        0.9686
    654.4440        0.9701
    654.4482        0.9710
    654.4523        0.9714
    654.4565        0.9713
    654.4606        0.9706
    654.4648        0.9691
    654.4689        0.9674
    654.4731        0.9661
    654.4772        0.9660
    654.4814        0.9676
    654.4855        0.9711
    654.4897        0.9761
    654.4938        0.9817
    654.4979        0.9868
    654.5021        0.9905
    654.5062        0.9921
    654.5104        0.9916
    654.5145        0.9895
    654.5187        0.9868
    654.5228        0.9844
    654.5270        0.9828
    654.5311        0.9820
    654.5353        0.9818
    654.5394        0.9819
    654.5436        0.9822
    654.5477        0.9828
    654.5518        0.9839
    654.5560        0.9856
    654.5601        0.9875
    654.5643        0.9889
    654.5684        0.9893
    654.5726        0.9880
    654.5767        0.9848
    654.5809        0.9801
    654.5850        0.9748
    654.5892        0.9702
    654.5933        0.9672
    654.5974        0.9665
    654.6016        0.9681
    654.6057        0.9711
    654.6099        0.9746
    654.6140        0.9775
    654.6182        0.9794
    654.6223        0.9807
    654.6265        0.9819
    654.6306        0.9836
    654.6348        0.9859
    654.6389        0.9886
    654.6431        0.9910
    654.6472        0.9931
    654.6513        0.9946
    654.6555        0.9958
    654.6596        0.9970
    654.6638        0.9981
    654.6679        0.9994
    654.6721        1.0008
    654.6762        1.0024
    654.6804        1.0042
    654.6845        1.0059
    654.6887        1.0070
    654.6928        1.0069
    654.6969        1.0046
    654.7011        0.9996
    654.7052        0.9918
    654.7094        0.9819
    654.7135        0.9712
    654.7177        0.9614
    654.7218        0.9538
    654.7260        0.9493
    654.7301        0.9481
    654.7343        0.9498
    654.7384        0.9539
    654.7426        0.9594
    654.7467        0.9654
    654.7508        0.9706
    654.7550        0.9735
    654.7591        0.9728
    654.7633        0.9679
    654.7674        0.9591
    654.7716        0.9477
    654.7757        0.9358
    654.7799        0.9254
    654.7840        0.9187
    654.7882        0.9167
    654.7923        0.9199
    654.7965        0.9276
    654.8006        0.9385
    654.8047        0.9507
    654.8089        0.9621
    654.8130        0.9707
    654.8172        0.9751
    654.8213        0.9746
    654.8255        0.9693
    654.8296        0.9602
    654.8338        0.9492
    654.8379        0.9387
    654.8421        0.9310
    654.8462        0.9277
    654.8503        0.9291
    654.8545        0.9343
    654.8586        0.9412
    654.8628        0.9471
    654.8669        0.9504
    654.8711        0.9502
    654.8752        0.9474
    654.8794        0.9437
    654.8835        0.9413
    654.8877        0.9414
    654.8918        0.9444
    654.8960        0.9493
    654.9001        0.9545
    654.9042        0.9584
    654.9084        0.9606
    654.9125        0.9610
    654.9167        0.9606
    654.9208        0.9599
    654.9250        0.9595
    654.9291        0.9593
    654.9333        0.9590
    654.9374        0.9587
    654.9416        0.9588
    654.9457        0.9599
    654.9499        0.9626
    654.9540        0.9673
    654.9581        0.9737
    654.9623        0.9813
    654.9664        0.9892
    654.9706        0.9966
    654.9747        1.0029
    654.9789        1.0077
    654.9830        1.0107
    654.9872        1.0122
    654.9913        1.0124
    654.9955        1.0114
    654.9996        1.0095
    655.0037        1.0066
    655.0079        1.0031
    655.0120        0.9992
    655.0162        0.9958
    655.0203        0.9937
    655.0245        0.9936
    655.0286        0.9958
    655.0328        0.9998
    655.0369        1.0044
    655.0411        1.0085
    655.0452        1.0110
    655.0494        1.0115
    655.0535        1.0102
    655.0576        1.0075
    655.0618        1.0041
    655.0659        1.0006
    655.0701        0.9976
    655.0742        0.9954
    655.0784        0.9941
    655.0825        0.9936
    655.0867        0.9934
    655.0908        0.9932
    655.0950        0.9931
    655.0991        0.9935
    655.1032        0.9952
    655.1074        0.9985
    655.1115        1.0033
    655.1157        1.0085
    655.1198        1.0126
    655.1240        1.0141
    655.1281        1.0121
    655.1323        1.0071
    655.1364        1.0004
    655.1406        0.9939
    655.1447        0.9891
    655.1489        0.9864
    655.1530        0.9857
    655.1571        0.9860
    655.1613        0.9865
    655.1654        0.9868
    655.1696        0.9870
    655.1737        0.9873
    655.1779        0.9881
    655.1820        0.9890
    655.1862        0.9896
    655.1903        0.9893
    655.1945        0.9881
    655.1986        0.9863
    655.2028        0.9847
    655.2069        0.9840
    655.2110        0.9848
    655.2152        0.9866
    655.2193        0.9884
    655.2235        0.9888
    655.2276        0.9866
    655.2318        0.9812
    655.2359        0.9728
    655.2401        0.9623
    655.2442        0.9510
    655.2484        0.9402
    655.2525        0.9310
    655.2566        0.9243
    655.2608        0.9206
    655.2649        0.9201
    655.2691        0.9227
    655.2732        0.9278
    655.2774        0.9348
    655.2815        0.9427
    655.2857        0.9504
    655.2898        0.9567
    655.2940        0.9608
    655.2981        0.9624
    655.3023        0.9620
    655.3064        0.9608
    655.3105        0.9606
    655.3147        0.9627
    655.3188        0.9681
    655.3230        0.9769
    655.3271        0.9886
    655.3313        1.0017
    655.3354        1.0151
    655.3396        1.0274
    655.3437        1.0375
    655.3479        1.0449
    655.3520        1.0494
    655.3562        1.0511
    655.3603        1.0507
    655.3644        1.0488
    655.3686        1.0459
    655.3727        1.0424
    655.3769        1.0383
    655.3810        1.0337
    655.3852        1.0290
    655.3893        1.0244
    655.3935        1.0204
    655.3976        1.0176
    655.4018        1.0163
    655.4059        1.0168
    655.4100        1.0187
    655.4142        1.0216
    655.4183        1.0250
    655.4225        1.0289
    655.4266        1.0333
    655.4308        1.0383
    655.4349        1.0439
    655.4391        1.0496
    655.4432        1.0546
    655.4474        1.0583
    655.4515        1.0602
    655.4557        1.0603
    655.4598        1.0589
    655.4639        1.0566
    655.4681        1.0539
    655.4722        1.0513
    655.4764        1.0498
    655.4805        1.0501
    655.4847        1.0530
    655.4888        1.0587
    655.4930        1.0669
    655.4971        1.0766
    655.5013        1.0866
    655.5054        1.0958
    655.5095        1.1035
    655.5137        1.1095
    655.5178        1.1140
    655.5220        1.1174
    655.5261        1.1200
    655.5303        1.1226
    655.5344        1.1254
    655.5386        1.1288
    655.5427        1.1325
    655.5469        1.1362
    655.5510        1.1392
    655.5552        1.1411
    655.5593        1.1421
    655.5634        1.1424
    655.5676        1.1429
    655.5717        1.1443
    655.5759        1.1472
    655.5800        1.1520
    655.5842        1.1588
    655.5883        1.1670
    655.5925        1.1764
    655.5966        1.1863
    655.6008        1.1965
    655.6049        1.2066
    655.6091        1.2162
    655.6132        1.2246
    655.6173        1.2313
    655.6215        1.2357
    655.6256        1.2378
    655.6298        1.2383
    655.6339        1.2378
    655.6381        1.2373
    655.6422        1.2371
    655.6464        1.2370
    655.6505        1.2367
    655.6547        1.2359
    655.6588        1.2347
    655.6629        1.2338
    655.6671        1.2341
    655.6712        1.2363
    655.6754        1.2403
    655.6795        1.2456
    655.6837        1.2517
    655.6878        1.2585
    655.6920        1.2661
    655.6961        1.2753
    655.7003        1.2863
    655.7044        1.2988
    655.7086        1.3119
    655.7127        1.3242
    655.7168        1.3349
    655.7210        1.3438
    655.7251        1.3513
    655.7293        1.3583
    655.7334        1.3658
    655.7376        1.3743
    655.7417        1.3842
    655.7459        1.3956
    655.7500        1.4084
    655.7542        1.4224
    655.7583        1.4369
    655.7625        1.4510
    655.7666        1.4637
    655.7707        1.4739
    655.7749        1.4813
    655.7790        1.4862
    655.7832        1.4899
    655.7873        1.4939
    655.7915        1.4999
    655.7956        1.5091
    655.7998        1.5221
    655.8039        1.5391
    655.8081        1.5596
    655.8122        1.5821
    655.8163        1.6048
    655.8205        1.6261
    655.8246        1.6444
    655.8288        1.6595
    655.8329        1.6720
    655.8371        1.6829
    655.8412        1.6933
    655.8454        1.7042
    655.8495        1.7160
    655.8537        1.7292
    655.8578        1.7439
    655.8620        1.7600
    655.8661        1.7774
    655.8702        1.7957
    655.8744        1.8147
    655.8785        1.8342
    655.8827        1.8537
    655.8868        1.8726
    655.8910        1.8903
    655.8951        1.9067
    655.8993        1.9219
    655.9034        1.9372
    655.9076        1.9540
    655.9117        1.9733
    655.9158        1.9955
    655.9200        2.0196
    655.9241        2.0440
    655.9283        2.0673
    655.9324        2.0885
    655.9366        2.1077
    655.9407        2.1256
    655.9449        2.1436
    655.9490        2.1624
    655.9532        2.1825
    655.9573        2.2036
    655.9615        2.2252
    655.9656        2.2462
    655.9697        2.2657
    655.9739        2.2831
    655.9780        2.2981
    655.9822        2.3108
    655.9863        2.3221
    655.9905        2.3329
    655.9946        2.3443
    655.9988        2.3573
    656.0029        2.3725
    656.0071        2.3903
    656.0112        2.4110
    656.0154        2.4344
    656.0195        2.4600
    656.0236        2.4866
    656.0278        2.5127
    656.0319        2.5363
    656.0361        2.5554
    656.0402        2.5691
    656.0444        2.5776
    656.0485        2.5824
    656.0527        2.5858
    656.0568        2.5900
    656.0610        2.5963
    656.0651        2.6047
    656.0692        2.6136
    656.0734        2.6210
    656.0775        2.6251
    656.0817        2.6256
    656.0858        2.6237
    656.0900        2.6215
    656.0941        2.6213
    656.0983        2.6245
    656.1024        2.6313
    656.1066        2.6409
    656.1107        2.6518
    656.1149        2.6619
    656.1190        2.6697
    656.1231        2.6736
    656.1273        2.6728
    656.1314        2.6672
    656.1356        2.6570
    656.1397        2.6433
    656.1439        2.6276
    656.1480        2.6118
    656.1522        2.5974
    656.1563        2.5856
    656.1605        2.5762
    656.1646        2.5679
    656.1688        2.5589
    656.1729        2.5474
    656.1770        2.5323
    656.1812        2.5133
    656.1853        2.4908
    656.1895        2.4660
    656.1936        2.4399
    656.1978        2.4134
    656.2019        2.3870
    656.2061        2.3609
    656.2102        2.3349
    656.2144        2.3088
    656.2185        2.2825
    656.2226        2.2566
    656.2268        2.2322
    656.2309        2.2104
    656.2351        2.1922
    656.2392        2.1778
    656.2434        2.1667
    656.2475        2.1577
    656.2517        2.1497
    656.2558        2.1416
    656.2600        2.1334
    656.2641        2.1252
    656.2683        2.1177
    656.2724        2.1116
    656.2765        2.1076
    656.2807        2.1058
    656.2848        2.1065
    656.2890        2.1094
    656.2931        2.1140
    656.2973        2.1199
    656.3014        2.1263
    656.3056        2.1331
    656.3097        2.1403
    656.3139        2.1483
    656.3180        2.1576
    656.3221        2.1682
    656.3263        2.1800
    656.3304        2.1923
    656.3346        2.2048
    656.3387        2.2176
    656.3429        2.2315
    656.3470        2.2481
    656.3512        2.2685
    656.3553        2.2937
    656.3595        2.3230
    656.3636        2.3549
    656.3678        2.3867
    656.3719        2.4156
    656.3760        2.4395
    656.3802        2.4570
    656.3843        2.4684
    656.3885        2.4746
    656.3926        2.4775
    656.3968        2.4790
    656.4009        2.4810
    656.4051        2.4850
    656.4092        2.4925
    656.4134        2.5044
    656.4175        2.5215
    656.4217        2.5435
    656.4258        2.5697
    656.4299        2.5978
    656.4341        2.6252
    656.4382        2.6486
    656.4424        2.6659
    656.4465        2.6757
    656.4507        2.6787
    656.4548        2.6762
    656.4590        2.6706
    656.4631        2.6639
    656.4673        2.6578
    656.4714        2.6534
    656.4755        2.6516
    656.4797        2.6522
    656.4838        2.6546
    656.4880        2.6575
    656.4921        2.6588
    656.4963        2.6567
    656.5004        2.6499
    656.5046        2.6382
    656.5087        2.6224
    656.5129        2.6040
    656.5170        2.5849
    656.5212        2.5664
    656.5253        2.5495
    656.5294        2.5345
    656.5336        2.5217
    656.5377        2.5114
    656.5419        2.5032
    656.5460        2.4963
    656.5502        2.4894
    656.5543        2.4806
    656.5585        2.4686
    656.5626        2.4528
    656.5668        2.4337
    656.5709        2.4122
    656.5751        2.3897
    656.5792        2.3670
    656.5833        2.3448
    656.5875        2.3231
    656.5916        2.3018
    656.5958        2.2807
    656.5999        2.2593
    656.6041        2.2375
    656.6082        2.2155
    656.6124        2.1938
    656.6165        2.1727
    656.6207        2.1525
    656.6248        2.1326
    656.6289        2.1127
    656.6331        2.0922
    656.6372        2.0709
    656.6414        2.0487
    656.6455        2.0260
    656.6497        2.0035
    656.6538        1.9821
    656.6580        1.9626
    656.6621        1.9455
    656.6663        1.9308
    656.6704        1.9179
    656.6746        1.9060
    656.6787        1.8946
    656.6828        1.8836
    656.6870        1.8732
    656.6911        1.8633
    656.6953        1.8537
    656.6994        1.8435
    656.7036        1.8316
    656.7077        1.8170
    656.7119        1.7993
    656.7160        1.7786
    656.7202        1.7555
    656.7243        1.7314
    656.7284        1.7076
    656.7326        1.6854
    656.7367        1.6658
    656.7409        1.6494
    656.7450        1.6357
    656.7492        1.6236
    656.7533        1.6115
    656.7575        1.5981
    656.7616        1.5826
    656.7658        1.5654
    656.7699        1.5475
    656.7741        1.5301
    656.7782        1.5141
    656.7823        1.4998
    656.7865        1.4867
    656.7906        1.4744
    656.7948        1.4631
    656.7989        1.4537
    656.8031        1.4474
    656.8072        1.4451
    656.8114        1.4467
    656.8155        1.4507
    656.8197        1.4543
    656.8238        1.4549
    656.8280        1.4504
    656.8321        1.4397
    656.8362        1.4234
    656.8404        1.4030
    656.8445        1.3807
    656.8487        1.3586
    656.8528        1.3383
    656.8570        1.3210
    656.8611        1.3073
    656.8653        1.2974
    656.8694        1.2914
    656.8736        1.2884
    656.8777        1.2872
    656.8818        1.2863
    656.8860        1.2841
    656.8901        1.2794
    656.8943        1.2721
    656.8984        1.2627
    656.9026        1.2520
    656.9067        1.2410
    656.9109        1.2300
    656.9150        1.2191
    656.9192        1.2083
    656.9233        1.1979
    656.9275        1.1885
    656.9316        1.1811
    656.9357        1.1764
    656.9399        1.1745
    656.9440        1.1748
    656.9482        1.1758
    656.9523        1.1763
    656.9565        1.1749
    656.9606        1.1712
    656.9648        1.1655
    656.9689        1.1585
    656.9731        1.1513
    656.9772        1.1449
    656.9813        1.1400
    656.9855        1.1366
    656.9896        1.1342
    656.9938        1.1322
    656.9979        1.1298
    657.0021        1.1266
    657.0062        1.1227
    657.0104        1.1185
    657.0145        1.1150
    657.0187        1.1128
    657.0228        1.1121
    657.0270        1.1128
    657.0311        1.1139
    657.0352        1.1145
    657.0394        1.1140
    657.0435        1.1121
    657.0477        1.1091
    657.0518        1.1058
    657.0560        1.1028
    657.0601        1.1004
    657.0643        1.0985
    657.0684        1.0965
    657.0726        1.0939
    657.0767        1.0904
    657.0809        1.0861
    657.0850        1.0812
    657.0891        1.0765
    657.0933        1.0725
    657.0974        1.0696
    657.1016        1.0679
    657.1057        1.0674
    657.1099        1.0676
    657.1140        1.0682
    657.1182        1.0686
    657.1223        1.0683
    657.1265        1.0671
    657.1306        1.0648
    657.1347        1.0615
    657.1389        1.0575
    657.1430        1.0534
    657.1472        1.0499
    657.1513        1.0471
    657.1555        1.0450
    657.1596        1.0430
    657.1638        1.0401
    657.1679        1.0355
    657.1721        1.0285
    657.1762        1.0193
    657.1804        1.0084
    657.1845        0.9968
    657.1886        0.9856
    657.1928        0.9758
    657.1969        0.9682
    657.2011        0.9634
    657.2052        0.9613
    657.2094        0.9618
    657.2135        0.9645
    657.2177        0.9689
    657.2218        0.9745
    657.2260        0.9810
    657.2301        0.9879
    657.2343        0.9949
    657.2384        1.0015
    657.2425        1.0074
    657.2467        1.0125
    657.2508        1.0166
    657.2550        1.0199
    657.2591        1.0223
    657.2633        1.0240
    657.2674        1.0250
    657.2716        1.0254
    657.2757        1.0252
    657.2799        1.0245
    657.2840        1.0231
    657.2881        1.0215
    657.2923        1.0197
    657.2964        1.0181
    657.3006        1.0170
    657.3047        1.0165
    657.3089        1.0164
    657.3130        1.0167
    657.3172        1.0169
    657.3213        1.0168
    657.3255        1.0160
    657.3296        1.0147
    657.3338        1.0128
    657.3379        1.0105
    657.3420        1.0079
    657.3462        1.0049
    657.3503        1.0021
    657.3545        1.0000
    657.3586        0.9994
    657.3628        1.0011
    657.3669        1.0048
    657.3711        1.0097
    657.3752        1.0147
    657.3794        1.0186
    657.3835        1.0208
    657.3876        1.0216
    657.3918        1.0217
    657.3959        1.0216
    657.4001        1.0218
    657.4042        1.0223
    657.4084        1.0232
    657.4125        1.0243
    657.4167        1.0254
    657.4208        1.0262
    657.4250        1.0263
    657.4291        1.0254
    657.4333        1.0234
    657.4374        1.0199
    657.4415        1.0148
    657.4457        1.0076
    657.4498        0.9980
    657.4540        0.9861
    657.4581        0.9725
    657.4623        0.9584
    657.4664        0.9454
    657.4706        0.9349
    657.4747        0.9277
    657.4789        0.9238
    657.4830        0.9226
    657.4872        0.9235
    657.4913        0.9259
    657.4954        0.9294
    657.4996        0.9338
    657.5037        0.9389
    657.5079        0.9446
    657.5120        0.9502
    657.5162        0.9552
    657.5203        0.9591
    657.5245        0.9615
    657.5286        0.9625
    657.5328        0.9628
    657.5369        0.9633
    657.5410        0.9650
    657.5452        0.9687
    657.5493        0.9744
    657.5535        0.9817
    657.5576        0.9894
    657.5618        0.9963
    657.5659        1.0012
    657.5701        1.0032
    657.5742        1.0023
    657.5784        0.9990
    657.5825        0.9942
    657.5867        0.9891
    657.5908        0.9848
    657.5949        0.9818
    657.5991        0.9806
    657.6032        0.9811
    657.6074        0.9832
    657.6115        0.9861
    657.6157        0.9895
    657.6198        0.9924
    657.6240        0.9944
    657.6281        0.9950
    657.6323        0.9940
    657.6364        0.9916
    657.6406        0.9884
    657.6447        0.9852
    657.6488        0.9831
    657.6530        0.9827
    657.6571        0.9842
    657.6613        0.9872
    657.6654        0.9905
    657.6696        0.9930
    657.6737        0.9936
    657.6779        0.9920
    657.6820        0.9883
    657.6862        0.9833
    657.6903        0.9778
    657.6944        0.9728
    657.6986        0.9687
    657.7027        0.9657
    657.7069        0.9638
    657.7110        0.9628
    657.7152        0.9629
    657.7193        0.9642
    657.7235        0.9671
    657.7276        0.9714
    657.7318        0.9767
    657.7359        0.9822
    657.7401        0.9867
    657.7442        0.9894
    657.7483        0.9899
    657.7525        0.9883
    657.7566        0.9853
    657.7608        0.9817
    657.7649        0.9782
    657.7691        0.9755
    657.7732        0.9739
    657.7774        0.9737
    657.7815        0.9748
    657.7857        0.9768
    657.7898        0.9792
    657.7939        0.9816
    657.7981        0.9835
    657.8022        0.9850
    657.8064        0.9864
    657.8105        0.9880
    657.8147        0.9901
    657.8188        0.9924
    657.8230        0.9945
    657.8271        0.9958
    657.8313        0.9956
    657.8354        0.9939
    657.8396        0.9910
    657.8437        0.9878
    657.8478        0.9852
    657.8520        0.9841
    657.8561        0.9849
    657.8603        0.9877
    657.8644        0.9919
    657.8686        0.9967
    657.8727        1.0014
    657.8769        1.0053
    657.8810        1.0082
    657.8852        1.0102
    657.8893        1.0113
    657.8935        1.0118
    657.8976        1.0117
    657.9017        1.0111
    657.9059        1.0099
    657.9100        1.0085
    657.9142        1.0072
    657.9183        1.0063
    657.9225        1.0058
    657.9266        1.0057
    657.9308        1.0056
    657.9349        1.0052
    657.9391        1.0046
    657.9432        1.0039
    657.9473        1.0032
    657.9515        1.0030
    657.9556        1.0033
    657.9598        1.0042
    657.9639        1.0059
    657.9681        1.0082
    657.9722        1.0109
    657.9764        1.0136
    657.9805        1.0157
    657.9847        1.0165
    657.9888        1.0156
    657.9930        1.0126
    657.9971        1.0077
    658.0012        1.0013
    658.0054        0.9944
    658.0095        0.9880
    658.0137        0.9833
    658.0178        0.9810
    658.0220        0.9813
    658.0261        0.9834
    658.0303        0.9863
    658.0344        0.9886
    658.0386        0.9894
    658.0427        0.9885
    658.0469        0.9863
    658.0510        0.9837
    658.0551        0.9817
    658.0593        0.9810
    658.0634        0.9815
    658.0676        0.9830
    658.0717        0.9851
    658.0759        0.9873
    658.0800        0.9894
    658.0842        0.9914
    658.0883        0.9934
    658.0925        0.9955
    658.0966        0.9978
    658.1007        1.0001
    658.1049        1.0021
    658.1090        1.0034
    658.1132        1.0039
    658.1173        1.0038
    658.1215        1.0036
    658.1256        1.0040
    658.1298        1.0051
    658.1339        1.0069
    658.1381        1.0088
    658.1422        1.0100
    658.1464        1.0098
    658.1505        1.0078
    658.1546        1.0042
    658.1588        0.9998
    658.1629        0.9953
    658.1671        0.9916
    658.1712        0.9893
    658.1754        0.9888
    658.1795        0.9901
    658.1837        0.9930
    658.1878        0.9969
    658.1920        1.0013
    658.1961        1.0058
    658.2002        1.0101
    658.2044        1.0140
    658.2085        1.0171
    658.2127        1.0192
    658.2168        1.0195
    658.2210        1.0176
    658.2251        1.0133
    658.2293        1.0067
    658.2334        0.9986
    658.2376        0.9904
    658.2417        0.9835
    658.2459        0.9792
    658.2500        0.9783
    658.2541        0.9807
    658.2583        0.9857
    658.2624        0.9919
    658.2666        0.9981
    658.2707        1.0031
    658.2749        1.0066
    658.2790        1.0089
    658.2832        1.0110
    658.2873        1.0136
    658.2915        1.0173
    658.2956        1.0219
    658.2998        1.0268
    658.3039        1.0310
    658.3080        1.0336
    658.3122        1.0341
    658.3163        1.0322
    658.3205        1.0282
    658.3246        1.0224
    658.3288        1.0153
    658.3329        1.0075
    658.3371        0.9996
    658.3412        0.9926
    658.3454        0.9873
    658.3495        0.9842
    658.3536        0.9835
    658.3578        0.9851
    658.3619        0.9883
    658.3661        0.9928
    658.3702        0.9978
    658.3744        1.0028
    658.3785        1.0073
    658.3827        1.0110
    658.3868        1.0138
    658.3910        1.0159
    658.3951        1.0174
    658.3993        1.0185
    658.4034        1.0196
    658.4075        1.0205
    658.4117        1.0215
    658.4158        1.0224
    658.4200        1.0232
    658.4241        1.0238
    658.4283        1.0244
    658.4324        1.0249
    658.4366        1.0254
    658.4407        1.0258
    658.4449        1.0262
    658.4490        1.0266
    658.4532        1.0268
    658.4573        1.0267
    658.4614        1.0260
    658.4656        1.0244
    658.4697        1.0218
    658.4739        1.0182
    658.4780        1.0144
    658.4822        1.0111
    658.4863        1.0091
    658.4905        1.0084
    658.4946        1.0086
    658.4988        1.0090
    658.5029        1.0084
    658.5070        1.0063
    658.5112        1.0025
    658.5153        0.9975
    658.5195        0.9920
    658.5236        0.9867
    658.5278        0.9826
    658.5319        0.9799
    658.5361        0.9788
    658.5402        0.9788
    658.5444        0.9792
    658.5485        0.9792
    658.5527        0.9783
    658.5568        0.9765
    658.5609        0.9743
    658.5651        0.9725
    658.5692        0.9723
    658.5734        0.9746
    658.5775        0.9799
    658.5817        0.9883
    658.5858        0.9992
    658.5900        1.0112
    658.5941        1.0229
    658.5983        1.0326
    658.6024        1.0390
    658.6065        1.0409
    658.6107        1.0381
    658.6148        1.0310
    658.6190        1.0208
    658.6231        1.0093
    658.6273        0.9981
    658.6314        0.9889
    658.6356        0.9825
    658.6397        0.9790
    658.6439        0.9780
    658.6480        0.9785
    658.6522        0.9795
    658.6563        0.9800
    658.6604        0.9794
    658.6646        0.9775
    658.6687        0.9740
    658.6729        0.9694
    658.6770        0.9642
    658.6812        0.9596
    658.6853        0.9567
    658.6895        0.9564
    658.6936        0.9592
    658.6978        0.9647
    658.7019        0.9717
    658.7061        0.9786
    658.7102        0.9842
    658.7143        0.9877
    658.7185        0.9889
    658.7226        0.9885
    658.7268        0.9871
    658.7309        0.9856
    658.7351        0.9844
    658.7392        0.9838
    658.7434        0.9837
    658.7475        0.9841
    658.7517        0.9846
    658.7558        0.9852
    658.7599        0.9858
    658.7641        0.9870
    658.7682        0.9895
    658.7724        0.9937
    658.7765        1.0000
    658.7807        1.0077
    658.7848        1.0154
    658.7890        1.0216
    658.7931        1.0247
    658.7973        1.0241
    658.8014        1.0201
    658.8056        1.0139
    658.8097        1.0075
    658.8138        1.0025
    658.8180        0.9996
    658.8221        0.9986
    658.8263        0.9986
    658.8304        0.9987
    658.8346        0.9988
    658.8387        0.9992
    658.8429        1.0006
    658.8470        1.0035
    658.8512        1.0077
    658.8553        1.0125
    658.8595        1.0171
    658.8636        1.0205
    658.8677        1.0220
    658.8719        1.0210
    658.8760        1.0175
    658.8802        1.0120
    658.8843        1.0058
    658.8885        1.0004
    658.8926        0.9971
    658.8968        0.9970
    658.9009        0.9999
    658.9051        1.0050
    658.9092        1.0109
    658.9133        1.0160
    658.9175        1.0195
    658.9216        1.0211
    658.9258        1.0212
    658.9299        1.0205
    658.9341        1.0195
    658.9382        1.0182
    658.9424        1.0165
    658.9465        1.0135
    658.9507        1.0090
    658.9548        1.0029
    658.9590        0.9957
    658.9631        0.9885
    658.9672        0.9823
    658.9714        0.9778
    658.9755        0.9754
    658.9797        0.9751
    658.9838        0.9766
    658.9880        0.9793
    658.9921        0.9831
    658.9963        0.9875
    659.0004        0.9924
    659.0046        0.9974
    659.0087        1.0018
    659.0128        1.0049
    659.0170        1.0063
    659.0211        1.0059
    659.0253        1.0042
    659.0294        1.0017
    659.0336        0.9992
    659.0377        0.9971
    659.0419        0.9958
    659.0460        0.9953
    659.0502        0.9956
    659.0543        0.9968
    659.0585        0.9988
    659.0626        1.0017
    659.0667        1.0059
    659.0709        1.0114
    659.0750        1.0177
    659.0792        1.0240
    659.0833        1.0290
    659.0875        1.0317
    659.0916        1.0314
    659.0958        1.0284
    659.0999        1.0238
    659.1041        1.0189
    659.1082        1.0151
    659.1124        1.0134
    659.1165        1.0137
    659.1206        1.0152
    659.1248        1.0165
    659.1289        1.0164
    659.1331        1.0145
    659.1372        1.0111
    659.1414        1.0071
    659.1455        1.0035
    659.1497        1.0008
    659.1538        0.9988
    659.1580        0.9970
    659.1621        0.9944
    659.1662        0.9906
    659.1704        0.9857
    659.1745        0.9802
    659.1787        0.9756
    659.1828        0.9731
    659.1870        0.9738
    659.1911        0.9781
    659.1953        0.9855
    659.1994        0.9945
    659.2036        1.0035
    659.2077        1.0107
    659.2119        1.0150
    659.2160        1.0159
    659.2201        1.0139
    659.2243        1.0100
    659.2284        1.0056
    659.2326        1.0020
    659.2367        1.0002
    659.2409        1.0005
    659.2450        1.0025
    659.2492        1.0055
    659.2533        1.0083
    659.2575        1.0101
    659.2616        1.0103
    659.2657        1.0089
    659.2699        1.0061
    659.2740        1.0023
    659.2782        0.9977
    659.2823        0.9930
    659.2865        0.9888
    659.2906        0.9856
    659.2948        0.9841
    659.2989        0.9847
    659.3031        0.9874
    659.3072        0.9918
    659.3114        0.9973
    659.3155        1.0034
    659.3196        1.0096
    659.3238        1.0156
    659.3279        1.0208
    659.3321        1.0246
    659.3362        1.0260
    659.3404        1.0243
    659.3445        1.0197
    659.3487        1.0131
    659.3528        1.0062
    659.3570        1.0006
    659.3611        0.9973
    659.3653        0.9967
    659.3694        0.9982
    659.3735        1.0008
    659.3777        1.0036
    659.3818        1.0058
    659.3860        1.0069
    659.3901        1.0067
    659.3943        1.0050
    659.3984        1.0018
    659.4026        0.9972
    659.4067        0.9916
    659.4109        0.9855
    659.4150        0.9796
    659.4191        0.9749
    659.4233        0.9718
    659.4274        0.9709
    659.4316        0.9724
    659.4357        0.9766
    659.4399        0.9834
    659.4440        0.9924
    659.4482        1.0024
    659.4523        1.0120
    659.4565        1.0198
    659.4606        1.0249
    659.4648        1.0271
    659.4689        1.0268
    659.4730        1.0248
    659.4772        1.0218
    659.4813        1.0182
    659.4855        1.0144
    659.4896        1.0106
    659.4938        1.0070
    659.4979        1.0041
    659.5021        1.0023
    659.5062        1.0019
    659.5104        1.0030
    659.5145        1.0054
    659.5187        1.0082
    659.5228        1.0107
    659.5269        1.0117
    659.5311        1.0105
    659.5352        1.0069
    659.5394        1.0011
    659.5435        0.9941
    659.5477        0.9869
    659.5518        0.9805
    659.5560        0.9760
    659.5601        0.9738
    659.5643        0.9740
    659.5684        0.9764
    659.5725        0.9805
    659.5767        0.9856
    659.5808        0.9910
    659.5850        0.9963
    659.5891        1.0006
    659.5933        1.0035
    659.5974        1.0046
    659.6016        1.0037
    659.6057        1.0016
    659.6099        0.9991
    659.6140        0.9976
    659.6182        0.9981
    659.6223        1.0008
    659.6264        1.0050
    659.6306        1.0096
    659.6347        1.0133
    659.6389        1.0152
    659.6430        1.0149
    659.6472        1.0128
    659.6513        1.0097
    659.6555        1.0064
    659.6596        1.0041
    659.6638        1.0035
    659.6679        1.0049
    659.6720        1.0077
    659.6762        1.0111
    659.6803        1.0141
    659.6845        1.0157
    659.6886        1.0155
    659.6928        1.0134
    659.6969        1.0100
    659.7011        1.0061
    659.7052        1.0023
    659.7094        0.9994
    659.7135        0.9979
    659.7177        0.9981
    659.7218        0.9997
    659.7259        1.0024
    659.7301        1.0054
    659.7342        1.0084
    659.7384        1.0110
    659.7425        1.0131
    659.7467        1.0147
    659.7508        1.0157
    659.7550        1.0160
    659.7591        1.0160
    659.7633        1.0160
    659.7674        1.0167
    659.7716        1.0186
    659.7757        1.0217
    659.7798        1.0254
    659.7840        1.0288
    659.7881        1.0309
    659.7923        1.0309
    659.7964        1.0284
    659.8006        1.0236
    659.8047        1.0171
    659.8089        1.0100
    659.8130        1.0035
    659.8172        0.9986
    659.8213        0.9960
    659.8254        0.9956
    659.8296        0.9970
    659.8337        0.9993
    659.8379        1.0016
    659.8420        1.0032
    659.8462        1.0037
    659.8503        1.0031
    659.8545        1.0016
    659.8586        0.9997
    659.8628        0.9978
    659.8669        0.9960
    659.8711        0.9946
    659.8752        0.9934
    659.8793        0.9926
    659.8835        0.9922
    659.8876        0.9925
    659.8918        0.9936
    659.8959        0.9955
    659.9001        0.9978
    659.9042        1.0000
    659.9084        1.0014
    659.9125        1.0018
    659.9167        1.0011
    659.9208        0.9998
    659.9250        0.9981
    659.9291        0.9966
    659.9332        0.9954
    659.9374        0.9942
    659.9415        0.9930
    659.9457        0.9912
    659.9498        0.9889
    659.9540        0.9861
    659.9581        0.9830
    659.9623        0.9801
    659.9664        0.9779
    659.9706        0.9772
    659.9747        0.9782
    659.9788        0.9812
    659.9830        0.9859
    659.9871        0.9916
    659.9913        0.9976
    659.9954        1.0029
    659.9996        1.0069
    660.0037        1.0091
    660.0079        1.0095
    660.0120        1.0087
    660.0162        1.0071
    660.0203        1.0053
    660.0245        1.0038
    660.0286        1.0027
    660.0327        1.0020
    660.0369        1.0012
    660.0410        1.0000
    660.0452        0.9981
    660.0493        0.9954
    660.0535        0.9924
    660.0576        0.9893
    660.0618        0.9867
    660.0659        0.9845
    660.0701        0.9827
    660.0742        0.9809
    660.0783        0.9793
    660.0825        0.9784
    660.0866        0.9788
    660.0908        0.9810
    660.0949        0.9851
    660.0991        0.9907
    660.1032        0.9972
    660.1074        1.0039
    660.1115        1.0103
    660.1157        1.0161
    660.1198        1.0211
    660.1240        1.0248
    660.1281        1.0269
    660.1322        1.0267
    660.1364        1.0239
    660.1405        1.0186
    660.1447        1.0116
    660.1488        1.0040
    660.1530        0.9972
    660.1571        0.9920
    660.1613        0.9887
    660.1654        0.9872
    660.1696        0.9874
    660.1737        0.9892
    660.1779        0.9926
    660.1820        0.9976
    660.1861        1.0037
    660.1903        1.0101
    660.1944        1.0157
    660.1986        1.0196
    660.2027        1.0214
    660.2069        1.0209
    660.2110        1.0185
    660.2152        1.0151
    660.2193        1.0115
    660.2235        1.0086
    660.2276        1.0071
    660.2317        1.0073
    660.2359        1.0089
    660.2400        1.0115
    660.2442        1.0140
    660.2483        1.0160
    660.2525        1.0170
    660.2566        1.0173
    660.2608        1.0173
    660.2649        1.0175
    660.2691        1.0179
    660.2732        1.0187
    660.2774        1.0194
    660.2815        1.0199
    660.2856        1.0199
    660.2898        1.0193
    660.2939        1.0181
    660.2981        1.0164
    660.3022        1.0143
    660.3064        1.0122
    660.3105        1.0104
    660.3147        1.0094
    660.3188        1.0094
    660.3230        1.0103
    660.3271        1.0117
    660.3313        1.0128
    660.3354        1.0128
    660.3395        1.0111
    660.3437        1.0074
    660.3478        1.0023
    660.3520        0.9969
    660.3561        0.9925
    660.3603        0.9907
    660.3644        0.9921
    660.3686        0.9963
    660.3727        1.0022
    660.3769        1.0082
    660.3810        1.0128
    660.3851        1.0155
    660.3893        1.0162
    660.3934        1.0155
    660.3976        1.0139
    660.4017        1.0117
    660.4059        1.0092
    660.4100        1.0067
    660.4142        1.0048
    660.4183        1.0041
    660.4225        1.0053
    660.4266        1.0081
    660.4308        1.0119
    660.4349        1.0157
    660.4390        1.0181
    660.4432        1.0184
    660.4473        1.0161
    660.4515        1.0117
    660.4556        1.0059
    660.4598        0.9997
    660.4639        0.9941
    660.4681        0.9897
    660.4722        0.9868
    660.4764        0.9852
    660.4805        0.9846
    660.4846        0.9846
    660.4888        0.9848
    660.4929        0.9849
    660.4971        0.9847
    660.5012        0.9843
    660.5054        0.9838
    660.5095        0.9832
    660.5137        0.9824
    660.5178        0.9809
    660.5220        0.9782
    660.5261        0.9743
    660.5303        0.9694
    660.5344        0.9648
    660.5385        0.9613
    660.5427        0.9599
    660.5468        0.9604
    660.5510        0.9624
    660.5551        0.9653
    660.5593        0.9687
    660.5634        0.9728
    660.5676        0.9777
    660.5717        0.9833
    660.5759        0.9889
    660.5800        0.9938
    660.5842        0.9974
    660.5883        0.9996
    660.5924        1.0006
    660.5966        1.0016
    660.6007        1.0019
    660.6049        1.0058
    660.6090        0.9996
    660.6132        1.0342
    660.6173        0.9036
    660.6215        0.0000
