    650.0447        0.9798
    650.0489        0.9834
    650.0530        0.9875
    650.0572        0.9912
    650.0613        0.9942
    650.0655        0.9961
    650.0696        0.9969
    650.0737        0.9970
    650.0779        0.9969
    650.0820        0.9972
    650.0862        0.9985
    650.0903        1.0009
    650.0945        1.0037
    650.0986        1.0063
    650.1028        1.0078
    650.1069        1.0079
    650.1111        1.0067
    650.1152        1.0045
    650.1193        1.0020
    650.1235        0.9996
    650.1276        0.9977
    650.1318        0.9964
    650.1359        0.9956
    650.1401        0.9950
    650.1442        0.9942
    650.1484        0.9932
    650.1525        0.9923
    650.1567        0.9915
    650.1608        0.9910
    650.1650        0.9902
    650.1691        0.9888
    650.1732        0.9867
    650.1774        0.9840
    650.1815        0.9816
    650.1857        0.9801
    650.1898        0.9800
    650.1940        0.9815
    650.1981        0.9842
    650.2023        0.9874
    650.2064        0.9901
    650.2106        0.9917
    650.2147        0.9919
    650.2189        0.9906
    650.2230        0.9883
    650.2271        0.9854
    650.2313        0.9827
    650.2354        0.9806
    650.2396        0.9794
    650.2437        0.9790
    650.2479        0.9792
    650.2520        0.9795
    650.2562        0.9798
    650.2603        0.9802
    650.2645        0.9812
    650.2686        0.9827
    650.2727        0.9842
    650.2769        0.9848
    650.2810        0.9834
    650.2852        0.9796
    650.2893        0.9742
    650.2935        0.9690
    650.2976        0.9658
    650.3018        0.9654
    650.3059        0.9676
    650.3101        0.9712
    650.3142        0.9745
    650.3184        0.9763
    650.3225        0.9762
    650.3266        0.9744
    650.3308        0.9723
    650.3349        0.9706
    650.3391        0.9700
    650.3432        0.9700
    650.3474        0.9697
    650.3515        0.9682
    650.3557        0.9655
    650.3598        0.9621
    650.3640        0.9586
    650.3681        0.9560
    650.3723        0.9549
    650.3764        0.9558
    650.3805        0.9586
    650.3847        0.9623
    650.3888        0.9657
    650.3930        0.9677
    650.3971        0.9679
    650.4013        0.9665
    650.4054        0.9644
    650.4096        0.9623
    650.4137        0.9607
    650.4179        0.9598
    650.4220        0.9600
    650.4261        0.9612
    650.4303        0.9636
    650.4344        0.9666
    650.4386        0.9694
    650.4427        0.9714
    650.4469        0.9722
    650.4510        0.9727
    650.4552        0.9741
    650.4593        0.9772
    650.4635        0.9820
    650.4676        0.9872
    650.4718        0.9916
    650.4759        0.9940
    650.4800        0.9943
    650.4842        0.9927
    650.4883        0.9901
    650.4925        0.9873
    650.4966        0.9853
    650.5008        0.9846
    650.5049        0.9858
    650.5091        0.9890
    650.5132        0.9939
    650.5174        0.9998
    650.5215        1.0053
    650.5256        1.0090
    650.5298        1.0102
    650.5339        1.0091
    650.5381        1.0063
    650.5422        1.0030
    650.5464        1.0000
    650.5505        0.9973
    650.5547        0.9948
    650.5588        0.9923
    650.5630        0.9899
    650.5671        0.9884
    650.5713        0.9886
    650.5754        0.9908
    650.5795        0.9945
    650.5837        0.9989
    650.5878        1.0033
    650.5920        1.0071
    650.5961        1.0101
    650.6003        1.0119
    650.6044        1.0121
    650.6086        1.0110
    650.6127        1.0092
    650.6169        1.0073
    650.6210        1.0059
    650.6252        1.0052
    650.6293        1.0052
    650.6334        1.0056
    650.6376        1.0060
    650.6417        1.0056
    650.6459        1.0040
    650.6500        1.0014
    650.6542        0.9985
    650.6583        0.9961
    650.6625        0.9949
    650.6666        0.9952
    650.6708        0.9967
    650.6749        0.9990
    650.6790        1.0014
    650.6832        1.0039
    650.6873        1.0064
    650.6915        1.0093
    650.6956        1.0125
    650.6998        1.0154
    650.7039        1.0171
    650.7081        1.0164
    650.7122        1.0130
    650.7164        1.0074
    650.7205        1.0009
    650.7247        0.9950
    650.7288        0.9907
    650.7329        0.9884
    650.7371        0.9877
    650.7412        0.9881
    650.7454        0.9891
    650.7495        0.9903
    650.7537        0.9912
    650.7578        0.9914
    650.7620        0.9908
    650.7661        0.9900
    650.7703        0.9897
    650.7744        0.9908
    650.7786        0.9936
    650.7827        0.9972
    650.7868        1.0006
    650.7910        1.0027
    650.7951        1.0032
    650.7993        1.0022
    650.8034        1.0004
    650.8076        0.9980
    650.8117        0.9950
    650.8159        0.9912
    650.8200        0.9865
    650.8242        0.9809
    650.8283        0.9750
    650.8324        0.9698
    650.8366        0.9659
    650.8407        0.9635
    650.8449        0.9622
    650.8490        0.9614
    650.8532        0.9608
    650.8573        0.9605
    650.8615        0.9609
    650.8656        0.9626
    650.8698        0.9658
    650.8739        0.9707
    650.8781        0.9768
    650.8822        0.9831
    650.8863        0.9890
    650.8905        0.9941
    650.8946        0.9985
    650.8988        1.0024
    650.9029        1.0058
    650.9071        1.0086
    650.9112        1.0101
    650.9154        1.0100
    650.9195        1.0083
    650.9237        1.0056
    650.9278        1.0029
    650.9319        1.0015
    650.9361        1.0023
    650.9402        1.0055
    650.9444        1.0102
    650.9485        1.0150
    650.9527        1.0184
    650.9568        1.0197
    650.9610        1.0189
    650.9651        1.0166
    650.9693        1.0139
    650.9734        1.0115
    650.9776        1.0098
    650.9817        1.0084
    650.9858        1.0065
    650.9900        1.0035
    650.9941        0.9997
    650.9983        0.9959
    651.0024        0.9931
    651.0066        0.9920
    651.0107        0.9927
    651.0149        0.9946
    651.0190        0.9972
    651.0232        0.9997
    651.0273        1.0019
    651.0315        1.0038
    651.0356        1.0055
    651.0397        1.0071
    651.0439        1.0086
    651.0480        1.0099
    651.0522        1.0112
    651.0563        1.0123
    651.0605        1.0129
    651.0646        1.0130
    651.0688        1.0124
    651.0729        1.0112
    651.0771        1.0096
    651.0812        1.0080
    651.0853        1.0067
    651.0895        1.0063
    651.0936        1.0069
    651.0978        1.0086
    651.1019        1.0111
    651.1061        1.0138
    651.1102        1.0158
    651.1144        1.0165
    651.1185        1.0154
    651.1227        1.0128
    651.1268        1.0095
    651.1310        1.0065
    651.1351        1.0048
    651.1392        1.0047
    651.1434        1.0060
    651.1475        1.0081
    651.1517        1.0102
    651.1558        1.0112
    651.1600        1.0105
    651.1641        1.0077
    651.1683        1.0030
    651.1724        0.9970
    651.1766        0.9905
    651.1807        0.9843
    651.1849        0.9789
    651.1890        0.9739
    651.1931        0.9693
    651.1973        0.9652
    651.2014        0.9625
    651.2056        0.9620
    651.2097        0.9641
    651.2139        0.9678
    651.2180        0.9713
    651.2222        0.9729
    651.2263        0.9719
    651.2305        0.9692
    651.2346        0.9661
    651.2387        0.9638
    651.2429        0.9631
    651.2470        0.9642
    651.2512        0.9673
    651.2553        0.9724
    651.2595        0.9796
    651.2636        0.9883
    651.2678        0.9973
    651.2719        1.0053
    651.2761        1.0111
    651.2802        1.0142
    651.2844        1.0150
    651.2885        1.0147
    651.2926        1.0142
    651.2968        1.0143
    651.3009        1.0147
    651.3051        1.0150
    651.3092        1.0148
    651.3134        1.0137
    651.3175        1.0121
    651.3217        1.0104
    651.3258        1.0091
    651.3300        1.0082
    651.3341        1.0073
    651.3382        1.0060
    651.3424        1.0043
    651.3465        1.0027
    651.3507        1.0021
    651.3548        1.0025
    651.3590        1.0037
    651.3631        1.0047
    651.3673        1.0048
    651.3714        1.0038
    651.3756        1.0020
    651.3797        0.9999
    651.3839        0.9981
    651.3880        0.9964
    651.3921        0.9948
    651.3963        0.9928
    651.4004        0.9901
    651.4046        0.9863
    651.4087        0.9809
    651.4129        0.9736
    651.4170        0.9649
    651.4212        0.9556
    651.4253        0.9468
    651.4295        0.9394
    651.4336        0.9336
    651.4378        0.9294
    651.4419        0.9263
    651.4460        0.9239
    651.4502        0.9211
    651.4543        0.9172
    651.4585        0.9117
    651.4626        0.9045
    651.4668        0.8966
    651.4709        0.8897
    651.4751        0.8859
    651.4792        0.8863
    651.4834        0.8908
    651.4875        0.8979
    651.4916        0.9052
    651.4958        0.9115
    651.4999        0.9165
    651.5041        0.9217
    651.5082        0.9284
    651.5124        0.9372
    651.5165        0.9477
    651.5207        0.9584
    651.5248        0.9677
    651.5290        0.9747
    651.5331        0.9789
    651.5373        0.9804
    651.5414        0.9799
    651.5455        0.9780
    651.5497        0.9752
    651.5538        0.9721
    651.5580        0.9686
    651.5621        0.9644
    651.5663        0.9590
    651.5704        0.9527
    651.5746        0.9460
    651.5787        0.9402
    651.5829        0.9361
    651.5870        0.9342
    651.5911        0.9339
    651.5953        0.9347
    651.5994        0.9358
    651.6036        0.9364
    651.6077        0.9357
    651.6119        0.9325
    651.6160        0.9261
    651.6202        0.9162
    651.6243        0.9033
    651.6285        0.8885
    651.6326        0.8734
    651.6368        0.8593
    651.6409        0.8471
    651.6450        0.8372
    651.6492        0.8296
    651.6533        0.8239
    651.6575        0.8202
    651.6616        0.8190
    651.6658        0.8207
    651.6699        0.8261
    651.6741        0.8348
    651.6782        0.8458
    651.6824        0.8578
    651.6865        0.8695
    651.6907        0.8803
    651.6948        0.8901
    651.6989        0.8991
    651.7031        0.9074
    651.7072        0.9147
    651.7114        0.9211
    651.7155        0.9274
    651.7197        0.9347
    651.7238        0.9441
    651.7280        0.9557
    651.7321        0.9687
    651.7363        0.9812
    651.7404        0.9914
    651.7445        0.9979
    651.7487        1.0002
    651.7528        0.9989
    651.7570        0.9948
    651.7611        0.9891
    651.7653        0.9828
    651.7694        0.9768
    651.7736        0.9717
    651.7777        0.9682
    651.7819        0.9662
    651.7860        0.9652
    651.7902        0.9646
    651.7943        0.9637
    651.7984        0.9627
    651.8026        0.9625
    651.8067        0.9640
    651.8109        0.9678
    651.8150        0.9738
    651.8192        0.9815
    651.8233        0.9902
    651.8275        0.9990
    651.8316        1.0067
    651.8358        1.0120
    651.8399        1.0137
    651.8441        1.0113
    651.8482        1.0055
    651.8523        0.9981
    651.8565        0.9912
    651.8606        0.9863
    651.8648        0.9840
    651.8689        0.9835
    651.8731        0.9837
    651.8772        0.9835
    651.8814        0.9820
    651.8855        0.9794
    651.8897        0.9763
    651.8938        0.9735
    651.8979        0.9716
    651.9021        0.9702
    651.9062        0.9680
    651.9104        0.9638
    651.9145        0.9570
    651.9187        0.9478
    651.9228        0.9373
    651.9270        0.9269
    651.9311        0.9178
    651.9353        0.9107
    651.9394        0.9063
    651.9436        0.9051
    651.9477        0.9075
    651.9518        0.9136
    651.9560        0.9225
    651.9601        0.9330
    651.9643        0.9432
    651.9684        0.9518
    651.9726        0.9585
    651.9767        0.9633
    651.9809        0.9668
    651.9850        0.9698
    651.9892        0.9727
    651.9933        0.9756
    651.9974        0.9789
    652.0016        0.9826
    652.0057        0.9861
    652.0099        0.9889
    652.0140        0.9903
    652.0182        0.9904
    652.0223        0.9899
    652.0265        0.9898
    652.0306        0.9905
    652.0348        0.9922
    652.0389        0.9942
    652.0431        0.9957
    652.0472        0.9961
    652.0513        0.9957
    652.0555        0.9949
    652.0596        0.9947
    652.0638        0.9955
    652.0679        0.9975
    652.0721        1.0001
    652.0762        1.0025
    652.0804        1.0037
    652.0845        1.0031
    652.0887        1.0010
    652.0928        0.9979
    652.0970        0.9949
    652.1011        0.9928
    652.1052        0.9919
    652.1094        0.9924
    652.1135        0.9942
    652.1177        0.9972
    652.1218        1.0009
    652.1260        1.0051
    652.1301        1.0095
    652.1343        1.0139
    652.1384        1.0184
    652.1426        1.0224
    652.1467        1.0254
    652.1508        1.0265
    652.1550        1.0255
    652.1591        1.0228
    652.1633        1.0193
    652.1674        1.0157
    652.1716        1.0125
    652.1757        1.0097
    652.1799        1.0071
    652.1840        1.0050
    652.1882        1.0038
    652.1923        1.0037
    652.1965        1.0048
    652.2006        1.0069
    652.2047        1.0092
    652.2089        1.0112
    652.2130        1.0121
    652.2172        1.0118
    652.2213        1.0105
    652.2255        1.0086
    652.2296        1.0063
    652.2338        1.0034
    652.2379        0.9997
    652.2421        0.9949
    652.2462        0.9897
    652.2504        0.9853
    652.2545        0.9830
    652.2586        0.9838
    652.2628        0.9876
    652.2669        0.9933
    652.2711        0.9992
    652.2752        1.0034
    652.2794        1.0046
    652.2835        1.0027
    652.2877        0.9983
    652.2918        0.9926
    652.2960        0.9867
    652.3001        0.9816
    652.3042        0.9780
    652.3084        0.9765
    652.3125        0.9770
    652.3167        0.9787
    652.3208        0.9803
    652.3250        0.9803
    652.3291        0.9774
    652.3333        0.9714
    652.3374        0.9631
    652.3416        0.9537
    652.3457        0.9446
    652.3499        0.9367
    652.3540        0.9307
    652.3581        0.9266
    652.3623        0.9239
    652.3664        0.9222
    652.3706        0.9210
    652.3747        0.9202
    652.3789        0.9203
    652.3830        0.9214
    652.3872        0.9240
    652.3913        0.9280
    652.3955        0.9331
    652.3996        0.9386
    652.4037        0.9439
    652.4079        0.9488
    652.4120        0.9534
    652.4162        0.9578
    652.4203        0.9621
    652.4245        0.9661
    652.4286        0.9696
    652.4328        0.9726
    652.4369        0.9749
    652.4411        0.9766
    652.4452        0.9777
    652.4494        0.9786
    652.4535        0.9798
    652.4576        0.9823
    652.4618        0.9862
    652.4659        0.9914
    652.4701        0.9968
    652.4742        1.0013
    652.4784        1.0041
    652.4825        1.0052
    652.4867        1.0052
    652.4908        1.0051
    652.4950        1.0054
    652.4991        1.0065
    652.5033        1.0080
    652.5074        1.0095
    652.5115        1.0104
    652.5157        1.0108
    652.5198        1.0107
    652.5240        1.0103
    652.5281        1.0092
    652.5323        1.0068
    652.5364        1.0025
    652.5406        0.9972
    652.5447        0.9924
    652.5489        0.9901
    652.5530        0.9917
    652.5571        0.9966
    652.5613        1.0031
    652.5654        1.0089
    652.5696        1.0122
    652.5737        1.0126
    652.5779        1.0107
    652.5820        1.0076
    652.5862        1.0046
    652.5903        1.0025
    652.5945        1.0012
    652.5986        1.0003
    652.6028        0.9995
    652.6069        0.9986
    652.6110        0.9980
    652.6152        0.9983
    652.6193        0.9997
    652.6235        1.0017
    652.6276        1.0036
    652.6318        1.0046
    652.6359        1.0043
    652.6401        1.0029
    652.6442        1.0014
    652.6484        1.0007
    652.6525        1.0012
    652.6567        1.0030
    652.6608        1.0056
    652.6649        1.0084
    652.6691        1.0111
    652.6732        1.0136
    652.6774        1.0157
    652.6815        1.0173
    652.6857        1.0181
    652.6898        1.0180
    652.6940        1.0169
    652.6981        1.0151
    652.7023        1.0127
    652.7064        1.0105
    652.7105        1.0090
    652.7147        1.0086
    652.7188        1.0091
    652.7230        1.0102
    652.7271        1.0109
    652.7313        1.0106
    652.7354        1.0088
    652.7396        1.0054
    652.7437        1.0008
    652.7479        0.9954
    652.7520        0.9897
    652.7562        0.9842
    652.7603        0.9793
    652.7644        0.9752
    652.7686        0.9722
    652.7727        0.9705
    652.7769        0.9702
    652.7810        0.9715
    652.7852        0.9747
    652.7893        0.9794
    652.7935        0.9852
    652.7976        0.9912
    652.8018        0.9965
    652.8059        1.0005
    652.8100        1.0028
    652.8142        1.0038
    652.8183        1.0042
    652.8225        1.0046
    652.8266        1.0058
    652.8308        1.0081
    652.8349        1.0112
    652.8391        1.0143
    652.8432        1.0163
    652.8474        1.0167
    652.8515        1.0156
    652.8557        1.0134
    652.8598        1.0108
    652.8639        1.0078
    652.8681        1.0046
    652.8722        1.0016
    652.8764        0.9993
    652.8805        0.9984
    652.8847        0.9989
    652.8888        1.0007
    652.8930        1.0030
    652.8971        1.0056
    652.9013        1.0078
    652.9054        1.0091
    652.9096        1.0091
    652.9137        1.0077
    652.9178        1.0051
    652.9220        1.0022
    652.9261        0.9996
    652.9303        0.9979
    652.9344        0.9970
    652.9386        0.9970
    652.9427        0.9978
    652.9469        0.9993
    652.9510        1.0013
    652.9552        1.0030
    652.9593        1.0038
    652.9634        1.0030
    652.9676        1.0001
    652.9717        0.9949
    652.9759        0.9878
    652.9800        0.9798
    652.9842        0.9723
    652.9883        0.9666
    652.9925        0.9634
    652.9966        0.9626
    653.0008        0.9639
    653.0049        0.9668
    653.0091        0.9710
    653.0132        0.9762
    653.0173        0.9817
    653.0215        0.9869
    653.0256        0.9910
    653.0298        0.9939
    653.0339        0.9957
    653.0381        0.9966
    653.0422        0.9967
    653.0464        0.9959
    653.0505        0.9940
    653.0547        0.9914
    653.0588        0.9884
    653.0630        0.9855
    653.0671        0.9835
    653.0712        0.9831
    653.0754        0.9846
    653.0795        0.9882
    653.0837        0.9932
    653.0878        0.9984
    653.0920        1.0023
    653.0961        1.0038
    653.1003        1.0026
    653.1044        0.9994
    653.1086        0.9957
    653.1127        0.9928
    653.1168        0.9914
    653.1210        0.9918
    653.1251        0.9937
    653.1293        0.9969
    653.1334        1.0011
    653.1376        1.0063
    653.1417        1.0119
    653.1459        1.0175
    653.1500        1.0221
    653.1542        1.0252
    653.1583        1.0263
    653.1625        1.0251
    653.1666        1.0219
    653.1707        1.0174
    653.1749        1.0126
    653.1790        1.0085
    653.1832        1.0055
    653.1873        1.0033
    653.1915        1.0009
    653.1956        0.9969
    653.1998        0.9903
    653.2039        0.9810
    653.2081        0.9694
    653.2122        0.9566
    653.2163        0.9436
    653.2205        0.9312
    653.2246        0.9205
    653.2288        0.9126
    653.2329        0.9084
    653.2371        0.9087
    653.2412        0.9134
    653.2454        0.9214
    653.2495        0.9313
    653.2537        0.9418
    653.2578        0.9523
    653.2620        0.9629
    653.2661        0.9738
    653.2702        0.9847
    653.2744        0.9945
    653.2785        1.0021
    653.2827        1.0067
    653.2868        1.0086
    653.2910        1.0088
    653.2951        1.0087
    653.2993        1.0089
    653.3034        1.0095
    653.3076        1.0096
    653.3117        1.0084
    653.3159        1.0053
    653.3200        1.0004
    653.3241        0.9946
    653.3283        0.9893
    653.3324        0.9856
    653.3366        0.9843
    653.3407        0.9854
    653.3449        0.9883
    653.3490        0.9913
    653.3532        0.9930
    653.3573        0.9924
    653.3615        0.9896
    653.3656        0.9853
    653.3697        0.9808
    653.3739        0.9770
    653.3780        0.9742
    653.3822        0.9723
    653.3863        0.9705
    653.3905        0.9684
    653.3946        0.9659
    653.3988        0.9634
    653.4029        0.9614
    653.4071        0.9604
    653.4112        0.9603
    653.4154        0.9610
    653.4195        0.9623
    653.4236        0.9639
    653.4278        0.9659
    653.4319        0.9686
    653.4361        0.9726
    653.4402        0.9776
    653.4444        0.9830
    653.4485        0.9875
    653.4527        0.9899
    653.4568        0.9897
    653.4610        0.9871
    653.4651        0.9831
    653.4693        0.9789
    653.4734        0.9754
    653.4775        0.9733
    653.4817        0.9730
    653.4858        0.9742
    653.4900        0.9765
    653.4941        0.9791
    653.4983        0.9812
    653.5024        0.9823
    653.5066        0.9826
    653.5107        0.9825
    653.5149        0.9828
    653.5190        0.9840
    653.5231        0.9863
    653.5273        0.9897
    653.5314        0.9938
    653.5356        0.9978
    653.5397        1.0009
    653.5439        1.0021
    653.5480        1.0011
    653.5522        0.9982
    653.5563        0.9945
    653.5605        0.9916
    653.5646        0.9908
    653.5688        0.9929
    653.5729        0.9972
    653.5770        1.0026
    653.5812        1.0074
    653.5853        1.0105
    653.5895        1.0113
    653.5936        1.0103
    653.5978        1.0079
    653.6019        1.0048
    653.6061        1.0013
    653.6102        0.9978
    653.6144        0.9946
    653.6185        0.9921
    653.6226        0.9906
    653.6268        0.9899
    653.6309        0.9894
    653.6351        0.9883
    653.6392        0.9863
    653.6434        0.9839
    653.6475        0.9818
    653.6517        0.9806
    653.6558        0.9808
    653.6600        0.9822
    653.6641        0.9842
    653.6683        0.9863
    653.6724        0.9877
    653.6765        0.9874
    653.6807        0.9846
    653.6848        0.9795
    653.6890        0.9729
    653.6931        0.9668
    653.6973        0.9631
    653.7014        0.9630
    653.7056        0.9668
    653.7097        0.9733
    653.7139        0.9811
    653.7180        0.9886
    653.7222        0.9946
    653.7263        0.9987
    653.7304        1.0014
    653.7346        1.0032
    653.7387        1.0044
    653.7429        1.0052
    653.7470        1.0051
    653.7512        1.0040
    653.7553        1.0017
    653.7595        0.9985
    653.7636        0.9950
    653.7678        0.9917
    653.7719        0.9889
    653.7760        0.9864
    653.7802        0.9842
    653.7843        0.9823
    653.7885        0.9810
    653.7926        0.9804
    653.7968        0.9804
    653.8009        0.9809
    653.8051        0.9814
    653.8092        0.9819
    653.8134        0.9822
    653.8175        0.9824
    653.8217        0.9825
    653.8258        0.9828
    653.8299        0.9838
    653.8341        0.9862
    653.8382        0.9902
    653.8424        0.9957
    653.8465        1.0017
    653.8507        1.0069
    653.8548        1.0102
    653.8590        1.0114
    653.8631        1.0110
    653.8673        1.0101
    653.8714        1.0095
    653.8756        1.0098
    653.8797        1.0106
    653.8838        1.0115
    653.8880        1.0120
    653.8921        1.0116
    653.8963        1.0104
    653.9004        1.0080
    653.9046        1.0046
    653.9087        1.0008
    653.9129        0.9973
    653.9170        0.9953
    653.9212        0.9953
    653.9253        0.9971
    653.9294        0.9992
    653.9336        1.0003
    653.9377        0.9996
    653.9419        0.9972
    653.9460        0.9942
    653.9502        0.9917
    653.9543        0.9908
    653.9585        0.9917
    653.9626        0.9940
    653.9668        0.9969
    653.9709        0.9993
    653.9751        1.0007
    653.9792        1.0010
    653.9833        1.0003
    653.9875        0.9993
    653.9916        0.9984
    653.9958        0.9980
    653.9999        0.9986
    654.0041        1.0001
    654.0082        1.0023
    654.0124        1.0042
    654.0165        1.0050
    654.0207        1.0041
    654.0248        1.0020
    654.0289        0.9994
    654.0331        0.9973
    654.0372        0.9961
    654.0414        0.9956
    654.0455        0.9956
    654.0497        0.9961
    654.0538        0.9971
    654.0580        0.9985
    654.0621        1.0003
    654.0663        1.0017
    654.0704        1.0025
    654.0746        1.0024
    654.0787        1.0013
    654.0828        0.9991
    654.0870        0.9961
    654.0911        0.9930
    654.0953        0.9906
    654.0994        0.9900
    654.1036        0.9915
    654.1077        0.9947
    654.1119        0.9987
    654.1160        1.0022
    654.1202        1.0046
    654.1243        1.0058
    654.1285        1.0061
    654.1326        1.0058
    654.1367        1.0049
    654.1409        1.0034
    654.1450        1.0011
    654.1492        0.9980
    654.1533        0.9946
    654.1575        0.9916
    654.1616        0.9898
    654.1658        0.9898
    654.1699        0.9916
    654.1741        0.9946
    654.1782        0.9977
    654.1823        0.9998
    654.1865        0.9999
    654.1906        0.9975
    654.1948        0.9925
    654.1989        0.9852
    654.2031        0.9760
    654.2072        0.9657
    654.2114        0.9554
    654.2155        0.9465
    654.2197        0.9402
    654.2238        0.9370
    654.2280        0.9368
    654.2321        0.9389
    654.2362        0.9421
    654.2404        0.9457
    654.2445        0.9489
    654.2487        0.9518
    654.2528        0.9542
    654.2570        0.9565
    654.2611        0.9590
    654.2653        0.9622
    654.2694        0.9664
    654.2736        0.9718
    654.2777        0.9784
    654.2818        0.9855
    654.2860        0.9922
    654.2901        0.9976
    654.2943        1.0010
    654.2984        1.0020
    654.3026        1.0014
    654.3067        0.9999
    654.3109        0.9983
    654.3150        0.9971
    654.3192        0.9964
    654.3233        0.9956
    654.3275        0.9942
    654.3316        0.9917
    654.3357        0.9877
    654.3399        0.9823
    654.3440        0.9756
    654.3482        0.9681
    654.3523        0.9596
    654.3565        0.9503
    654.3606        0.9400
    654.3648        0.9285
    654.3689        0.9161
    654.3731        0.9035
    654.3772        0.8916
    654.3814        0.8814
    654.3855        0.8740
    654.3896        0.8701
    654.3938        0.8701
    654.3979        0.8742
    654.4021        0.8820
    654.4062        0.8928
    654.4104        0.9054
    654.4145        0.9185
    654.4187        0.9307
    654.4228        0.9412
    654.4270        0.9501
    654.4311        0.9579
    654.4352        0.9651
    654.4394        0.9719
    654.4435        0.9777
    654.4477        0.9817
    654.4518        0.9833
    654.4560        0.9827
    654.4601        0.9807
    654.4643        0.9784
    654.4684        0.9764
    654.4726        0.9751
    654.4767        0.9747
    654.4809        0.9750
    654.4850        0.9762
    654.4891        0.9781
    654.4933        0.9802
    654.4974        0.9817
    654.5016        0.9816
    654.5057        0.9796
    654.5099        0.9761
    654.5140        0.9728
    654.5182        0.9711
    654.5223        0.9721
    654.5265        0.9754
    654.5306        0.9798
    654.5348        0.9836
    654.5389        0.9853
    654.5430        0.9850
    654.5472        0.9834
    654.5513        0.9820
    654.5555        0.9815
    654.5596        0.9819
    654.5638        0.9821
    654.5679        0.9811
    654.5721        0.9785
    654.5762        0.9750
    654.5804        0.9719
    654.5845        0.9705
    654.5886        0.9711
    654.5928        0.9734
    654.5969        0.9765
    654.6011        0.9796
    654.6052        0.9824
    654.6094        0.9846
    654.6135        0.9860
    654.6177        0.9864
    654.6218        0.9854
    654.6260        0.9832
    654.6301        0.9802
    654.6343        0.9768
    654.6384        0.9735
    654.6425        0.9703
    654.6467        0.9672
    654.6508        0.9641
    654.6550        0.9610
    654.6591        0.9580
    654.6633        0.9553
    654.6674        0.9534
    654.6716        0.9523
    654.6757        0.9520
    654.6799        0.9521
    654.6840        0.9522
    654.6881        0.9522
    654.6923        0.9520
    654.6964        0.9521
    654.7006        0.9525
    654.7047        0.9531
    654.7089        0.9538
    654.7130        0.9545
    654.7172        0.9552
    654.7213        0.9562
    654.7255        0.9575
    654.7296        0.9588
    654.7338        0.9598
    654.7379        0.9604
    654.7420        0.9605
    654.7462        0.9604
    654.7503        0.9602
    654.7545        0.9595
    654.7586        0.9580
    654.7628        0.9556
    654.7669        0.9525
    654.7711        0.9492
    654.7752        0.9463
    654.7794        0.9445
    654.7835        0.9443
    654.7877        0.9456
    654.7918        0.9474
    654.7959        0.9490
    654.8001        0.9497
    654.8042        0.9497
    654.8084        0.9496
    654.8125        0.9497
    654.8167        0.9501
    654.8208        0.9497
    654.8250        0.9474
    654.8291        0.9423
    654.8333        0.9342
    654.8374        0.9234
    654.8415        0.9111
    654.8457        0.8988
    654.8498        0.8882
    654.8540        0.8805
    654.8581        0.8766
    654.8623        0.8767
    654.8664        0.8804
    654.8706        0.8870
    654.8747        0.8955
    654.8789        0.9051
    654.8830        0.9151
    654.8872        0.9250
    654.8913        0.9346
    654.8954        0.9433
    654.8996        0.9507
    654.9037        0.9560
    654.9079        0.9590
    654.9120        0.9602
    654.9162        0.9607
    654.9203        0.9614
    654.9245        0.9631
    654.9286        0.9656
    654.9328        0.9683
    654.9369        0.9703
    654.9411        0.9710
    654.9452        0.9703
    654.9493        0.9686
    654.9535        0.9664
    654.9576        0.9644
    654.9618        0.9628
    654.9659        0.9618
    654.9701        0.9609
    654.9742        0.9599
    654.9784        0.9584
    654.9825        0.9565
    654.9867        0.9548
    654.9908        0.9542
    654.9949        0.9556
    654.9991        0.9590
    655.0032        0.9639
    655.0074        0.9692
    655.0115        0.9738
    655.0157        0.9768
    655.0198        0.9777
    655.0240        0.9764
    655.0281        0.9735
    655.0323        0.9698
    655.0364        0.9661
    655.0406        0.9631
    655.0447        0.9610
    655.0488        0.9597
    655.0530        0.9587
    655.0571        0.9579
    655.0613        0.9570
    655.0654        0.9563
    655.0696        0.9562
    655.0737        0.9576
    655.0779        0.9607
    655.0820        0.9652
    655.0862        0.9700
    655.0903        0.9739
    655.0944        0.9758
    655.0986        0.9757
    655.1027        0.9745
    655.1069        0.9735
    655.1110        0.9731
    655.1152        0.9730
    655.1193        0.9720
    655.1235        0.9693
    655.1276        0.9650
    655.1318        0.9604
    655.1359        0.9571
    655.1401        0.9565
    655.1442        0.9589
    655.1483        0.9633
    655.1525        0.9680
    655.1566        0.9712
    655.1608        0.9717
    655.1649        0.9694
    655.1691        0.9650
    655.1732        0.9604
    655.1774        0.9570
    655.1815        0.9560
    655.1857        0.9574
    655.1898        0.9602
    655.1940        0.9627
    655.1981        0.9631
    655.2022        0.9600
    655.2064        0.9533
    655.2105        0.9437
    655.2147        0.9330
    655.2188        0.9229
    655.2230        0.9146
    655.2271        0.9078
    655.2313        0.9014
    655.2354        0.8943
    655.2396        0.8855
    655.2437        0.8756
    655.2478        0.8658
    655.2520        0.8576
    655.2561        0.8524
    655.2603        0.8511
    655.2644        0.8539
    655.2686        0.8605
    655.2727        0.8701
    655.2769        0.8814
    655.2810        0.8930
    655.2852        0.9036
    655.2893        0.9125
    655.2935        0.9192
    655.2976        0.9241
    655.3017        0.9273
    655.3059        0.9290
    655.3100        0.9295
    655.3142        0.9294
    655.3183        0.9291
    655.3225        0.9293
    655.3266        0.9304
    655.3308        0.9323
    655.3349        0.9342
    655.3391        0.9351
    655.3432        0.9344
    655.3474        0.9320
    655.3515        0.9283
    655.3556        0.9242
    655.3598        0.9203
    655.3639        0.9173
    655.3681        0.9155
    655.3722        0.9157
    655.3764        0.9180
    655.3805        0.9222
    655.3847        0.9273
    655.3888        0.9320
    655.3930        0.9356
    655.3971        0.9379
    655.4012        0.9395
    655.4054        0.9405
    655.4095        0.9413
    655.4137        0.9418
    655.4178        0.9421
    655.4220        0.9423
    655.4261        0.9427
    655.4303        0.9437
    655.4344        0.9449
    655.4386        0.9461
    655.4427        0.9465
    655.4469        0.9458
    655.4510        0.9440
    655.4551        0.9417
    655.4593        0.9399
    655.4634        0.9398
    655.4676        0.9421
    655.4717        0.9466
    655.4759        0.9523
    655.4800        0.9572
    655.4842        0.9599
    655.4883        0.9597
    655.4925        0.9573
    655.4966        0.9538
    655.5007        0.9508
    655.5049        0.9491
    655.5090        0.9489
    655.5132        0.9495
    655.5173        0.9505
    655.5215        0.9512
    655.5256        0.9516
    655.5298        0.9518
    655.5339        0.9520
    655.5381        0.9529
    655.5422        0.9549
    655.5464        0.9586
    655.5505        0.9636
    655.5546        0.9689
    655.5588        0.9730
    655.5629        0.9748
    655.5671        0.9741
    655.5712        0.9722
    655.5754        0.9707
    655.5795        0.9710
    655.5837        0.9733
    655.5878        0.9765
    655.5920        0.9790
    655.5961        0.9798
    655.6003        0.9791
    655.6044        0.9781
    655.6085        0.9780
    655.6127        0.9792
    655.6168        0.9810
    655.6210        0.9823
    655.6251        0.9822
    655.6293        0.9809
    655.6334        0.9792
    655.6376        0.9782
    655.6417        0.9789
    655.6459        0.9816
    655.6500        0.9858
    655.6541        0.9905
    655.6583        0.9949
    655.6624        0.9986
    655.6666        1.0014
    655.6707        1.0030
    655.6749        1.0032
    655.6790        1.0015
    655.6832        0.9975
    655.6873        0.9915
    655.6915        0.9840
    655.6956        0.9761
    655.6998        0.9689
    655.7039        0.9634
    655.7080        0.9597
    655.7122        0.9579
    655.7163        0.9578
    655.7205        0.9589
    655.7246        0.9612
    655.7288        0.9640
    655.7329        0.9668
    655.7371        0.9697
    655.7412        0.9727
    655.7454        0.9760
    655.7495        0.9796
    655.7537        0.9828
    655.7578        0.9850
    655.7619        0.9857
    655.7661        0.9847
    655.7702        0.9820
    655.7744        0.9780
    655.7785        0.9734
    655.7827        0.9683
    655.7868        0.9630
    655.7910        0.9574
    655.7951        0.9515
    655.7993        0.9456
    655.8034        0.9404
    655.8075        0.9364
    655.8117        0.9340
    655.8158        0.9329
    655.8200        0.9324
    655.8241        0.9314
    655.8283        0.9296
    655.8324        0.9273
    655.8366        0.9254
    655.8407        0.9245
    655.8449        0.9250
    655.8490        0.9263
    655.8532        0.9281
    655.8573        0.9299
    655.8614        0.9320
    655.8656        0.9343
    655.8697        0.9363
    655.8739        0.9371
    655.8780        0.9355
    655.8822        0.9311
    655.8863        0.9244
    655.8905        0.9167
    655.8946        0.9094
    655.8988        0.9033
    655.9029        0.8982
    655.9070        0.8936
    655.9112        0.8888
    655.9153        0.8832
    655.9195        0.8769
    655.9236        0.8701
    655.9278        0.8638
    655.9319        0.8587
    655.9361        0.8550
    655.9402        0.8524
    655.9444        0.8497
    655.9485        0.8462
    655.9527        0.8413
    655.9568        0.8353
    655.9609        0.8287
    655.9651        0.8221
    655.9692        0.8156
    655.9734        0.8092
    655.9775        0.8026
    655.9817        0.7957
    655.9858        0.7882
    655.9900        0.7803
    655.9941        0.7725
    655.9983        0.7652
    656.0024        0.7590
    656.0066        0.7541
    656.0107        0.7497
    656.0148        0.7449
    656.0190        0.7389
    656.0231        0.7314
    656.0273        0.7227
    656.0314        0.7132
    656.0356        0.7037
    656.0397        0.6945
    656.0439        0.6860
    656.0480        0.6783
    656.0522        0.6714
    656.0563        0.6655
    656.0604        0.6609
    656.0646        0.6578
    656.0687        0.6562
    656.0729        0.6558
    656.0770        0.6552
    656.0812        0.6535
    656.0853        0.6497
    656.0895        0.6440
    656.0936        0.6365
    656.0978        0.6275
    656.1019        0.6173
    656.1061        0.6065
    656.1102        0.5961
    656.1143        0.5869
    656.1185        0.5795
    656.1226        0.5733
    656.1268        0.5672
    656.1309        0.5601
    656.1351        0.5512
    656.1392        0.5406
    656.1434        0.5292
    656.1475        0.5179
    656.1517        0.5077
    656.1558        0.4987
    656.1600        0.4909
    656.1641        0.4835
    656.1682        0.4758
    656.1724        0.4667
    656.1765        0.4557
    656.1807        0.4426
    656.1848        0.4275
    656.1890        0.4109
    656.1931        0.3933
    656.1973        0.3756
    656.2014        0.3586
    656.2056        0.3430
    656.2097        0.3295
    656.2138        0.3182
    656.2180        0.3092
    656.2221        0.3023
    656.2263        0.2975
    656.2304        0.2948
    656.2346        0.2946
    656.2387        0.2973
    656.2429        0.3032
    656.2470        0.3120
    656.2512        0.3233
    656.2553        0.3359
    656.2595        0.3486
    656.2636        0.3605
    656.2677        0.3713
    656.2719        0.3810
    656.2760        0.3900
    656.2802        0.3992
    656.2843        0.4092
    656.2885        0.4208
    656.2926        0.4341
    656.2968        0.4485
    656.3009        0.4632
    656.3051        0.4770
    656.3092        0.4897
    656.3133        0.5013
    656.3175        0.5124
    656.3216        0.5239
    656.3258        0.5361
    656.3299        0.5489
    656.3341        0.5618
    656.3382        0.5744
    656.3424        0.5862
    656.3465        0.5972
    656.3507        0.6077
    656.3548        0.6178
    656.3590        0.6279
    656.3631        0.6381
    656.3672        0.6482
    656.3714        0.6579
    656.3755        0.6666
    656.3797        0.6735
    656.3838        0.6783
    656.3880        0.6810
    656.3921        0.6822
    656.3963        0.6829
    656.4004        0.6838
    656.4046        0.6854
    656.4087        0.6878
    656.4129        0.6909
    656.4170        0.6949
    656.4211        0.7002
    656.4253        0.7070
    656.4294        0.7155
    656.4336        0.7256
    656.4377        0.7372
    656.4419        0.7500
    656.4460        0.7631
    656.4502        0.7752
    656.4543        0.7849
    656.4585        0.7915
    656.4626        0.7957
    656.4667        0.7993
    656.4709        0.8044
    656.4750        0.8123
    656.4792        0.8231
    656.4833        0.8356
    656.4875        0.8485
    656.4916        0.8606
    656.4958        0.8713
    656.4999        0.8802
    656.5041        0.8869
    656.5082        0.8915
    656.5124        0.8945
    656.5165        0.8968
    656.5206        0.8995
    656.5248        0.9032
    656.5289        0.9081
    656.5331        0.9134
    656.5372        0.9188
    656.5414        0.9239
    656.5455        0.9291
    656.5497        0.9349
    656.5538        0.9414
    656.5580        0.9482
    656.5621        0.9542
    656.5662        0.9581
    656.5704        0.9595
    656.5745        0.9587
    656.5787        0.9569
    656.5828        0.9556
    656.5870        0.9561
    656.5911        0.9590
    656.5953        0.9643
    656.5994        0.9710
    656.6036        0.9779
    656.6077        0.9834
    656.6119        0.9865
    656.6160        0.9869
    656.6201        0.9854
    656.6243        0.9832
    656.6284        0.9816
    656.6326        0.9816
    656.6367        0.9840
    656.6409        0.9888
    656.6450        0.9953
    656.6492        1.0023
    656.6533        1.0088
    656.6575        1.0139
    656.6616        1.0175
    656.6658        1.0201
    656.6699        1.0226
    656.6740        1.0251
    656.6782        1.0279
    656.6823        1.0310
    656.6865        1.0344
    656.6906        1.0383
    656.6948        1.0423
    656.6989        1.0457
    656.7031        1.0476
    656.7072        1.0477
    656.7114        1.0462
    656.7155        1.0442
    656.7196        1.0431
    656.7238        1.0436
    656.7279        1.0462
    656.7321        1.0501
    656.7362        1.0544
    656.7404        1.0580
    656.7445        1.0602
    656.7487        1.0611
    656.7528        1.0612
    656.7570        1.0611
    656.7611        1.0612
    656.7653        1.0615
    656.7694        1.0619
    656.7735        1.0620
    656.7777        1.0616
    656.7818        1.0603
    656.7860        1.0578
    656.7901        1.0538
    656.7943        1.0486
    656.7984        1.0427
    656.8026        1.0367
    656.8067        1.0314
    656.8109        1.0273
    656.8150        1.0248
    656.8192        1.0239
    656.8233        1.0242
    656.8274        1.0251
    656.8316        1.0261
    656.8357        1.0270
    656.8399        1.0275
    656.8440        1.0280
    656.8482        1.0285
    656.8523        1.0291
    656.8565        1.0292
    656.8606        1.0280
    656.8648        1.0251
    656.8689        1.0207
    656.8730        1.0153
    656.8772        1.0095
    656.8813        1.0038
    656.8855        0.9983
    656.8896        0.9932
    656.8938        0.9887
    656.8979        0.9850
    656.9021        0.9825
    656.9062        0.9813
    656.9104        0.9812
    656.9145        0.9821
    656.9187        0.9836
    656.9228        0.9853
    656.9269        0.9869
    656.9311        0.9880
    656.9352        0.9881
    656.9394        0.9869
    656.9435        0.9843
    656.9477        0.9809
    656.9518        0.9778
    656.9560        0.9764
    656.9601        0.9774
    656.9643        0.9810
    656.9684        0.9863
    656.9725        0.9920
    656.9767        0.9969
    656.9808        1.0001
    656.9850        1.0014
    656.9891        1.0009
    656.9933        0.9988
    656.9974        0.9956
    657.0016        0.9919
    657.0057        0.9881
    657.0099        0.9848
    657.0140        0.9821
    657.0182        0.9802
    657.0223        0.9788
    657.0264        0.9771
    657.0306        0.9745
    657.0347        0.9706
    657.0389        0.9657
    657.0430        0.9606
    657.0472        0.9568
    657.0513        0.9552
    657.0555        0.9562
    657.0596        0.9591
    657.0638        0.9626
    657.0679        0.9654
    657.0721        0.9667
    657.0762        0.9665
    657.0803        0.9653
    657.0845        0.9638
    657.0886        0.9626
    657.0928        0.9621
    657.0969        0.9625
    657.1011        0.9635
    657.1052        0.9649
    657.1094        0.9662
    657.1135        0.9672
    657.1177        0.9676
    657.1218        0.9674
    657.1259        0.9668
    657.1301        0.9660
    657.1342        0.9652
    657.1384        0.9640
    657.1425        0.9620
    657.1467        0.9587
    657.1508        0.9546
    657.1550        0.9502
    657.1591        0.9464
    657.1633        0.9434
    657.1674        0.9407
    657.1716        0.9373
    657.1757        0.9321
    657.1798        0.9246
    657.1840        0.9151
    657.1881        0.9047
    657.1923        0.8944
    657.1964        0.8857
    657.2006        0.8795
    657.2047        0.8764
    657.2089        0.8765
    657.2130        0.8796
    657.2172        0.8852
    657.2213        0.8925
    657.2255        0.9010
    657.2296        0.9099
    657.2337        0.9189
    657.2379        0.9274
    657.2420        0.9349
    657.2462        0.9410
    657.2503        0.9455
    657.2545        0.9486
    657.2586        0.9509
    657.2628        0.9526
    657.2669        0.9538
    657.2711        0.9544
    657.2752        0.9541
    657.2793        0.9534
    657.2835        0.9526
    657.2876        0.9522
    657.2918        0.9522
    657.2959        0.9528
    657.3001        0.9539
    657.3042        0.9557
    657.3084        0.9581
    657.3125        0.9604
    657.3167        0.9617
    657.3208        0.9612
    657.3250        0.9592
    657.3291        0.9568
    657.3332        0.9552
    657.3374        0.9554
    657.3415        0.9576
    657.3457        0.9610
    657.3498        0.9645
    657.3540        0.9672
    657.3581        0.9689
    657.3623        0.9697
    657.3664        0.9700
    657.3706        0.9699
    657.3747        0.9691
    657.3788        0.9674
    657.3830        0.9650
    657.3871        0.9623
    657.3913        0.9598
    657.3954        0.9576
    657.3996        0.9557
    657.4037        0.9538
    657.4079        0.9518
    657.4120        0.9495
    657.4162        0.9470
    657.4203        0.9443
    657.4245        0.9415
    657.4286        0.9387
    657.4327        0.9361
    657.4369        0.9337
    657.4410        0.9318
    657.4452        0.9302
    657.4493        0.9284
    657.4535        0.9255
    657.4576        0.9206
    657.4618        0.9130
    657.4659        0.9026
    657.4701        0.8903
    657.4742        0.8773
    657.4784        0.8657
    657.4825        0.8572
    657.4866        0.8533
    657.4908        0.8548
    657.4949        0.8612
    657.4991        0.8711
    657.5032        0.8823
    657.5074        0.8928
    657.5115        0.9012
    657.5157        0.9075
    657.5198        0.9123
    657.5240        0.9165
    657.5281        0.9209
    657.5322        0.9254
    657.5364        0.9298
    657.5405        0.9338
    657.5447        0.9371
    657.5488        0.9398
    657.5530        0.9421
    657.5571        0.9446
    657.5613        0.9478
    657.5654        0.9520
    657.5696        0.9568
    657.5737        0.9613
    657.5779        0.9644
    657.5820        0.9655
    657.5861        0.9647
    657.5903        0.9628
    657.5944        0.9605
    657.5986        0.9586
    657.6027        0.9573
    657.6069        0.9567
    657.6110        0.9566
    657.6152        0.9565
    657.6193        0.9560
    657.6235        0.9549
    657.6276        0.9530
    657.6318        0.9502
    657.6359        0.9465
    657.6400        0.9423
    657.6442        0.9381
    657.6483        0.9348
    657.6525        0.9332
    657.6566        0.9339
    657.6608        0.9370
    657.6649        0.9422
    657.6691        0.9486
    657.6732        0.9549
    657.6774        0.9601
    657.6815        0.9637
    657.6856        0.9657
    657.6898        0.9664
    657.6939        0.9663
    657.6981        0.9659
    657.7022        0.9655
    657.7064        0.9649
    657.7105        0.9640
    657.7147        0.9625
    657.7188        0.9600
    657.7230        0.9567
    657.7271        0.9532
    657.7313        0.9504
    657.7354        0.9489
    657.7395        0.9489
    657.7437        0.9503
    657.7478        0.9525
    657.7520        0.9550
    657.7561        0.9574
    657.7603        0.9593
    657.7644        0.9604
    657.7686        0.9605
    657.7727        0.9596
    657.7769        0.9579
    657.7810        0.9558
    657.7851        0.9535
    657.7893        0.9515
    657.7934        0.9503
    657.7976        0.9501
    657.8017        0.9510
    657.8059        0.9525
    657.8100        0.9540
    657.8142        0.9553
    657.8183        0.9561
    657.8225        0.9569
    657.8266        0.9580
    657.8308        0.9595
    657.8349        0.9613
    657.8390        0.9630
    657.8432        0.9645
    657.8473        0.9655
    657.8515        0.9665
    657.8556        0.9678
    657.8598        0.9693
    657.8639        0.9707
    657.8681        0.9714
    657.8722        0.9704
    657.8764        0.9674
    657.8805        0.9627
    657.8847        0.9574
    657.8888        0.9530
    657.8929        0.9503
    657.8971        0.9496
    657.9012        0.9506
    657.9054        0.9525
    657.9095        0.9547
    657.9137        0.9560
    657.9178        0.9559
    657.9220        0.9540
    657.9261        0.9507
    657.9303        0.9469
    657.9344        0.9436
    657.9385        0.9416
    657.9427        0.9414
    657.9468        0.9431
    657.9510        0.9462
    657.9551        0.9504
    657.9593        0.9550
    657.9634        0.9597
    657.9676        0.9644
    657.9717        0.9687
    657.9759        0.9722
    657.9800        0.9742
    657.9842        0.9745
    657.9883        0.9732
    657.9924        0.9709
    657.9966        0.9679
    658.0007        0.9644
    658.0049        0.9604
    658.0090        0.9565
    658.0132        0.9537
    658.0173        0.9529
    658.0215        0.9546
    658.0256        0.9581
    658.0298        0.9621
    658.0339        0.9654
    658.0381        0.9673
    658.0422        0.9673
    658.0463        0.9651
    658.0505        0.9607
    658.0546        0.9539
    658.0588        0.9451
    658.0629        0.9353
    658.0671        0.9260
    658.0712        0.9186
    658.0754        0.9144
    658.0795        0.9139
    658.0837        0.9167
    658.0878        0.9219
    658.0919        0.9287
    658.0961        0.9364
    658.1002        0.9450
    658.1044        0.9539
    658.1085        0.9627
    658.1127        0.9707
    658.1168        0.9773
    658.1210        0.9817
    658.1251        0.9838
    658.1293        0.9831
    658.1334        0.9800
    658.1376        0.9751
    658.1417        0.9693
    658.1458        0.9637
    658.1500        0.9590
    658.1541        0.9557
    658.1583        0.9536
    658.1624        0.9525
    658.1666        0.9522
    658.1707        0.9527
    658.1749        0.9540
    658.1790        0.9562
    658.1832        0.9591
    658.1873        0.9623
    658.1914        0.9654
    658.1956        0.9678
    658.1997        0.9691
    658.2039        0.9690
    658.2080        0.9676
    658.2122        0.9654
    658.2163        0.9632
    658.2205        0.9621
    658.2246        0.9631
    658.2288        0.9666
    658.2329        0.9716
    658.2371        0.9766
    658.2412        0.9794
    658.2453        0.9786
    658.2495        0.9742
    658.2536        0.9672
    658.2578        0.9593
    658.2619        0.9521
    658.2661        0.9469
    658.2702        0.9443
    658.2744        0.9445
    658.2785        0.9472
    658.2827        0.9515
    658.2868        0.9563
    658.2910        0.9601
    658.2951        0.9615
    658.2992        0.9595
    658.3034        0.9538
    658.3075        0.9451
    658.3117        0.9350
    658.3158        0.9256
    658.3200        0.9189
    658.3241        0.9161
    658.3283        0.9172
    658.3324        0.9215
    658.3366        0.9275
    658.3407        0.9338
    658.3448        0.9396
    658.3490        0.9444
    658.3531        0.9484
    658.3573        0.9518
    658.3614        0.9556
    658.3656        0.9603
    658.3697        0.9660
    658.3739        0.9721
    658.3780        0.9778
    658.3822        0.9823
    658.3863        0.9857
    658.3905        0.9881
    658.3946        0.9898
    658.3987        0.9905
    658.4029        0.9898
    658.4070        0.9874
    658.4112        0.9839
    658.4153        0.9800
    658.4195        0.9769
    658.4236        0.9757
    658.4278        0.9765
    658.4319        0.9791
    658.4361        0.9826
    658.4402        0.9861
    658.4444        0.9887
    658.4485        0.9900
    658.4526        0.9900
    658.4568        0.9888
    658.4609        0.9871
    658.4651        0.9858
    658.4692        0.9857
    658.4734        0.9869
    658.4775        0.9892
    658.4817        0.9914
    658.4858        0.9926
    658.4900        0.9922
    658.4941        0.9908
    658.4982        0.9890
    658.5024        0.9873
    658.5065        0.9858
    658.5107        0.9847
    658.5148        0.9845
    658.5190        0.9856
    658.5231        0.9880
    658.5273        0.9911
    658.5314        0.9935
    658.5356        0.9945
    658.5397        0.9940
    658.5439        0.9926
    658.5480        0.9912
    658.5521        0.9902
    658.5563        0.9894
    658.5604        0.9885
    658.5646        0.9875
    658.5687        0.9867
    658.5729        0.9864
    658.5770        0.9872
    658.5812        0.9891
    658.5853        0.9920
    658.5895        0.9952
    658.5936        0.9981
    658.5977        0.9999
    658.6019        0.9999
    658.6060        0.9976
    658.6102        0.9931
    658.6143        0.9868
    658.6185        0.9796
    658.6226        0.9725
    658.6268        0.9665
    658.6309        0.9623
    658.6351        0.9597
    658.6392        0.9582
    658.6434        0.9571
    658.6475        0.9556
    658.6516        0.9538
    658.6558        0.9516
    658.6599        0.9495
    658.6641        0.9479
    658.6682        0.9471
    658.6724        0.9478
    658.6765        0.9506
    658.6807        0.9554
    658.6848        0.9617
    658.6890        0.9682
    658.6931        0.9732
    658.6973        0.9760
    658.7014        0.9767
    658.7055        0.9770
    658.7097        0.9787
    658.7138        0.9828
    658.7180        0.9890
    658.7221        0.9952
    658.7263        0.9993
    658.7304        1.0001
    658.7346        0.9979
    658.7387        0.9946
    658.7429        0.9920
    658.7470        0.9915
    658.7511        0.9932
    658.7553        0.9963
    658.7594        0.9999
    658.7636        1.0029
    658.7677        1.0045
    658.7719        1.0043
    658.7760        1.0024
    658.7802        0.9994
    658.7843        0.9957
    658.7885        0.9920
    658.7926        0.9885
    658.7968        0.9854
    658.8009        0.9831
    658.8050        0.9821
    658.8092        0.9829
    658.8133        0.9852
    658.8175        0.9884
    658.8216        0.9912
    658.8258        0.9930
    658.8299        0.9939
    658.8341        0.9947
    658.8382        0.9963
    658.8424        0.9990
    658.8465        1.0019
    658.8507        1.0043
    658.8548        1.0054
    658.8589        1.0056
    658.8631        1.0058
    658.8672        1.0068
    658.8714        1.0090
    658.8755        1.0117
    658.8797        1.0139
    658.8838        1.0144
    658.8880        1.0123
    658.8921        1.0082
    658.8963        1.0034
    658.9004        0.9998
    658.9045        0.9985
    658.9087        0.9998
    658.9128        1.0030
    658.9170        1.0071
    658.9211        1.0115
    658.9253        1.0159
    658.9294        1.0199
    658.9336        1.0229
    658.9377        1.0241
    658.9419        1.0230
    658.9460        1.0192
    658.9502        1.0127
    658.9543        1.0042
    658.9584        0.9949
    658.9626        0.9866
    658.9667        0.9811
    658.9709        0.9793
    658.9750        0.9810
    658.9792        0.9849
    658.9833        0.9895
    658.9875        0.9932
    658.9916        0.9953
    658.9958        0.9954
    658.9999        0.9940
    659.0040        0.9920
    659.0082        0.9906
    659.0123        0.9909
    659.0165        0.9933
    659.0206        0.9975
    659.0248        1.0025
    659.0289        1.0072
    659.0331        1.0109
    659.0372        1.0134
    659.0414        1.0150
    659.0455        1.0160
    659.0497        1.0165
    659.0538        1.0161
    659.0579        1.0143
    659.0621        1.0112
    659.0662        1.0080
    659.0704        1.0059
    659.0745        1.0056
    659.0787        1.0070
    659.0828        1.0092
    659.0870        1.0114
    659.0911        1.0132
    659.0953        1.0142
    659.0994        1.0144
    659.1036        1.0134
    659.1077        1.0111
    659.1118        1.0081
    659.1160        1.0050
    659.1201        1.0025
    659.1243        1.0007
    659.1284        0.9999
    659.1326        0.9998
    659.1367        1.0006
    659.1409        1.0023
    659.1450        1.0046
    659.1492        1.0068
    659.1533        1.0081
    659.1574        1.0079
    659.1616        1.0062
    659.1657        1.0040
    659.1699        1.0024
    659.1740        1.0023
    659.1782        1.0041
    659.1823        1.0073
    659.1865        1.0111
    659.1906        1.0147
    659.1948        1.0172
    659.1989        1.0181
    659.2031        1.0170
    659.2072        1.0139
    659.2113        1.0095
    659.2155        1.0047
    659.2196        1.0010
    659.2238        0.9994
    659.2279        1.0001
    659.2321        1.0030
    659.2362        1.0073
    659.2404        1.0118
    659.2445        1.0155
    659.2487        1.0176
    659.2528        1.0175
    659.2569        1.0155
    659.2611        1.0122
    659.2652        1.0087
    659.2694        1.0059
    659.2735        1.0043
    659.2777        1.0039
    659.2818        1.0046
    659.2860        1.0063
    659.2901        1.0086
    659.2943        1.0110
    659.2984        1.0129
    659.3026        1.0138
    659.3067        1.0136
    659.3108        1.0126
    659.3150        1.0111
    659.3191        1.0088
    659.3233        1.0060
    659.3274        1.0027
    659.3316        0.9997
    659.3357        0.9979
    659.3399        0.9979
    659.3440        1.0000
    659.3482        1.0035
    659.3523        1.0072
    659.3565        1.0100
    659.3606        1.0112
    659.3647        1.0111
    659.3689        1.0108
    659.3730        1.0110
    659.3772        1.0119
    659.3813        1.0131
    659.3855        1.0138
    659.3896        1.0136
    659.3938        1.0126
    659.3979        1.0113
    659.4021        1.0105
    659.4062        1.0102
    659.4103        1.0100
    659.4145        1.0091
    659.4186        1.0072
    659.4228        1.0041
    659.4269        1.0003
    659.4311        0.9962
    659.4352        0.9925
    659.4394        0.9897
    659.4435        0.9881
    659.4477        0.9881
    659.4518        0.9898
    659.4560        0.9930
    659.4601        0.9975
    659.4642        1.0024
    659.4684        1.0063
    659.4725        1.0081
    659.4767        1.0074
    659.4808        1.0043
    659.4850        0.9997
    659.4891        0.9950
    659.4933        0.9918
    659.4974        0.9906
    659.5016        0.9914
    659.5057        0.9931
    659.5099        0.9944
    659.5140        0.9948
    659.5181        0.9945
    659.5223        0.9939
    659.5264        0.9937
    659.5306        0.9935
    659.5347        0.9928
    659.5389        0.9915
    659.5430        0.9900
    659.5472        0.9893
    659.5513        0.9900
    659.5555        0.9920
    659.5596        0.9944
    659.5637        0.9964
    659.5679        0.9974
    659.5720        0.9976
    659.5762        0.9969
    659.5803        0.9956
    659.5845        0.9935
    659.5886        0.9905
    659.5928        0.9868
    659.5969        0.9833
    659.6011        0.9809
    659.6052        0.9804
    659.6094        0.9821
    659.6135        0.9858
    659.6176        0.9906
    659.6218        0.9955
    659.6259        0.9996
    659.6301        1.0021
    659.6342        1.0027
    659.6384        1.0013
    659.6425        0.9986
    659.6467        0.9953
    659.6508        0.9924
    659.6550        0.9907
    659.6591        0.9904
    659.6632        0.9912
    659.6674        0.9923
    659.6715        0.9935
    659.6757        0.9947
    659.6798        0.9965
    659.6840        0.9992
    659.6881        1.0025
    659.6923        1.0056
    659.6964        1.0073
    659.7006        1.0072
    659.7047        1.0059
    659.7089        1.0047
    659.7130        1.0052
    659.7171        1.0082
    659.7213        1.0129
    659.7254        1.0181
    659.7296        1.0224
    659.7337        1.0250
    659.7379        1.0259
    659.7420        1.0256
    659.7462        1.0248
    659.7503        1.0238
    659.7545        1.0225
    659.7586        1.0209
    659.7628        1.0188
    659.7669        1.0165
    659.7710        1.0147
    659.7752        1.0136
    659.7793        1.0135
    659.7835        1.0139
    659.7876        1.0143
    659.7918        1.0144
    659.7959        1.0141
    659.8001        1.0136
    659.8042        1.0131
    659.8084        1.0128
    659.8125        1.0125
    659.8166        1.0116
    659.8208        1.0093
    659.8249        1.0051
    659.8291        0.9993
    659.8332        0.9931
    659.8374        0.9878
    659.8415        0.9847
    659.8457        0.9845
    659.8498        0.9873
    659.8540        0.9929
    659.8581        1.0002
    659.8623        1.0078
    659.8664        1.0140
    659.8705        1.0170
    659.8747        1.0159
    659.8788        1.0110
    659.8830        1.0036
    659.8871        0.9957
    659.8913        0.9889
    659.8954        0.9842
    659.8996        0.9815
    659.9037        0.9802
    659.9079        0.9793
    659.9120        0.9778
    659.9162        0.9754
    659.9203        0.9724
    659.9244        0.9695
    659.9286        0.9675
    659.9327        0.9668
    659.9369        0.9671
    659.9410        0.9680
    659.9452        0.9686
    659.9493        0.9685
    659.9535        0.9677
    659.9576        0.9665
    659.9618        0.9659
    659.9659        0.9669
    659.9700        0.9703
    659.9742        0.9766
    659.9783        0.9855
    659.9825        0.9957
    659.9866        1.0056
    659.9908        1.0132
    659.9949        1.0175
    659.9991        1.0187
    660.0032        1.0177
    660.0074        1.0157
    660.0115        1.0137
    660.0157        1.0121
    660.0198        1.0108
    660.0239        1.0099
    660.0281        1.0092
    660.0322        1.0088
    660.0364        1.0081
    660.0405        1.0070
    660.0447        1.0051
    660.0488        1.0028
    660.0530        1.0004
    660.0571        0.9981
    660.0613        0.9961
    660.0654        0.9944
    660.0695        0.9931
    660.0737        0.9924
    660.0778        0.9922
    660.0820        0.9922
    660.0861        0.9920
    660.0903        0.9917
    660.0944        0.9917
    660.0986        0.9926
    660.1027        0.9945
    660.1069        0.9971
    660.1110        0.9996
    660.1152        1.0014
    660.1193        1.0020
    660.1234        1.0014
    660.1276        1.0000
    660.1317        0.9986
    660.1359        0.9981
    660.1400        0.9992
    660.1442        1.0014
    660.1483        1.0040
    660.1525        1.0058
    660.1566        1.0059
    660.1608        1.0039
    660.1649        1.0003
    660.1691        0.9958
    660.1732        0.9913
    660.1773        0.9877
    660.1815        0.9857
    660.1856        0.9853
    660.1898        0.9860
    660.1939        0.9871
    660.1981        0.9877
    660.2022        0.9877
    660.2064        0.9872
    660.2105        0.9869
    660.2147        0.9873
    660.2188        0.9888
    660.2229        0.9912
    660.2271        0.9940
    660.2312        0.9963
    660.2354        0.9975
    660.2395        0.9973
    660.2437        0.9958
    660.2478        0.9937
    660.2520        0.9919
    660.2561        0.9911
    660.2603        0.9913
    660.2644        0.9920
    660.2686        0.9930
    660.2727        0.9938
    660.2768        0.9947
    660.2810        0.9961
    660.2851        0.9980
    660.2893        1.0007
    660.2934        1.0038
    660.2976        1.0070
    660.3017        1.0095
    660.3059        1.0107
    660.3100        1.0106
    660.3142        1.0092
    660.3183        1.0073
    660.3225        1.0055
    660.3266        1.0045
    660.3307        1.0045
    660.3349        1.0052
    660.3390        1.0061
    660.3432        1.0064
    660.3473        1.0057
    660.3515        1.0036
    660.3556        1.0003
    660.3598        0.9964
    660.3639        0.9926
    660.3681        0.9896
    660.3722        0.9882
    660.3763        0.9887
    660.3805        0.9912
    660.3846        0.9953
    660.3888        1.0001
    660.3929        1.0048
    660.3971        1.0090
    660.4012        1.0126
    660.4054        1.0163
    660.4095        1.0201
    660.4137        1.0231
    660.4178        1.0242
    660.4220        1.0227
    660.4261        1.0189
    660.4302        1.0144
    660.4344        1.0111
    660.4385        1.0097
    660.4427        1.0100
    660.4468        1.0107
    660.4510        1.0105
    660.4551        1.0092
    660.4593        1.0070
    660.4634        1.0048
    660.4676        1.0032
    660.4717        1.0022
    660.4758        1.0017
    660.4800        1.0016
    660.4841        1.0018
    660.4883        1.0019
    660.4924        1.0014
    660.4966        0.9995
    660.5007        0.9960
    660.5049        0.9912
    660.5090        0.9864
    660.5132        0.9831
    660.5173        0.9827
    660.5215        0.9854
    660.5256        0.9903
    660.5297        0.9956
    660.5339        0.9996
    660.5380        1.0014
    660.5422        1.0010
    660.5463        0.9990
    660.5505        0.9968
    660.5546        0.9954
    660.5588        0.9956
    660.5629        0.9974
    660.5671        0.9998
    660.5712        1.0019
    660.5754        1.0028
    660.5795        1.0029
    660.5836        1.0029
    660.5878        1.0036
    660.5919        1.0050
    660.5961        1.0067
    660.6002        1.0080
    660.6044        1.0087
    660.6085        1.0088
    660.6127        1.0089
    660.6168        1.0096
    660.6210        1.0109
    660.6251        1.0128
    660.6292        1.0149
    660.6334        1.0171
    660.6375        1.0190
    660.6417        1.0203
    660.6458        1.0213
    660.6500        1.0220
    660.6541        1.0225
    660.6583        1.0226
    660.6624        1.0220
    660.6666        1.0205
    660.6707        1.0183
    660.6749        1.0161
    660.6790        1.0145
    660.6831        1.0138
    660.6873        1.0138
    660.6914        1.0140
    660.6956        1.0132
    660.6997        1.0106
    660.7039        1.0059
    660.7080        0.9997
    660.7122        0.9932
    660.7163        0.9880
    660.7205        0.9851
    660.7246        0.9850
    660.7288        0.9868
    660.7329        0.9897
    660.7370        0.9923
    660.7412        0.9937
    660.7453        0.9936
    660.7495        0.9917
    660.7536        0.9883
    660.7578        0.9841
    660.7619        0.9801
    660.7661        0.9769
    660.7702        0.9750
    660.7744        0.9739
    660.7785        0.9732
    660.7826        0.9725
    660.7868        0.9720
    660.7909        0.9721
    660.7951        0.9731
    660.7992        0.9751
    660.8034        0.9775
    660.8075        0.9800
    660.8117        0.9823
    660.8158        0.9843
    660.8200        0.9862
    660.8241        0.9879
    660.8283        0.9895
    660.8324        0.9906
    660.8365        0.9913
    660.8407        0.9920
    660.8448        0.9930
    660.8490        0.9948
    660.8531        0.9973
    660.8573        1.0001
    660.8614        1.0024
    660.8656        1.0036
    660.8697        1.0036
    660.8739        1.0025
    660.8780        1.0008
    660.8821        0.9993
    660.8863        0.9982
    660.8904        0.9978
    660.8946        0.9977
    660.8987        0.9979
    660.9029        0.9982
    660.9070        0.9989
    660.9112        0.9999
    660.9153        1.0007
    660.9195        1.0009
    660.9236        1.0000
    660.9278        0.9980
    660.9319        0.9950
    660.9360        0.9917
    660.9402        0.9882
    660.9443        0.9852
    660.9485        0.9826
    660.9526        0.9808
    660.9568        0.9794
    660.9609        0.9786
    660.9651        0.9781
    660.9692        0.9782
    660.9734        0.9788
    660.9775        0.9798
    660.9817        0.0000
    660.9858        0.0000
    660.9899        0.0000
    660.9941        0.0000
