    648.7083        1.0108
    648.7312        1.0169
    648.7542        0.9997
    648.7771        1.0042
    648.8001        1.0013
    648.8230        0.9954
    648.8459        1.0110
    648.8689        1.0101
    648.8918        1.0037
    648.9148        0.9936
    648.9377        0.9917
    648.9606        1.0035
    648.9836        1.0308
    649.0065        1.0258
    649.0295        1.0233
    649.0524        1.0105
    649.0753        0.9790
    649.0983        0.9833
    649.1212        1.0191
    649.1442        1.0190
    649.1671        1.0182
    649.1900        1.0236
    649.2130        1.0157
    649.2359        1.0301
    649.2589        1.0001
    649.2818        0.9740
    649.3047        0.9842
    649.3277        1.0171
    649.3506        1.0209
    649.3736        1.0335
    649.3965        1.0270
    649.4194        1.0278
    649.4424        1.0096
    649.4653        1.0130
    649.4883        1.0170
    649.5112        1.0156
    649.5341        1.0195
    649.5571        1.0083
    649.5800        0.9758
    649.6030        0.9972
    649.6259        1.0197
    649.6488        1.0330
    649.6718        1.0357
    649.6947        1.0254
    649.7177        1.0189
    649.7406        0.9951
    649.7635        0.9921
    649.7865        1.0158
    649.8094        1.0167
    649.8324        1.0187
    649.8553        1.0180
    649.8782        1.0127
    649.9012        1.0167
    649.9241        1.0046
    649.9471        0.9947
    649.9700        0.9986
    649.9929        0.9961
    650.0159        1.0050
    650.0388        1.0138
    650.0618        1.0138
    650.0847        1.0209
    650.1076        1.0135
    650.1306        1.0074
    650.1535        1.0116
    650.1765        1.0016
    650.1994        0.9989
    650.2223        1.0038
    650.2453        1.0002
    650.2682        1.0032
    650.2912        0.9988
    650.3141        1.0075
    650.3370        1.0035
    650.3600        1.0000
    650.3829        1.0069
    650.4059        1.0021
    650.4288        0.9903
    650.4517        0.9954
    650.4747        0.9886
    650.4976        0.9928
    650.5206        0.9907
    650.5435        0.9943
    650.5664        0.9988
    650.5894        0.9924
    650.6123        0.9966
    650.6353        0.9973
    650.6582        0.9966
    650.6811        0.9831
    650.7041        0.9940
    650.7270        1.0087
    650.7499        1.0109
    650.7729        0.9930
    650.7958        0.9992
    650.8188        1.0045
    650.8417        0.9959
    650.8646        0.9969
    650.8876        1.0112
    650.9105        1.0058
    650.9335        0.9953
    650.9564        1.0034
    650.9793        0.9996
    651.0023        0.9983
    651.0252        0.9899
    651.0482        0.9965
    651.0711        0.9978
    651.0940        0.9950
    651.1170        1.0041
    651.1399        1.0204
    651.1629        1.0076
    651.1858        1.0111
    651.2087        1.0196
    651.2317        1.0283
    651.2546        1.0254
    651.2776        1.0205
    651.3005        1.0089
    651.3234        1.0061
    651.3464        0.9917
    651.3693        0.9908
    651.3923        1.0008
    651.4152        1.0070
    651.4381        1.0176
    651.4611        1.0069
    651.4840        1.0139
    651.5070        1.0183
    651.5299        1.0109
    651.5528        0.9877
    651.5758        0.9801
    651.5987        1.0043
    651.6217        1.0288
    651.6446        1.0130
    651.6675        1.0037
    651.6905        1.0126
    651.7134        1.0243
    651.7364        1.0129
    651.7593        0.9977
    651.7822        0.9921
    651.8052        1.0048
    651.8281        1.0193
    651.8511        1.0176
    651.8740        1.0227
    651.8969        1.0329
    651.9199        1.0139
    651.9428        1.0082
    651.9658        1.0276
    651.9887        1.0211
    652.0116        1.0206
    652.0346        1.0132
    652.0575        1.0001
    652.0805        0.9953
    652.1034        1.0006
    652.1263        1.0005
    652.1493        1.0010
    652.1722        0.9998
    652.1952        1.0028
    652.2181        1.0105
    652.2410        1.0081
    652.2640        1.0019
    652.2869        0.9968
    652.3099        1.0050
    652.3328        1.0131
    652.3557        1.0067
    652.3787        1.0138
    652.4016        1.0161
    652.4246        1.0217
    652.4475        1.0232
    652.4704        1.0065
    652.4934        1.0065
    652.5163        1.0033
    652.5393        1.0131
    652.5622        1.0169
    652.5851        1.0077
    652.6081        0.9993
    652.6310        1.0015
    652.6540        1.0006
    652.6769        1.0025
    652.6998        1.0109
    652.7228        1.0092
    652.7457        1.0138
    652.7687        1.0088
    652.7916        1.0080
    652.8145        1.0169
    652.8375        1.0158
    652.8604        1.0010
    652.8834        1.0077
    652.9063        1.0102
    652.9292        1.0250
    652.9522        1.0206
    652.9751        1.0101
    652.9981        0.9990
    653.0210        1.0031
    653.0439        1.0063
    653.0669        1.0060
    653.0898        1.0051
    653.1128        1.0100
    653.1357        1.0042
    653.1586        1.0017
    653.1816        1.0137
    653.2045        1.0037
    653.2275        0.9972
    653.2504        1.0186
    653.2733        1.0281
    653.2963        1.0189
    653.3192        1.0097
    653.3422        1.0112
    653.3651        1.0080
    653.3880        1.0045
    653.4110        1.0054
    653.4339        1.0147
    653.4569        1.0078
    653.4798        1.0063
    653.5027        1.0099
    653.5257        1.0079
    653.5486        1.0068
    653.5716        1.0102
    653.5945        1.0098
    653.6174        1.0186
    653.6404        1.0181
    653.6633        1.0171
    653.6863        1.0224
    653.7092        1.0125
    653.7321        1.0163
    653.7551        1.0043
    653.7780        1.0060
    653.8010        1.0039
    653.8239        1.0039
    653.8468        0.9949
    653.8698        0.9982
    653.8927        1.0053
    653.9157        1.0061
    653.9386        1.0099
    653.9615        1.0057
    653.9845        1.0009
    654.0074        1.0006
    654.0304        0.9990
    654.0533        0.9998
    654.0762        1.0097
    654.0992        1.0105
    654.1221        1.0051
    654.1451        1.0051
    654.1680        1.0158
    654.1909        1.0092
    654.2139        1.0072
    654.2368        1.0050
    654.2598        1.0186
    654.2827        1.0125
    654.3056        1.0064
    654.3286        1.0040
    654.3515        1.0078
    654.3745        0.9925
    654.3974        1.0016
    654.4203        1.0149
    654.4433        1.0076
    654.4662        0.9932
    654.4892        0.9994
    654.5121        1.0067
    654.5350        1.0032
    654.5580        0.9986
    654.5809        1.0041
    654.6039        1.0137
    654.6268        1.0056
    654.6497        0.9944
    654.6727        0.9956
    654.6956        1.0070
    654.7186        1.0082
    654.7415        0.9956
    654.7644        0.9957
    654.7874        1.0020
    654.8103        0.9989
    654.8332        1.0047
    654.8562        1.0015
    654.8791        1.0081
    654.9021        1.0084
    654.9250        0.9998
    654.9479        0.9997
    654.9709        1.0095
    654.9938        0.9982
    655.0168        0.9984
    655.0397        0.9984
    655.0626        0.9998
    655.0856        0.9876
    655.1085        0.9882
    655.1315        1.0065
    655.1544        1.0031
    655.1773        0.9965
    655.2003        1.0095
    655.2232        1.0075
    655.2462        0.9973
    655.2691        1.0091
    655.2920        1.0186
    655.3150        1.0192
    655.3379        1.0088
    655.3609        1.0062
    655.3838        1.0092
    655.4067        1.0129
    655.4297        1.0148
    655.4526        1.0158
    655.4756        1.0223
    655.4985        1.0121
    655.5214        1.0225
    655.5444        1.0409
    655.5673        1.0464
    655.5903        1.0629
    655.6132        1.0695
    655.6361        1.0884
    655.6591        1.1165
    655.6820        1.1425
    655.7050        1.1794
    655.7279        1.2217
    655.7508        1.2546
    655.7738        1.2953
    655.7967        1.3281
    655.8197        1.3714
    655.8426        1.4044
    655.8655        1.4310
    655.8885        1.4614
    655.9114        1.4792
    655.9344        1.4958
    655.9573        1.5158
    655.9802        1.5177
    656.0032        1.5252
    656.0261        1.5182
    656.0491        1.5048
    656.0720        1.4560
    656.0949        1.4140
    656.1179        1.3806
    656.1408        1.3639
    656.1638        1.3436
    656.1867        1.3167
    656.2096        1.3074
    656.2326        1.3138
    656.2555        1.3330
    656.2785        1.3476
    656.3014        1.3677
    656.3243        1.3863
    656.3473        1.4249
    656.3702        1.4473
    656.3932        1.4464
    656.4161        1.4422
    656.4390        1.4314
    656.4620        1.4112
    656.4849        1.3835
    656.5079        1.3522
    656.5308        1.3217
    656.5537        1.2882
    656.5767        1.2468
    656.5996        1.2178
    656.6226        1.1789
    656.6455        1.1450
    656.6684        1.1275
    656.6914        1.1085
    656.7143        1.0943
    656.7373        1.0698
    656.7602        1.0581
    656.7831        1.0411
    656.8061        1.0394
    656.8290        1.0272
    656.8520        1.0205
    656.8749        1.0031
    656.8978        0.9991
    656.9208        1.0033
    656.9437        0.9928
    656.9667        0.9935
    656.9896        0.9882
    657.0125        0.9947
    657.0355        0.9922
    657.0584        0.9908
    657.0814        0.9729
    657.1043        0.9736
    657.1272        0.9769
    657.1502        0.9841
    657.1731        0.9824
    657.1961        0.9790
    657.2190        0.9820
    657.2419        0.9856
    657.2649        0.9855
    657.2878        0.9881
    657.3108        0.9947
    657.3337        0.9796
    657.3566        0.9621
    657.3796        0.9699
    657.4025        0.9730
    657.4255        0.9738
    657.4484        0.9794
    657.4713        0.9770
    657.4943        0.9752
    657.5172        0.9917
    657.5402        0.9939
    657.5631        0.9799
    657.5860        0.9690
    657.6090        0.9742
    657.6319        0.9753
    657.6549        0.9584
    657.6778        0.9667
    657.7007        0.9722
    657.7237        0.9734
    657.7466        0.9664
    657.7696        0.9651
    657.7925        0.9597
    657.8154        0.9681
    657.8384        0.9680
    657.8613        0.9708
    657.8843        0.9633
    657.9072        0.9582
    657.9301        0.9600
    657.9531        0.9617
    657.9760        0.9663
    657.9990        0.9711
    658.0219        0.9698
    658.0448        0.9732
    658.0678        0.9674
    658.0907        0.9713
    658.1137        0.9877
    658.1366        0.9744
    658.1595        0.9722
    658.1825        0.9730
    658.2054        0.9791
    658.2284        0.9731
    658.2513        0.9793
    658.2742        0.9844
    658.2972        0.9860
    658.3201        0.9850
    658.3431        0.9945
    658.3660        0.9966
    658.3889        0.9989
    658.4119        0.9988
    658.4348        0.9886
    658.4578        0.9904
    658.4807        0.9905
    658.5036        0.9959
    658.5266        0.9965
    658.5495        0.9991
    658.5725        1.0008
    658.5954        1.0025
    658.6183        0.9996
    658.6413        0.9986
    658.6642        1.0089
    658.6872        1.0055
    658.7101        1.0128
    658.7330        1.0003
    658.7560        1.0007
    658.7789        0.9966
    658.8019        1.0052
    658.8248        1.0126
    658.8477        1.0071
    658.8707        1.0113
    658.8936        1.0062
    658.9165        1.0112
    658.9395        1.0092
    658.9624        1.0124
    658.9854        1.0150
    659.0083        1.0104
    659.0312        1.0098
    659.0542        1.0146
    659.0771        1.0117
    659.1001        1.0096
    659.1230        1.0122
    659.1459        1.0065
    659.1689        1.0119
    659.1918        1.0065
    659.2148        1.0084
    659.2377        1.0003
    659.2606        1.0043
    659.2836        1.0039
    659.3065        0.9890
    659.3295        0.9973
    659.3524        1.0035
    659.3753        1.0030
    659.3983        1.0007
    659.4212        1.0101
    659.4442        1.0116
    659.4671        1.0071
    659.4900        1.0170
    659.5130        1.0101
    659.5359        1.0095
    659.5589        1.0091
    659.5818        1.0019
    659.6047        1.0043
    659.6277        1.0043
    659.6506        0.9997
    659.6736        0.9997
    659.6965        1.0060
    659.7194        1.0030
    659.7424        1.0061
    659.7653        1.0077
    659.7883        0.9900
    659.8112        1.0078
    659.8341        1.0077
    659.8571        1.0032
    659.8800        1.0012
    659.9030        1.0110
    659.9259        1.0178
    659.9488        1.0107
    659.9718        1.0076
    659.9947        1.0048
    660.0177        1.0023
    660.0406        1.0117
    660.0635        1.0108
    660.0865        1.0157
    660.1094        1.0180
    660.1324        1.0214
    660.1553        1.0205
    660.1782        1.0122
    660.2012        1.0109
    660.2241        1.0113
    660.2471        1.0149
    660.2700        1.0200
    660.2929        1.0254
    660.3159        1.0217
    660.3388        1.0261
    660.3618        1.0219
    660.3847        1.0258
    660.4076        1.0174
    660.4306        1.0084
    660.4535        1.0156
    660.4765        1.0198
    660.4994        1.0228
    660.5223        1.0201
    660.5453        1.0132
    660.5682        1.0165
    660.5912        1.0214
    660.6141        1.0122
    660.6370        1.0092
    660.6600        1.0157
    660.6829        1.0213
    660.7059        1.0062
    660.7288        1.0086
    660.7517        1.0103
    660.7747        1.0134
    660.7976        1.0045
    660.8206        1.0028
    660.8435        1.0012
    660.8664        0.9974
    660.8894        1.0009
    660.9123        1.0090
    660.9353        1.0015
    660.9582        1.0035
    660.9811        1.0125
    661.0041        1.0052
    661.0270        1.0022
    661.0500        0.9941
    661.0729        0.9898
    661.0958        1.0005
    661.1188        1.0027
    661.1417        0.9961
    661.1647        1.0018
    661.1876        1.0028
    661.2105        1.0053
    661.2335        0.9957
    661.2564        1.0012
    661.2794        0.9938
    661.3023        0.9977
    661.3252        1.0061
    661.3482        1.0068
    661.3711        0.9978
    661.3941        0.9995
    661.4170        0.9978
    661.4399        0.9981
    661.4629        0.9935
    661.4858        0.9989
    661.5088        0.9991
    661.5317        0.9970
    661.5546        1.0092
    661.5776        0.9994
    661.6005        1.0014
    661.6235        1.0061
    661.6464        1.0089
    661.6693        1.0194
    661.6923        1.0187
    661.7152        1.0120
    661.7382        1.0114
    661.7611        1.0108
    661.7840        1.0117
    661.8070        1.0098
    661.8299        1.0094
    661.8529        1.0206
    661.8758        1.0274
    661.8987        1.0105
    661.9217        1.0118
    661.9446        1.0110
    661.9676        1.0198
    661.9905        1.0079
    662.0134        1.0180
    662.0364        1.0266
    662.0593        1.0150
    662.0823        1.0183
    662.1052        1.0194
    662.1281        1.0171
    662.1511        1.0141
    662.1740        1.0053
    662.1970        1.0111
    662.2199        1.0067
    662.2428        1.0107
    662.2658        1.0007
    662.2887        1.0015
    662.3117        1.0057
    662.3346        1.0109
    662.3575        1.0091
    662.3805        1.0066
    662.4034        1.0097
    662.4264        1.0069
    662.4493        1.0068
    662.4722        1.0055
    662.4952        1.0028
    662.5181        1.0090
    662.5411        1.0102
    662.5640        1.0177
    662.5869        1.0023
    662.6099        1.0025
    662.6328        1.0065
    662.6558        1.0111
    662.6787        1.0016
    662.7016        1.0072
    662.7246        1.0101
    662.7475        1.0098
    662.7705        0.9992
    662.7934        1.0002
    662.8163        1.0077
    662.8393        0.9981
    662.8622        1.0066
    662.8852        1.0021
    662.9081        0.9961
    662.9310        1.0067
    662.9540        1.0189
    662.9769        1.0169
    662.9998        1.0099
    663.0228        1.0120
    663.0457        1.0136
    663.0687        1.0129
    663.0916        1.0011
    663.1145        1.0126
    663.1375        1.0035
    663.1604        1.0059
    663.1834        1.0042
    663.2063        1.0103
    663.2292        1.0073
    663.2522        1.0074
    663.2751        1.0052
    663.2981        1.0080
    663.3210        1.0144
    663.3439        1.0087
    663.3669        1.0027
    663.3898        1.0058
    663.4128        1.0090
    663.4357        1.0057
    663.4586        1.0053
    663.4816        1.0158
    663.5045        1.0198
    663.5275        0.9986
    663.5504        0.9970
    663.5733        1.0085
    663.5963        1.0037
    663.6192        0.9972
    663.6422        1.0019
    663.6651        1.0083
    663.6880        1.0156
    663.7110        1.0200
    663.7339        1.0087
    663.7569        1.0149
    663.7798        1.0112
    663.8027        1.0028
    663.8257        0.9997
    663.8486        1.0085
    663.8716        1.0060
    663.8945        1.0111
    663.9174        1.0107
    663.9404        1.0058
    663.9633        1.0109
    663.9863        1.0051
    664.0092        1.0044
    664.0321        0.9952
    664.0551        0.9995
    664.0780        1.0011
    664.1010        0.9982
    664.1239        1.0032
    664.1468        0.9931
    664.1698        0.9924
    664.1927        1.0015
    664.2157        1.0104
    664.2386        1.0036
    664.2615        0.9959
    664.2845        0.9996
    664.3074        1.0039
    664.3304        0.9996
    664.3533        1.0061
    664.3762        1.0021
    664.3992        1.0031
    664.4221        1.0097
    664.4451        1.0079
    664.4680        1.0087
    664.4909        1.0073
    664.5139        1.0013
    664.5368        1.0120
    664.5598        1.0140
    664.5827        1.0034
    664.6056        1.0032
    664.6286        1.0117
    664.6515        1.0270
    664.6745        1.0231
    664.6974        1.0077
    664.7203        1.0042
    664.7433        1.0087
    664.7662        1.0188
    664.7892        1.0109
    664.8121        1.0058
    664.8350        1.0138
    664.8580        1.0168
    664.8809        1.0102
    664.9039        0.9993
    664.9268        0.9963
