    650.3533        0.9722
    650.3582        0.9679
    650.3631        0.9799
    650.3680        1.0032
    650.3729        1.0057
    650.3778        0.9954
    650.3827        0.9894
    650.3876        0.9829
    650.3926        0.9852
    650.3975        1.0030
    650.4024        1.0181
    650.4073        1.0178
    650.4122        1.0110
    650.4171        1.0047
    650.4220        0.9988
    650.4269        0.9982
    650.4318        1.0006
    650.4368        0.9976
    650.4417        0.9981
    650.4466        0.9960
    650.4515        0.9810
    650.4564        0.9776
    650.4613        0.9896
    650.4662        0.9956
    650.4711        0.9941
    650.4761        0.9909
    650.4810        0.9861
    650.4859        0.9828
    650.4908        0.9861
    650.4957        0.9943
    650.5006        1.0007
    650.5055        0.9993
    650.5104        0.9897
    650.5153        0.9794
    650.5203        0.9773
    650.5252        0.9849
    650.5301        0.9997
    650.5350        1.0166
    650.5399        1.0258
    650.5448        1.0305
    650.5497        1.0348
    650.5546        1.0315
    650.5595        1.0234
    650.5645        1.0211
    650.5694        1.0259
    650.5743        1.0319
    650.5792        1.0354
    650.5841        1.0355
    650.5890        1.0348
    650.5939        1.0335
    650.5988        1.0272
    650.6037        1.0196
    650.6087        1.0196
    650.6136        1.0253
    650.6185        1.0322
    650.6234        1.0386
    650.6283        1.0403
    650.6332        1.0381
    650.6381        1.0325
    650.6430        1.0235
    650.6479        1.0184
    650.6529        1.0217
    650.6578        1.0276
    650.6627        1.0311
    650.6676        1.0314
    650.6725        1.0266
    650.6774        1.0177
    650.6823        1.0150
    650.6872        1.0238
    650.6921        1.0261
    650.6971        1.0209
    650.7020        1.0166
    650.7069        1.0111
    650.7118        1.0085
    650.7167        1.0106
    650.7216        1.0078
    650.7265        0.9932
    650.7314        0.9791
    650.7363        0.9764
    650.7413        0.9731
    650.7462        0.9686
    650.7511        0.9703
    650.7560        0.9767
    650.7609        0.9818
    650.7658        0.9769
    650.7707        0.9678
    650.7756        0.9632
    650.7805        0.9601
    650.7855        0.9538
    650.7904        0.9481
    650.7953        0.9512
    650.8002        0.9639
    650.8051        0.9754
    650.8100        0.9857
    650.8149        0.9991
    650.8198        1.0026
    650.8247        0.9977
    650.8297        0.9951
    650.8346        0.9947
    650.8395        0.9937
    650.8444        0.9953
    650.8493        1.0012
    650.8542        1.0075
    650.8591        1.0111
    650.8640        1.0114
    650.8689        1.0088
    650.8739        1.0043
    650.8788        0.9972
    650.8837        0.9853
    650.8886        0.9720
    650.8935        0.9648
    650.8984        0.9687
    650.9033        0.9809
    650.9082        0.9934
    650.9131        0.9997
    650.9181        0.9979
    650.9230        0.9920
    650.9279        0.9903
    650.9328        0.9982
    650.9377        1.0116
    650.9426        1.0217
    650.9475        1.0269
    650.9524        1.0327
    650.9573        1.0420
    650.9623        1.0471
    650.9672        1.0408
    650.9721        1.0304
    650.9770        1.0261
    650.9819        1.0257
    650.9868        1.0276
    650.9917        1.0341
    650.9966        1.0417
    651.0015        1.0469
    651.0065        1.0407
    651.0114        1.0263
    651.0163        1.0209
    651.0212        1.0265
    651.0261        1.0301
    651.0310        1.0259
    651.0359        1.0176
    651.0408        1.0139
    651.0458        1.0161
    651.0507        1.0217
    651.0556        1.0321
    651.0605        1.0414
    651.0654        1.0388
    651.0703        1.0279
    651.0752        1.0233
    651.0801        1.0262
    651.0850        1.0282
    651.0900        1.0307
    651.0949        1.0309
    651.0998        1.0276
    651.1047        1.0281
    651.1096        1.0274
    651.1145        1.0208
    651.1194        1.0106
    651.1243        1.0044
    651.1292        1.0084
    651.1342        1.0157
    651.1391        1.0123
    651.1440        0.9998
    651.1489        0.9899
    651.1538        0.9887
    651.1587        0.9979
    651.1636        1.0126
    651.1685        1.0172
    651.1734        1.0041
    651.1784        0.9869
    651.1833        0.9815
    651.1882        0.9851
    651.1931        0.9884
    651.1980        0.9895
    651.2029        0.9921
    651.2078        0.9928
    651.2127        0.9853
    651.2176        0.9748
    651.2226        0.9728
    651.2275        0.9836
    651.2324        0.9987
    651.2373        1.0084
    651.2422        1.0164
    651.2471        1.0229
    651.2520        1.0220
    651.2569        1.0186
    651.2618        1.0176
    651.2668        1.0178
    651.2717        1.0187
    651.2766        1.0207
    651.2815        1.0213
    651.2864        1.0184
    651.2913        1.0139
    651.2962        1.0104
    651.3011        1.0074
    651.3060        1.0025
    651.3110        0.9966
    651.3159        0.9953
    651.3208        0.9990
    651.3257        1.0009
    651.3306        0.9994
    651.3355        0.9989
    651.3404        1.0031
    651.3453        1.0084
    651.3502        1.0067
    651.3552        1.0021
    651.3601        1.0005
    651.3650        1.0007
    651.3699        1.0015
    651.3748        1.0041
    651.3797        1.0082
    651.3846        1.0115
    651.3895        1.0091
    651.3944        1.0026
    651.3994        0.9973
    651.4043        0.9928
    651.4092        0.9844
    651.4141        0.9756
    651.4190        0.9746
    651.4239        0.9793
    651.4288        0.9804
    651.4337        0.9812
    651.4386        0.9804
    651.4436        0.9719
    651.4485        0.9560
    651.4534        0.9386
    651.4583        0.9250
    651.4632        0.9211
    651.4681        0.9277
    651.4730        0.9332
    651.4779        0.9330
    651.4828        0.9317
    651.4878        0.9362
    651.4927        0.9471
    651.4976        0.9536
    651.5025        0.9572
    651.5074        0.9722
    651.5123        0.9889
    651.5172        1.0000
    651.5221        1.0050
    651.5270        1.0011
    651.5320        0.9909
    651.5369        0.9839
    651.5418        0.9911
    651.5467        1.0046
    651.5516        1.0014
    651.5565        0.9870
    651.5614        0.9789
    651.5663        0.9775
    651.5712        0.9811
    651.5762        0.9897
    651.5811        0.9967
    651.5860        0.9967
    651.5909        0.9929
    651.5958        0.9849
    651.6007        0.9747
    651.6056        0.9730
    651.6105        0.9777
    651.6155        0.9779
    651.6204        0.9691
    651.6253        0.9552
    651.6302        0.9406
    651.6351        0.9258
    651.6400        0.9090
    651.6449        0.8952
    651.6498        0.8875
    651.6547        0.8830
    651.6597        0.8826
    651.6646        0.8889
    651.6695        0.9012
    651.6744        0.9158
    651.6793        0.9290
    651.6842        0.9420
    651.6891        0.9542
    651.6940        0.9609
    651.6989        0.9593
    651.7039        0.9559
    651.7088        0.9586
    651.7137        0.9673
    651.7186        0.9762
    651.7235        0.9824
    651.7284        0.9883
    651.7333        0.9988
    651.7382        1.0122
    651.7431        1.0204
    651.7481        1.0182
    651.7530        1.0087
    651.7579        0.9980
    651.7628        0.9910
    651.7677        0.9865
    651.7726        0.9807
    651.7775        0.9751
    651.7824        0.9742
    651.7873        0.9763
    651.7923        0.9740
    651.7972        0.9681
    651.8021        0.9643
    651.8070        0.9638
    651.8119        0.9672
    651.8168        0.9704
    651.8217        0.9722
    651.8266        0.9729
    651.8315        0.9688
    651.8365        0.9620
    651.8414        0.9617
    651.8463        0.9727
    651.8512        0.9883
    651.8561        1.0021
    651.8610        1.0138
    651.8659        1.0205
    651.8708        1.0171
    651.8757        1.0105
    651.8807        1.0090
    651.8856        1.0124
    651.8905        1.0076
    651.8954        1.0004
    651.9003        0.9960
    651.9052        0.9849
    651.9101        0.9701
    651.9150        0.9639
    651.9199        0.9620
    651.9249        0.9601
    651.9298        0.9522
    651.9347        0.9438
    651.9396        0.9445
    651.9445        0.9489
    651.9494        0.9486
    651.9543        0.9487
    651.9592        0.9563
    651.9641        0.9648
    651.9691        0.9725
    651.9740        0.9846
    651.9789        0.9968
    651.9838        0.9993
    651.9887        0.9951
    651.9936        0.9902
    651.9985        0.9841
    652.0034        0.9844
    652.0083        0.9945
    652.0133        1.0023
    652.0182        0.9974
    652.0231        0.9897
    652.0280        0.9907
    652.0329        0.9953
    652.0378        0.9972
    652.0427        0.9989
    652.0476        1.0035
    652.0525        1.0084
    652.0575        1.0104
    652.0624        1.0108
    652.0673        1.0104
    652.0722        1.0059
    652.0771        1.0013
    652.0820        1.0004
    652.0869        1.0016
    652.0918        1.0010
    652.0967        0.9946
    652.1017        0.9874
    652.1066        0.9899
    652.1115        0.9952
    652.1164        0.9998
    652.1213        1.0077
    652.1262        1.0131
    652.1311        1.0055
    652.1360        0.9903
    652.1409        0.9755
    652.1459        0.9589
    652.1508        0.9480
    652.1557        0.9550
    652.1606        0.9718
    652.1655        0.9782
    652.1704        0.9780
    652.1753        0.9774
    652.1802        0.9773
    652.1852        0.9786
    652.1901        0.9808
    652.1950        0.9830
    652.1999        0.9878
    652.2048        0.9958
    652.2097        1.0010
    652.2146        0.9967
    652.2195        0.9859
    652.2244        0.9781
    652.2294        0.9771
    652.2343        0.9785
    652.2392        0.9797
    652.2441        0.9809
    652.2490        0.9823
    652.2539        0.9846
    652.2588        0.9870
    652.2637        0.9871
    652.2686        0.9836
    652.2736        0.9787
    652.2785        0.9767
    652.2834        0.9793
    652.2883        0.9823
    652.2932        0.9818
    652.2981        0.9785
    652.3030        0.9744
    652.3079        0.9687
    652.3128        0.9623
    652.3178        0.9577
    652.3227        0.9566
    652.3276        0.9564
    652.3325        0.9524
    652.3374        0.9432
    652.3423        0.9330
    652.3472        0.9247
    652.3521        0.9200
    652.3570        0.9183
    652.3620        0.9193
    652.3669        0.9244
    652.3718        0.9350
    652.3767        0.9493
    652.3816        0.9605
    652.3865        0.9598
    652.3914        0.9533
    652.3963        0.9523
    652.4012        0.9585
    652.4062        0.9657
    652.4111        0.9749
    652.4160        0.9827
    652.4209        0.9847
    652.4258        0.9852
    652.4307        0.9873
    652.4356        0.9893
    652.4405        0.9915
    652.4454        0.9956
    652.4504        1.0008
    652.4553        1.0009
    652.4602        0.9992
    652.4651        1.0013
    652.4700        1.0037
    652.4749        1.0013
    652.4798        1.0023
    652.4847        1.0042
    652.4896        1.0018
    652.4946        0.9956
    652.4995        0.9854
    652.5044        0.9721
    652.5093        0.9673
    652.5142        0.9784
    652.5191        0.9912
    652.5240        0.9977
    652.5289        1.0028
    652.5338        1.0066
    652.5388        1.0007
    652.5437        0.9877
    652.5486        0.9777
    652.5535        0.9742
    652.5584        0.9786
    652.5633        0.9884
    652.5682        0.9978
    652.5731        1.0037
    652.5780        1.0048
    652.5830        1.0026
    652.5879        1.0011
    652.5928        0.9956
    652.5977        0.9854
    652.6026        0.9832
    652.6075        0.9972
    652.6124        1.0105
    652.6173        1.0196
    652.6222        1.0301
    652.6272        1.0355
    652.6321        1.0292
    652.6370        1.0199
    652.6419        1.0133
    652.6468        1.0113
    652.6517        1.0163
    652.6566        1.0284
    652.6615        1.0408
    652.6664        1.0444
    652.6714        1.0399
    652.6763        1.0385
    652.6812        1.0365
    652.6861        1.0332
    652.6910        1.0337
    652.6959        1.0371
    652.7008        1.0374
    652.7057        1.0362
    652.7106        1.0285
    652.7156        1.0136
    652.7205        1.0044
    652.7254        1.0042
    652.7303        1.0060
    652.7352        1.0073
    652.7401        1.0065
    652.7450        1.0070
    652.7499        1.0114
    652.7549        1.0119
    652.7598        1.0027
    652.7647        0.9916
    652.7696        0.9901
    652.7745        1.0018
    652.7794        1.0145
    652.7843        1.0199
    652.7892        1.0207
    652.7941        1.0193
    652.7991        1.0128
    652.8040        1.0043
    652.8089        0.9971
    652.8138        0.9968
    652.8187        0.9999
    652.8236        0.9986
    652.8285        0.9935
    652.8334        0.9926
    652.8383        0.9947
    652.8433        0.9944
    652.8482        0.9946
    652.8531        1.0008
    652.8580        1.0094
    652.8629        1.0118
    652.8678        1.0128
    652.8727        1.0150
    652.8776        1.0144
    652.8825        1.0115
    652.8875        1.0097
    652.8924        1.0095
    652.8973        1.0123
    652.9022        1.0181
    652.9071        1.0191
    652.9120        1.0093
    652.9169        0.9976
    652.9218        0.9986
    652.9267        1.0108
    652.9317        1.0176
    652.9366        1.0127
    652.9415        1.0032
    652.9464        0.9976
    652.9513        0.9992
    652.9562        1.0052
    652.9611        1.0091
    652.9660        1.0073
    652.9709        1.0036
    652.9759        1.0019
    652.9808        1.0011
    652.9857        0.9988
    652.9906        0.9968
    652.9955        0.9952
    653.0004        0.9915
    653.0053        0.9869
    653.0102        0.9866
    653.0151        0.9932
    653.0201        1.0011
    653.0250        1.0018
    653.0299        0.9988
    653.0348        0.9977
    653.0397        0.9956
    653.0446        0.9905
    653.0495        0.9906
    653.0544        0.9999
    653.0593        1.0073
    653.0643        1.0086
    653.0692        1.0079
    653.0741        1.0065
    653.0790        1.0019
    653.0839        0.9981
    653.0888        0.9981
    653.0937        0.9988
    653.0986        0.9981
    653.1035        1.0002
    653.1085        1.0071
    653.1134        1.0101
    653.1183        1.0064
    653.1232        1.0039
    653.1281        1.0045
    653.1330        1.0028
    653.1379        0.9963
    653.1428        0.9924
    653.1477        0.9941
    653.1527        0.9963
    653.1576        0.9965
    653.1625        0.9955
    653.1674        0.9946
    653.1723        0.9932
    653.1772        0.9889
    653.1821        0.9809
    653.1870        0.9711
    653.1919        0.9637
    653.1969        0.9607
    653.2018        0.9586
    653.2067        0.9548
    653.2116        0.9498
    653.2165        0.9462
    653.2214        0.9476
    653.2263        0.9544
    653.2312        0.9632
    653.2361        0.9713
    653.2411        0.9768
    653.2460        0.9806
    653.2509        0.9854
    653.2558        0.9897
    653.2607        0.9895
    653.2656        0.9883
    653.2705        0.9903
    653.2754        0.9911
    653.2803        0.9883
    653.2853        0.9884
    653.2902        0.9962
    653.2951        1.0028
    653.3000        0.9989
    653.3049        0.9926
    653.3098        0.9891
    653.3147        0.9846
    653.3196        0.9780
    653.3246        0.9787
    653.3295        0.9867
    653.3344        0.9910
    653.3393        0.9885
    653.3442        0.9822
    653.3491        0.9748
    653.3540        0.9697
    653.3589        0.9669
    653.3638        0.9629
    653.3688        0.9621
    653.3737        0.9645
    653.3786        0.9627
    653.3835        0.9550
    653.3884        0.9505
    653.3933        0.9496
    653.3982        0.9528
    653.4031        0.9623
    653.4080        0.9747
    653.4130        0.9816
    653.4179        0.9857
    653.4228        0.9929
    653.4277        1.0031
    653.4326        1.0121
    653.4375        1.0148
    653.4424        1.0091
    653.4473        1.0025
    653.4522        0.9971
    653.4572        0.9925
    653.4621        0.9892
    653.4670        0.9880
    653.4719        0.9882
    653.4768        0.9927
    653.4817        0.9952
    653.4866        0.9928
    653.4915        0.9894
    653.4964        0.9883
    653.5014        0.9871
    653.5063        0.9821
    653.5112        0.9767
    653.5161        0.9747
    653.5210        0.9781
    653.5259        0.9854
    653.5308        0.9900
    653.5357        0.9835
    653.5406        0.9747
    653.5456        0.9769
    653.5505        0.9883
    653.5554        0.9960
    653.5603        0.9960
    653.5652        0.9956
    653.5701        0.9936
    653.5750        0.9888
    653.5799        0.9863
    653.5848        0.9904
    653.5898        0.9974
    653.5947        1.0002
    653.5996        1.0008
    653.6045        0.9981
    653.6094        0.9863
    653.6143        0.9726
    653.6192        0.9699
    653.6241        0.9699
    653.6290        0.9661
    653.6340        0.9605
    653.6389        0.9585
    653.6438        0.9624
    653.6487        0.9665
    653.6536        0.9634
    653.6585        0.9613
    653.6634        0.9620
    653.6683        0.9620
    653.6732        0.9612
    653.6782        0.9635
    653.6831        0.9694
    653.6880        0.9784
    653.6929        0.9888
    653.6978        0.9950
    653.7027        0.9900
    653.7076        0.9755
    653.7125        0.9654
    653.7174        0.9663
    653.7224        0.9766
    653.7273        0.9865
    653.7322        0.9863
    653.7371        0.9781
    653.7420        0.9729
    653.7469        0.9654
    653.7518        0.9533
    653.7567        0.9492
    653.7616        0.9626
    653.7666        0.9803
    653.7715        0.9799
    653.7764        0.9672
    653.7813        0.9662
    653.7862        0.9780
    653.7911        0.9842
    653.7960        0.9787
    653.8009        0.9745
    653.8058        0.9745
    653.8108        0.9759
    653.8157        0.9754
    653.8206        0.9718
    653.8255        0.9666
    653.8304        0.9651
    653.8353        0.9688
    653.8402        0.9741
    653.8451        0.9790
    653.8500        0.9828
    653.8550        0.9830
    653.8599        0.9773
    653.8648        0.9753
    653.8697        0.9810
    653.8746        0.9842
    653.8795        0.9759
    653.8844        0.9668
    653.8893        0.9725
    653.8942        0.9824
    653.8992        0.9821
    653.9041        0.9779
    653.9090        0.9816
    653.9139        0.9867
    653.9188        0.9832
    653.9237        0.9754
    653.9286        0.9742
    653.9335        0.9794
    653.9385        0.9799
    653.9434        0.9720
    653.9483        0.9673
    653.9532        0.9651
    653.9581        0.9623
    653.9630        0.9590
    653.9679        0.9562
    653.9728        0.9527
    653.9777        0.9492
    653.9827        0.9490
    653.9876        0.9523
    653.9925        0.9533
    653.9974        0.9482
    654.0023        0.9446
    654.0072        0.9483
    654.0121        0.9555
    654.0170        0.9594
    654.0219        0.9572
    654.0269        0.9533
    654.0318        0.9563
    654.0367        0.9606
    654.0416        0.9612
    654.0465        0.9595
    654.0514        0.9597
    654.0563        0.9667
    654.0612        0.9788
    654.0661        0.9805
    654.0711        0.9743
    654.0760        0.9671
    654.0809        0.9614
    654.0858        0.9582
    654.0907        0.9592
    654.0956        0.9639
    654.1005        0.9692
    654.1054        0.9684
    654.1103        0.9610
    654.1153        0.9539
    654.1202        0.9473
    654.1251        0.9408
    654.1300        0.9365
    654.1349        0.9367
    654.1398        0.9409
    654.1447        0.9453
    654.1496        0.9465
    654.1545        0.9474
    654.1595        0.9467
    654.1644        0.9457
    654.1693        0.9468
    654.1742        0.9485
    654.1791        0.9451
    654.1840        0.9402
    654.1889        0.9367
    654.1938        0.9374
    654.1987        0.9413
    654.2037        0.9401
    654.2086        0.9307
    654.2135        0.9234
    654.2184        0.9211
    654.2233        0.9206
    654.2282        0.9211
    654.2331        0.9253
    654.2380        0.9355
    654.2429        0.9465
    654.2479        0.9511
    654.2528        0.9534
    654.2577        0.9621
    654.2626        0.9736
    654.2675        0.9789
    654.2724        0.9852
    654.2773        0.9919
    654.2822        0.9896
    654.2871        0.9793
    654.2921        0.9779
    654.2970        0.9853
    654.3019        0.9881
    654.3068        0.9838
    654.3117        0.9786
    654.3166        0.9743
    654.3215        0.9665
    654.3264        0.9569
    654.3313        0.9484
    654.3363        0.9449
    654.3412        0.9457
    654.3461        0.9451
    654.3510        0.9432
    654.3559        0.9395
    654.3608        0.9284
    654.3657        0.9121
    654.3706        0.8972
    654.3755        0.8877
    654.3805        0.8841
    654.3854        0.8777
    654.3903        0.8719
    654.3952        0.8737
    654.4001        0.8797
    654.4050        0.8842
    654.4099        0.8963
    654.4148        0.9149
    654.4197        0.9306
    654.4247        0.9353
    654.4296        0.9325
    654.4345        0.9336
    654.4394        0.9369
    654.4443        0.9375
    654.4492        0.9424
    654.4541        0.9503
    654.4590        0.9503
    654.4639        0.9433
    654.4689        0.9424
    654.4738        0.9470
    654.4787        0.9525
    654.4836        0.9596
    654.4885        0.9668
    654.4934        0.9664
    654.4983        0.9626
    654.5032        0.9613
    654.5082        0.9587
    654.5131        0.9523
    654.5180        0.9477
    654.5229        0.9503
    654.5278        0.9563
    654.5327        0.9607
    654.5376        0.9636
    654.5425        0.9665
    654.5474        0.9681
    654.5524        0.9675
    654.5573        0.9637
    654.5622        0.9564
    654.5671        0.9472
    654.5720        0.9391
    654.5769        0.9350
    654.5818        0.9356
    654.5867        0.9389
    654.5916        0.9427
    654.5966        0.9457
    654.6015        0.9493
    654.6064        0.9573
    654.6113        0.9706
    654.6162        0.9816
    654.6211        0.9800
    654.6260        0.9689
    654.6309        0.9626
    654.6358        0.9663
    654.6408        0.9651
    654.6457        0.9557
    654.6506        0.9496
    654.6555        0.9549
    654.6604        0.9667
    654.6653        0.9738
    654.6702        0.9735
    654.6751        0.9744
    654.6800        0.9783
    654.6850        0.9813
    654.6899        0.9800
    654.6948        0.9760
    654.6997        0.9764
    654.7046        0.9747
    654.7095        0.9668
    654.7144        0.9590
    654.7193        0.9540
    654.7242        0.9466
    654.7292        0.9439
    654.7341        0.9477
    654.7390        0.9497
    654.7439        0.9438
    654.7488        0.9333
    654.7537        0.9244
    654.7586        0.9190
    654.7635        0.9138
    654.7684        0.9057
    654.7734        0.9021
    654.7783        0.9088
    654.7832        0.9152
    654.7881        0.9107
    654.7930        0.9055
    654.7979        0.9100
    654.8028        0.9236
    654.8077        0.9378
    654.8126        0.9430
    654.8176        0.9429
    654.8225        0.9467
    654.8274        0.9529
    654.8323        0.9544
    654.8372        0.9524
    654.8421        0.9561
    654.8470        0.9574
    654.8519        0.9445
    654.8568        0.9298
    654.8618        0.9267
    654.8667        0.9268
    654.8716        0.9156
    654.8765        0.9029
    654.8814        0.8983
    654.8863        0.9014
    654.8912        0.9097
    654.8961        0.9222
    654.9010        0.9362
    654.9060        0.9448
    654.9109        0.9437
    654.9158        0.9423
    654.9207        0.9450
    654.9256        0.9438
    654.9305        0.9406
    654.9354        0.9473
    654.9403        0.9573
    654.9452        0.9570
    654.9502        0.9469
    654.9551        0.9405
    654.9600        0.9424
    654.9649        0.9476
    654.9698        0.9563
    654.9747        0.9579
    654.9796        0.9478
    654.9845        0.9385
    654.9894        0.9361
    654.9944        0.9306
    654.9993        0.9272
    655.0042        0.9306
    655.0091        0.9366
    655.0140        0.9380
    655.0189        0.9325
    655.0238        0.9268
    655.0287        0.9221
    655.0336        0.9201
    655.0386        0.9262
    655.0435        0.9384
    655.0484        0.9416
    655.0533        0.9394
    655.0582        0.9364
    655.0631        0.9331
    655.0680        0.9284
    655.0729        0.9236
    655.0779        0.9216
    655.0828        0.9237
    655.0877        0.9239
    655.0926        0.9232
    655.0975        0.9255
    655.1024        0.9282
    655.1073        0.9276
    655.1122        0.9222
    655.1171        0.9196
    655.1221        0.9231
    655.1270        0.9289
    655.1319        0.9345
    655.1368        0.9401
    655.1417        0.9375
    655.1466        0.9328
    655.1515        0.9324
    655.1564        0.9326
    655.1613        0.9289
    655.1663        0.9258
    655.1712        0.9244
    655.1761        0.9251
    655.1810        0.9264
    655.1859        0.9272
    655.1908        0.9275
    655.1957        0.9253
    655.2006        0.9205
    655.2055        0.9185
    655.2105        0.9203
    655.2154        0.9203
    655.2203        0.9150
    655.2252        0.9095
    655.2301        0.9125
    655.2350        0.9215
    655.2399        0.9237
    655.2448        0.9149
    655.2497        0.9046
    655.2547        0.8967
    655.2596        0.8862
    655.2645        0.8782
    655.2694        0.8765
    655.2743        0.8768
    655.2792        0.8729
    655.2841        0.8655
    655.2890        0.8673
    655.2939        0.8777
    655.2989        0.8819
    655.3038        0.8792
    655.3087        0.8830
    655.3136        0.8932
    655.3185        0.9039
    655.3234        0.9105
    655.3283        0.9160
    655.3332        0.9240
    655.3381        0.9286
    655.3431        0.9221
    655.3480        0.9173
    655.3529        0.9244
    655.3578        0.9365
    655.3627        0.9423
    655.3676        0.9409
    655.3725        0.9394
    655.3774        0.9370
    655.3823        0.9320
    655.3873        0.9256
    655.3922        0.9206
    655.3971        0.9196
    655.4020        0.9227
    655.4069        0.9270
    655.4118        0.9320
    655.4167        0.9356
    655.4216        0.9388
    655.4265        0.9448
    655.4315        0.9509
    655.4364        0.9547
    655.4413        0.9565
    655.4462        0.9551
    655.4511        0.9534
    655.4560        0.9574
    655.4609        0.9687
    655.4658        0.9838
    655.4707        0.9967
    655.4757        1.0040
    655.4806        1.0084
    655.4855        1.0128
    655.4904        1.0136
    655.4953        1.0062
    655.5002        0.9971
    655.5051        0.9966
    655.5100        1.0045
    655.5149        1.0119
    655.5199        1.0154
    655.5248        1.0200
    655.5297        1.0267
    655.5346        1.0324
    655.5395        1.0347
    655.5444        1.0327
    655.5493        1.0272
    655.5542        1.0217
    655.5591        1.0191
    655.5641        1.0228
    655.5690        1.0308
    655.5739        1.0344
    655.5788        1.0312
    655.5837        1.0336
    655.5886        1.0440
    655.5935        1.0507
    655.5984        1.0539
    655.6033        1.0606
    655.6083        1.0704
    655.6132        1.0770
    655.6181        1.0792
    655.6230        1.0807
    655.6279        1.0834
    655.6328        1.0917
    655.6377        1.1078
    655.6426        1.1232
    655.6476        1.1259
    655.6525        1.1236
    655.6574        1.1257
    655.6623        1.1337
    655.6672        1.1479
    655.6721        1.1666
    655.6770        1.1799
    655.6819        1.1813
    655.6868        1.1783
    655.6918        1.1805
    655.6967        1.1874
    655.7016        1.1928
    655.7065        1.1939
    655.7114        1.1950
    655.7163        1.2032
    655.7212        1.2149
    655.7261        1.2237
    655.7310        1.2302
    655.7360        1.2360
    655.7409        1.2384
    655.7458        1.2461
    655.7507        1.2630
    655.7556        1.2840
    655.7605        1.3041
    655.7654        1.3216
    655.7703        1.3319
    655.7752        1.3361
    655.7802        1.3425
    655.7851        1.3555
    655.7900        1.3719
    655.7949        1.3871
    655.7998        1.4003
    655.8047        1.4118
    655.8096        1.4249
    655.8145        1.4374
    655.8194        1.4430
    655.8244        1.4428
    655.8293        1.4477
    655.8342        1.4646
    655.8391        1.4831
    655.8440        1.4938
    655.8489        1.5027
    655.8538        1.5134
    655.8587        1.5194
    655.8636        1.5232
    655.8686        1.5310
    655.8735        1.5431
    655.8784        1.5596
    655.8833        1.5736
    655.8882        1.5751
    655.8931        1.5677
    655.8980        1.5609
    655.9029        1.5568
    655.9078        1.5552
    655.9128        1.5578
    655.9177        1.5649
    655.9226        1.5739
    655.9275        1.5836
    655.9324        1.5896
    655.9373        1.5857
    655.9422        1.5755
    655.9471        1.5672
    655.9520        1.5633
    655.9570        1.5599
    655.9619        1.5520
    655.9668        1.5427
    655.9717        1.5413
    655.9766        1.5456
    655.9815        1.5435
    655.9864        1.5326
    655.9913        1.5246
    655.9962        1.5248
    656.0012        1.5251
    656.0061        1.5195
    656.0110        1.5101
    656.0159        1.5008
    656.0208        1.4952
    656.0257        1.4928
    656.0306        1.4861
    656.0355        1.4696
    656.0404        1.4523
    656.0454        1.4419
    656.0503        1.4324
    656.0552        1.4201
    656.0601        1.4141
    656.0650        1.4092
    656.0699        1.4007
    656.0748        1.3924
    656.0797        1.3854
    656.0846        1.3730
    656.0896        1.3582
    656.0945        1.3484
    656.0994        1.3453
    656.1043        1.3472
    656.1092        1.3520
    656.1141        1.3547
    656.1190        1.3494
    656.1239        1.3390
    656.1288        1.3352
    656.1338        1.3347
    656.1387        1.3317
    656.1436        1.3305
    656.1485        1.3355
    656.1534        1.3392
    656.1583        1.3326
    656.1632        1.3214
    656.1681        1.3209
    656.1730        1.3296
    656.1780        1.3303
    656.1829        1.3188
    656.1878        1.3100
    656.1927        1.3104
    656.1976        1.3177
    656.2025        1.3283
    656.2074        1.3320
    656.2123        1.3194
    656.2173        1.3009
    656.2222        1.2909
    656.2271        1.2900
    656.2320        1.2946
    656.2369        1.3022
    656.2418        1.3125
    656.2467        1.3231
    656.2516        1.3250
    656.2565        1.3124
    656.2615        1.2942
    656.2664        1.2825
    656.2713        1.2820
    656.2762        1.2882
    656.2811        1.2933
    656.2860        1.2929
    656.2909        1.2855
    656.2958        1.2783
    656.3007        1.2800
    656.3057        1.2854
    656.3106        1.2854
    656.3155        1.2851
    656.3204        1.2921
    656.3253        1.2983
    656.3302        1.3003
    656.3351        1.2983
    656.3400        1.2907
    656.3449        1.2816
    656.3499        1.2831
    656.3548        1.2944
    656.3597        1.3047
    656.3646        1.3108
    656.3695        1.3128
    656.3744        1.3124
    656.3793        1.3140
    656.3842        1.3178
    656.3891        1.3206
    656.3941        1.3246
    656.3990        1.3290
    656.4039        1.3324
    656.4088        1.3363
    656.4137        1.3375
    656.4186        1.3266
    656.4235        1.3072
    656.4284        1.3021
    656.4333        1.3128
    656.4383        1.3224
    656.4432        1.3256
    656.4481        1.3330
    656.4530        1.3476
    656.4579        1.3621
    656.4628        1.3731
    656.4677        1.3851
    656.4726        1.3987
    656.4775        1.4102
    656.4825        1.4224
    656.4874        1.4403
    656.4923        1.4586
    656.4972        1.4749
    656.5021        1.4893
    656.5070        1.5012
    656.5119        1.5118
    656.5168        1.5224
    656.5217        1.5327
    656.5267        1.5436
    656.5316        1.5550
    656.5365        1.5639
    656.5414        1.5708
    656.5463        1.5777
    656.5512        1.5856
    656.5561        1.5919
    656.5610        1.5896
    656.5659        1.5788
    656.5709        1.5731
    656.5758        1.5756
    656.5807        1.5782
    656.5856        1.5787
    656.5905        1.5793
    656.5954        1.5722
    656.6003        1.5549
    656.6052        1.5395
    656.6101        1.5335
    656.6151        1.5264
    656.6200        1.5082
    656.6249        1.4896
    656.6298        1.4880
    656.6347        1.4960
    656.6396        1.4994
    656.6445        1.4970
    656.6494        1.4902
    656.6543        1.4778
    656.6593        1.4624
    656.6642        1.4526
    656.6691        1.4507
    656.6740        1.4466
    656.6789        1.4388
    656.6838        1.4314
    656.6887        1.4269
    656.6936        1.4251
    656.6985        1.4234
    656.7035        1.4171
    656.7084        1.4066
    656.7133        1.3960
    656.7182        1.3840
    656.7231        1.3639
    656.7280        1.3393
    656.7329        1.3232
    656.7378        1.3166
    656.7427        1.3144
    656.7477        1.3091
    656.7526        1.2923
    656.7575        1.2759
    656.7624        1.2718
    656.7673        1.2722
    656.7722        1.2649
    656.7771        1.2520
    656.7820        1.2395
    656.7870        1.2385
    656.7919        1.2469
    656.7968        1.2486
    656.8017        1.2370
    656.8066        1.2236
    656.8115        1.2155
    656.8164        1.2103
    656.8213        1.2044
    656.8262        1.1940
    656.8312        1.1876
    656.8361        1.1902
    656.8410        1.1914
    656.8459        1.1805
    656.8508        1.1646
    656.8557        1.1480
    656.8606        1.1396
    656.8655        1.1370
    656.8704        1.1285
    656.8754        1.1154
    656.8803        1.1074
    656.8852        1.1019
    656.8901        1.0953
    656.8950        1.0856
    656.8999        1.0708
    656.9048        1.0562
    656.9097        1.0506
    656.9146        1.0536
    656.9196        1.0561
    656.9245        1.0546
    656.9294        1.0533
    656.9343        1.0520
    656.9392        1.0469
    656.9441        1.0381
    656.9490        1.0336
    656.9539        1.0362
    656.9588        1.0376
    656.9638        1.0318
    656.9687        1.0260
    656.9736        1.0239
    656.9785        1.0239
    656.9834        1.0228
    656.9883        1.0166
    656.9932        1.0075
    656.9981        1.0048
    657.0030        1.0097
    657.0080        1.0102
    657.0129        1.0048
    657.0178        1.0051
    657.0227        1.0105
    657.0276        1.0114
    657.0325        1.0044
    657.0374        0.9968
    657.0423        0.9952
    657.0472        0.9988
    657.0522        1.0009
    657.0571        0.9991
    657.0620        0.9942
    657.0669        0.9874
    657.0718        0.9797
    657.0767        0.9724
    657.0816        0.9669
    657.0865        0.9653
    657.0914        0.9677
    657.0964        0.9651
    657.1013        0.9502
    657.1062        0.9344
    657.1111        0.9297
    657.1160        0.9320
    657.1209        0.9335
    657.1258        0.9336
    657.1307        0.9328
    657.1356        0.9310
    657.1406        0.9259
    657.1455        0.9198
    657.1504        0.9160
    657.1553        0.9138
    657.1602        0.9135
    657.1651        0.9173
    657.1700        0.9208
    657.1749        0.9147
    657.1798        0.9007
    657.1848        0.8898
    657.1897        0.8871
    657.1946        0.8884
    657.1995        0.8893
    657.2044        0.8920
    657.2093        0.8958
    657.2142        0.8905
    657.2191        0.8799
    657.2240        0.8798
    657.2290        0.8883
    657.2339        0.8956
    657.2388        0.9028
    657.2437        0.9139
    657.2486        0.9238
    657.2535        0.9269
    657.2584        0.9232
    657.2633        0.9185
    657.2682        0.9182
    657.2732        0.9247
    657.2781        0.9365
    657.2830        0.9452
    657.2879        0.9439
    657.2928        0.9393
    657.2977        0.9398
    657.3026        0.9363
    657.3075        0.9248
    657.3124        0.9212
    657.3174        0.9238
    657.3223        0.9201
    657.3272        0.9169
    657.3321        0.9225
    657.3370        0.9238
    657.3419        0.9178
    657.3468        0.9200
    657.3517        0.9241
    657.3567        0.9209
    657.3616        0.9192
    657.3665        0.9263
    657.3714        0.9333
    657.3763        0.9308
    657.3812        0.9227
    657.3861        0.9156
    657.3910        0.9118
    657.3959        0.9151
    657.4009        0.9182
    657.4058        0.9181
    657.4107        0.9196
    657.4156        0.9209
    657.4205        0.9200
    657.4254        0.9221
    657.4303        0.9235
    657.4352        0.9181
    657.4401        0.9130
    657.4451        0.9108
    657.4500        0.9072
    657.4549        0.9042
    657.4598        0.9049
    657.4647        0.9046
    657.4696        0.8967
    657.4745        0.8834
    657.4794        0.8734
    657.4843        0.8721
    657.4893        0.8789
    657.4942        0.8890
    657.4991        0.8987
    657.5040        0.9068
    657.5089        0.9135
    657.5138        0.9184
    657.5187        0.9211
    657.5236        0.9229
    657.5285        0.9236
    657.5335        0.9237
    657.5384        0.9284
    657.5433        0.9363
    657.5482        0.9375
    657.5531        0.9323
    657.5580        0.9347
    657.5629        0.9414
    657.5678        0.9339
    657.5727        0.9206
    657.5777        0.9202
    657.5826        0.9231
    657.5875        0.9256
    657.5924        0.9304
    657.5973        0.9373
    657.6022        0.9461
    657.6071        0.9494
    657.6120        0.9410
    657.6169        0.9288
    657.6219        0.9220
    657.6268        0.9192
    657.6317        0.9174
    657.6366        0.9167
    657.6415        0.9165
    657.6464        0.9158
    657.6513        0.9194
    657.6562        0.9254
    657.6611        0.9296
    657.6661        0.9369
    657.6710        0.9485
    657.6759        0.9518
    657.6808        0.9436
    657.6857        0.9375
    657.6906        0.9367
    657.6955        0.9413
    657.7004        0.9562
    657.7053        0.9642
    657.7103        0.9584
    657.7152        0.9495
    657.7201        0.9398
    657.7250        0.9326
    657.7299        0.9390
    657.7348        0.9452
    657.7397        0.9415
    657.7446        0.9403
    657.7495        0.9399
    657.7545        0.9327
    657.7594        0.9223
    657.7643        0.9143
    657.7692        0.9140
    657.7741        0.9197
    657.7790        0.9230
    657.7839        0.9245
    657.7888        0.9256
    657.7937        0.9199
    657.7987        0.9122
    657.8036        0.9118
    657.8085        0.9160
    657.8134        0.9168
    657.8183        0.9163
    657.8232        0.9175
    657.8281        0.9161
    657.8330        0.9107
    657.8379        0.9075
    657.8429        0.9101
    657.8478        0.9133
    657.8527        0.9130
    657.8576        0.9125
    657.8625        0.9163
    657.8674        0.9217
    657.8723        0.9196
    657.8772        0.9122
    657.8821        0.9089
    657.8871        0.9077
    657.8920        0.9055
    657.8969        0.9102
    657.9018        0.9218
    657.9067        0.9274
    657.9116        0.9248
    657.9165        0.9230
    657.9214        0.9189
    657.9264        0.9133
    657.9313        0.9172
    657.9362        0.9267
    657.9411        0.9253
    657.9460        0.9170
    657.9509        0.9194
    657.9558        0.9291
    657.9607        0.9294
    657.9656        0.9241
    657.9706        0.9197
    657.9755        0.9132
    657.9804        0.9110
    657.9853        0.9198
    657.9902        0.9332
    657.9951        0.9391
    658.0000        0.9386
    658.0049        0.9350
    658.0098        0.9254
    658.0148        0.9173
    658.0197        0.9184
    658.0246        0.9209
    658.0295        0.9181
    658.0344        0.9125
    658.0393        0.9153
    658.0442        0.9203
    658.0491        0.9180
    658.0540        0.9203
    658.0590        0.9243
    658.0639        0.9294
    658.0688        0.9364
    658.0737        0.9397
    658.0786        0.9362
    658.0835        0.9312
    658.0884        0.9336
    658.0933        0.9402
    658.0982        0.9403
    658.1032        0.9395
    658.1081        0.9453
    658.1130        0.9557
    658.1179        0.9609
    658.1228        0.9639
    658.1277        0.9650
    658.1326        0.9623
    658.1375        0.9584
    658.1424        0.9567
    658.1474        0.9634
    658.1523        0.9727
    658.1572        0.9742
    658.1621        0.9700
    658.1670        0.9615
    658.1719        0.9504
    658.1768        0.9455
    658.1817        0.9478
    658.1866        0.9482
    658.1916        0.9425
    658.1965        0.9415
    658.2014        0.9500
    658.2063        0.9536
    658.2112        0.9477
    658.2161        0.9442
    658.2210        0.9425
    658.2259        0.9357
    658.2308        0.9284
    658.2358        0.9264
    658.2407        0.9287
    658.2456        0.9344
    658.2505        0.9426
    658.2554        0.9471
    658.2603        0.9406
    658.2652        0.9268
    658.2701        0.9141
    658.2750        0.9091
    658.2800        0.9156
    658.2849        0.9300
    658.2898        0.9377
    658.2947        0.9303
    658.2996        0.9277
    658.3045        0.9335
    658.3094        0.9314
    658.3143        0.9230
    658.3192        0.9201
    658.3242        0.9224
    658.3291        0.9227
    658.3340        0.9203
    658.3389        0.9213
    658.3438        0.9308
    658.3487        0.9453
    658.3536        0.9551
    658.3585        0.9611
    658.3634        0.9604
    658.3684        0.9508
    658.3733        0.9376
    658.3782        0.9307
    658.3831        0.9366
    658.3880        0.9431
    658.3929        0.9459
    658.3978        0.9494
    658.4027        0.9500
    658.4076        0.9482
    658.4126        0.9459
    658.4175        0.9433
    658.4224        0.9490
    658.4273        0.9606
    658.4322        0.9583
    658.4371        0.9448
    658.4420        0.9389
    658.4469        0.9393
    658.4518        0.9420
    658.4568        0.9483
    658.4617        0.9498
    658.4666        0.9442
    658.4715        0.9353
    658.4764        0.9273
    658.4813        0.9294
    658.4862        0.9379
    658.4911        0.9434
    658.4961        0.9453
    658.5010        0.9414
    658.5059        0.9357
    658.5108        0.9335
    658.5157        0.9301
    658.5206        0.9229
    658.5255        0.9165
    658.5304        0.9156
    658.5353        0.9201
    658.5403        0.9253
    658.5452        0.9267
    658.5501        0.9265
    658.5550        0.9246
    658.5599        0.9184
    658.5648        0.9142
    658.5697        0.9193
    658.5746        0.9280
    658.5795        0.9329
    658.5845        0.9378
    658.5894        0.9429
    658.5943        0.9464
    658.5992        0.9452
    658.6041        0.9330
    658.6090        0.9275
    658.6139        0.9396
    658.6188        0.9505
    658.6237        0.9473
    658.6287        0.9361
    658.6336        0.9382
    658.6385        0.9520
    658.6434        0.9464
    658.6483        0.9343
    658.6532        0.9416
    658.6581        0.9473
    658.6630        0.9463
    658.6679        0.9560
    658.6729        0.9635
    658.6778        0.9561
    658.6827        0.9405
    658.6876        0.9314
    658.6925        0.9361
    658.6974        0.9446
    658.7023        0.9574
    658.7072        0.9722
    658.7121        0.9755
    658.7171        0.9699
    658.7220        0.9601
    658.7269        0.9497
    658.7318        0.9508
    658.7367        0.9606
    658.7416        0.9682
    658.7465        0.9737
    658.7514        0.9746
    658.7563        0.9664
    658.7613        0.9585
    658.7662        0.9560
    658.7711        0.9562
    658.7760        0.9577
    658.7809        0.9590
    658.7858        0.9633
    658.7907        0.9647
    658.7956        0.9563
    658.8005        0.9494
    658.8055        0.9518
    658.8104        0.9646
    658.8153        0.9789
    658.8202        0.9834
    658.8251        0.9791
    658.8300        0.9779
    658.8349        0.9850
    658.8398        0.9824
    658.8447        0.9711
    658.8497        0.9729
    658.8546        0.9815
    658.8595        0.9784
    658.8644        0.9742
    658.8693        0.9773
    658.8742        0.9731
    658.8791        0.9762
    658.8840        0.9865
    658.8889        0.9845
    658.8939        0.9846
    658.8988        0.9840
    658.9037        0.9740
    658.9086        0.9718
    658.9135        0.9813
    658.9184        0.9983
    658.9233        1.0056
    658.9282        0.9938
    658.9331        0.9840
    658.9381        0.9868
    658.9430        0.9863
    658.9479        0.9758
    658.9528        0.9778
    658.9577        0.9915
    658.9626        0.9953
    658.9675        0.9889
    658.9724        0.9823
    658.9773        0.9811
    658.9823        0.9829
    658.9872        0.9835
    658.9921        0.9789
    658.9970        0.9743
    659.0019        0.9682
    659.0068        0.9564
    659.0117        0.9536
    659.0166        0.9624
    659.0215        0.9639
    659.0265        0.9581
    659.0314        0.9650
    659.0363        0.9715
    659.0412        0.9607
    659.0461        0.9484
    659.0510        0.9498
    659.0559        0.9567
    659.0608        0.9582
    659.0658        0.9592
    659.0707        0.9657
    659.0756        0.9645
    659.0805        0.9483
    659.0854        0.9395
    659.0903        0.9450
    659.0952        0.9565
    659.1001        0.9617
    659.1050        0.9600
    659.1100        0.9683
    659.1149        0.9798
    659.1198        0.9844
    659.1247        0.9824
    659.1296        0.9781
    659.1345        0.9741
    659.1394        0.9757
    659.1443        0.9838
    659.1492        0.9849
    659.1542        0.9801
    659.1591        0.9863
    659.1640        0.9949
    659.1689        1.0017
    659.1738        1.0035
    659.1787        0.9952
    659.1836        0.9884
    659.1885        0.9782
    659.1934        0.9742
    659.1984        0.9676
    659.2033        0.9478
    659.2082        0.9423
    659.2131        0.9509
    659.2180        0.9617
    659.2229        0.9749
    659.2278        0.9762
    659.2327        0.9663
    659.2376        0.9567
    659.2426        0.9494
    659.2475        0.9534
    659.2524        0.9702
    659.2573        0.9842
    659.2622        0.9849
    659.2671        0.9823
    659.2720        0.9752
    659.2769        0.9571
    659.2818        0.9493
    659.2868        0.9581
    659.2917        0.9736
    659.2966        0.9930
    659.3015        1.0037
    659.3064        1.0026
    659.3113        0.9940
    659.3162        0.9878
    659.3211        0.9834
    659.3260        0.9851
    659.3310        0.9883
    659.3359        0.9944
    659.3408        0.9997
    659.3457        0.9949
    659.3506        0.9964
    659.3555        1.0007
    659.3604        0.9868
    659.3653        0.9637
    659.3702        0.9568
    659.3752        0.9632
    659.3801        0.9701
    659.3850        0.9699
    659.3899        0.9704
    659.3948        0.9745
    659.3997        0.9882
    659.4046        1.0011
    659.4095        1.0027
    659.4144        1.0017
    659.4194        0.9946
    659.4243        0.9828
    659.4292        0.9783
    659.4341        0.9846
    659.4390        0.9925
    659.4439        0.9960
    659.4488        0.9960
    659.4537        0.9982
    659.4586        1.0037
    659.4636        1.0094
    659.4685        1.0208
    659.4734        1.0249
    659.4783        1.0125
    659.4832        1.0114
    659.4881        1.0197
    659.4930        1.0218
    659.4979        1.0213
    659.5028        1.0233
    659.5078        1.0284
    659.5127        1.0294
    659.5176        1.0287
    659.5225        1.0290
    659.5274        1.0155
    659.5323        0.9995
    659.5372        1.0000
    659.5421        1.0133
    659.5470        1.0201
    659.5520        1.0199
    659.5569        1.0163
    659.5618        1.0043
    659.5667        0.9941
    659.5716        0.9927
    659.5765        0.9948
    659.5814        0.9941
    659.5863        0.9934
    659.5912        0.9915
    659.5962        0.9854
    659.6011        0.9804
    659.6060        0.9832
    659.6109        0.9786
    659.6158        0.9718
    659.6207        0.9763
    659.6256        0.9777
    659.6305        0.9749
    659.6355        0.9756
    659.6404        0.9766
    659.6453        0.9782
    659.6502        0.9866
    659.6551        0.9983
    659.6600        1.0055
    659.6649        1.0108
    659.6698        1.0097
    659.6747        1.0018
    659.6797        0.9989
    659.6846        1.0014
    659.6895        0.9934
    659.6944        0.9815
    659.6993        0.9801
    659.7042        0.9886
    659.7091        0.9934
    659.7140        0.9988
    659.7189        0.9998
    659.7239        0.9961
    659.7288        0.9899
    659.7337        0.9754
    659.7386        0.9666
    659.7435        0.9763
    659.7484        0.9914
    659.7533        1.0021
    659.7582        1.0062
    659.7631        1.0090
    659.7681        1.0086
    659.7730        1.0075
    659.7779        1.0117
    659.7828        1.0127
    659.7877        1.0068
    659.7926        1.0031
    659.7975        1.0037
    659.8024        1.0074
    659.8073        1.0010
    659.8123        0.9915
    659.8172        0.9853
    659.8221        0.9854
    659.8270        0.9953
    659.8319        1.0022
    659.8368        0.9975
    659.8417        0.9903
    659.8466        0.9827
    659.8515        0.9913
    659.8565        0.9988
    659.8614        0.9881
    659.8663        0.9839
    659.8712        0.9876
    659.8761        0.9859
    659.8810        0.9919
    659.8859        0.9949
    659.8908        0.9938
    659.8957        1.0021
    659.9007        1.0152
    659.9056        1.0312
    659.9105        1.0280
    659.9154        1.0133
    659.9203        1.0131
    659.9252        1.0075
    659.9301        0.9939
    659.9350        0.9921
    659.9399        0.9809
    659.9449        0.9701
    659.9498        0.9807
    659.9547        0.9859
    659.9596        0.9813
    659.9645        0.9894
    659.9694        1.0070
    659.9743        1.0076
    659.9792        0.9952
    659.9841        0.9945
    659.9891        0.9998
    659.9940        1.0033
    659.9989        1.0064
    660.0038        1.0043
    660.0087        1.0017
    660.0136        1.0011
    660.0185        1.0082
    660.0234        1.0171
    660.0283        1.0342
    660.0333        1.0202
    660.0382        0.9929
    660.0431        0.9967
    660.0480        1.0013
    660.0529        1.0049
    660.0578        1.0048
    660.0627        0.9913
    660.0676        0.9737
    660.0725        0.9828
    660.0775        0.9911
    660.0824        0.9919
    660.0873        1.0015
    660.0922        1.0037
    660.0971        1.0057
    660.1020        1.0067
    660.1069        1.0078
    660.1118        1.0160
    660.1167        1.0121
    660.1217        1.0069
    660.1266        1.0083
    660.1315        1.0094
    660.1364        1.0198
    660.1413        1.0404
    660.1462        1.0343
    660.1511        1.0185
    660.1560        1.0198
    660.1609        1.0197
    660.1659        1.0119
    660.1708        1.0154
    660.1757        1.0301
    660.1806        1.0257
    660.1855        1.0132
    660.1904        1.0023
    660.1953        1.0001
    660.2002        0.9992
    660.2052        0.9934
    660.2101        0.9996
    660.2150        0.9994
    660.2199        0.9973
    660.2248        1.0015
    660.2297        1.0075
    660.2346        1.0046
    660.2395        0.9876
    660.2444        0.9817
    660.2494        0.9840
    660.2543        0.9834
    660.2592        0.9746
    660.2641        0.9667
    660.2690        0.9793
    660.2739        0.9967
    660.2788        1.0047
    660.2837        0.9950
    660.2886        0.9853
    660.2936        0.9810
    660.2985        0.9806
    660.3034        0.9882
    660.3083        1.0020
    660.3132        1.0097
    660.3181        1.0038
    660.3230        0.9917
    660.3279        0.9833
    660.3328        0.9790
    660.3378        0.9867
    660.3427        0.9994
    660.3476        0.9907
    660.3525        0.9941
    660.3574        1.0031
    660.3623        1.0023
    660.3672        0.9954
    660.3721        0.9979
    660.3770        1.0149
    660.3820        1.0227
    660.3869        1.0222
    660.3918        1.0240
    660.3967        1.0064
    660.4016        0.9792
    660.4065        0.9808
    660.4114        1.0056
    660.4163        1.0210
    660.4212        1.0185
    660.4262        1.0160
    660.4311        1.0012
    660.4360        0.9995
    660.4409        1.0163
    660.4458        1.0328
    660.4507        1.0300
    660.4556        1.0207
    660.4605        1.0224
    660.4654        1.0317
    660.4704        1.0385
    660.4753        1.0215
    660.4802        1.0162
    660.4851        1.0218
    660.4900        1.0211
    660.4949        1.0189
    660.4998        1.0175
    660.5047        1.0272
    660.5096        1.0293
    660.5146        1.0219
    660.5195        1.0236
    660.5244        1.0272
    660.5293        1.0281
    660.5342        1.0151
    660.5391        1.0184
    660.5440        1.0254
    660.5489        1.0137
    660.5538        1.0068
    660.5588        0.9932
    660.5637        0.9920
    660.5686        0.9985
    660.5735        1.0052
    660.5784        0.9848
    660.5833        0.9806
    660.5882        0.9871
    660.5931        0.9959
    660.5980        1.0029
    660.6030        1.0013
    660.6079        0.9962
    660.6128        1.0030
    660.6177        1.0020
    660.6226        1.0038
    660.6275        1.0015
    660.6324        0.9987
    660.6373        0.9976
    660.6422        1.0045
    660.6472        1.0175
    660.6521        1.0251
    660.6570        1.0054
    660.6619        0.9885
    660.6668        0.9761
    660.6717        0.9826
    660.6766        0.9923
    660.6815        1.0007
    660.6864        0.9984
    660.6914        0.9751
    660.6963        0.9702
    660.7012        0.9836
    660.7061        0.9903
    660.7110        1.0033
    660.7159        1.0036
    660.7208        1.0000
    660.7257        1.0001
    660.7306        0.9880
    660.7356        0.9919
    660.7405        1.0051
    660.7454        1.0084
    660.7503        1.0032
    660.7552        0.9845
    660.7601        0.9919
    660.7650        0.9982
    660.7699        1.0000
    660.7749        1.0107
    660.7798        1.0074
    660.7847        1.0023
    660.7896        1.0083
    660.7945        1.0070
    660.7994        1.0041
    660.8043        1.0280
    660.8092        1.0221
    660.8141        1.0207
    660.8191        1.0253
    660.8240        1.0213
    660.8289        1.0194
    660.8338        1.0164
    660.8387        1.0117
    660.8436        1.0089
    660.8485        1.0143
    660.8534        1.0062
    660.8583        0.9972
    660.8633        0.9995
    660.8682        1.0037
    660.8731        1.0054
    660.8780        1.0048
    660.8829        1.0099
    660.8878        1.0218
    660.8927        1.0175
    660.8976        1.0195
    660.9025        1.0264
    660.9075        1.0354
    660.9124        1.0368
    660.9173        1.0246
    660.9222        1.0061
    660.9271        1.0060
    660.9320        1.0120
    660.9369        1.0207
    660.9418        1.0237
    660.9467        1.0236
    660.9517        1.0023
    660.9566        0.9943
    660.9615        1.0030
    660.9664        1.0210
    660.9713        1.0311
    660.9762        1.0338
    660.9811        1.0108
    660.9860        1.0026
    660.9909        1.0104
    660.9959        1.0314
    661.0008        1.0307
    661.0057        1.0256
    661.0106        1.0211
    661.0155        1.0073
    661.0204        1.0157
    661.0253        1.0152
    661.0302        1.0207
    661.0351        1.0148
    661.0401        1.0086
    661.0450        1.0159
    661.0499        1.0117
    661.0548        1.0153
    661.0597        1.0177
    661.0646        1.0176
    661.0695        1.0098
    661.0744        1.0121
    661.0793        1.0071
    661.0843        1.0052
    661.0892        1.0070
    661.0941        1.0077
    661.0990        1.0089
    661.1039        1.0121
    661.1088        1.0030
    661.1137        1.0107
    661.1186        1.0104
    661.1235        0.9987
    661.1285        1.0021
    661.1334        1.0091
    661.1383        1.0075
    661.1432        1.0029
    661.1481        1.0007
    661.1530        1.0168
    661.1579        1.0157
    661.1628        0.9954
    661.1677        0.9886
    661.1727        0.9869
    661.1776        0.9991
    661.1825        0.9995
    661.1874        1.0136
    661.1923        1.0019
    661.1972        1.0002
    661.2021        1.0176
    661.2070        1.0249
    661.2119        1.0128
    661.2169        0.9921
    661.2218        0.9793
    661.2267        0.9913
    661.2316        1.0034
    661.2365        0.9923
    661.2414        0.9830
    661.2463        0.9973
    661.2512        0.9910
    661.2561        0.9636
    661.2611        0.9852
    661.2660        0.9736
    661.2709        0.9682
    661.2758        0.9578
    661.2807        0.9496
    661.2856        0.9631
    661.2905        0.9716
    661.2954        0.9703
    661.3003        0.9735
    661.3053        0.9851
    661.3102        0.9919
    661.3151        0.9985
    661.3200        1.0047
    661.3249        1.0008
    661.3298        1.0096
    661.3347        1.0227
    661.3396        1.0060
    661.3446        0.9945
    661.3495        0.9939
    661.3544        1.0046
    661.3593        0.9918
    661.3642        0.9813
    661.3691        0.9905
    661.3740        0.9826
    661.3789        0.9721
    661.3838        0.9700
    661.3888        0.9752
    661.3937        0.9798
    661.3986        0.9880
    661.4035        0.9811
    661.4084        0.9844
    661.4133        0.9953
    661.4182        1.0028
    661.4231        0.9869
    661.4280        0.9937
    661.4330        0.9996
    661.4379        0.9978
    661.4428        0.9816
    661.4477        0.9869
    661.4526        1.0074
    661.4575        1.0001
    661.4624        0.9995
    661.4673        1.0080
    661.4722        0.9979
    661.4772        0.9900
    661.4821        0.9866
    661.4870        0.9905
    661.4919        1.0061
    661.4968        1.0034
    661.5017        0.9952
    661.5066        0.9969
    661.5115        1.0271
    661.5164        1.0174
    661.5214        1.0035
    661.5263        1.0157
    661.5312        1.0101
    661.5361        1.0077
    661.5410        1.0158
    661.5459        1.0193
    661.5508        1.0268
    661.5557        1.0307
    661.5606        1.0248
    661.5656        1.0156
    661.5705        1.0391
    661.5754        1.0471
    661.5803        1.0340
    661.5852        1.0218
    661.5901        1.0282
    661.5950        1.0375
    661.5999        1.0132
    661.6048        0.9952
    661.6098        1.0017
    661.6147        1.0084
    661.6196        1.0078
    661.6245        1.0092
    661.6294        1.0243
    661.6343        1.0359
    661.6392        1.0180
    661.6441        1.0203
    661.6490        1.0079
    661.6540        1.0162
    661.6589        1.0112
    661.6638        1.0214
    661.6687        1.0139
    661.6736        1.0080
    661.6785        1.0161
    661.6834        1.0251
    661.6883        1.0202
    661.6932        1.0136
    661.6982        1.0137
    661.7031        1.0025
    661.7080        1.0222
    661.7129        1.0165
    661.7178        0.9951
    661.7227        0.9996
    661.7276        0.9847
    661.7325        0.9922
    661.7374        0.9808
    661.7424        0.9793
    661.7473        0.9923
    661.7522        0.9829
    661.7571        0.9893
    661.7620        0.9928
    661.7669        1.0090
    661.7718        1.0073
    661.7767        1.0065
    661.7816        0.9877
    661.7866        0.9882
    661.7915        0.9924
    661.7964        0.9720
    661.8013        0.9771
