    652.1875        0.8929
    652.1991        0.9935
    652.2106        1.0039
    652.2221        1.0295
    652.2336        1.0450
    652.2451        1.0518
    652.2566        1.0446
    652.2681        1.0212
    652.2797        1.0040
    652.2912        1.0004
    652.3027        0.9931
    652.3142        0.9838
    652.3257        0.9810
    652.3372        0.9818
    652.3488        0.9672
    652.3603        0.9497
    652.3718        0.9342
    652.3833        0.9276
    652.3948        0.9514
    652.4063        0.9588
    652.4178        0.9706
    652.4294        0.9789
    652.4409        0.9821
    652.4524        0.9906
    652.4639        0.9944
    652.4754        1.0001
    652.4869        1.0064
    652.4984        1.0021
    652.5100        1.0097
    652.5215        1.0212
    652.5330        1.0169
    652.5445        1.0044
    652.5560        0.9963
    652.5675        0.9912
    652.5791        0.9873
    652.5906        0.9921
    652.6021        0.9992
    652.6136        1.0003
    652.6251        1.0048
    652.6366        1.0095
    652.6481        1.0074
    652.6597        1.0028
    652.6712        1.0131
    652.6827        1.0235
    652.6942        1.0139
    652.7057        1.0074
    652.7172        1.0130
    652.7288        1.0195
    652.7403        1.0143
    652.7518        1.0109
    652.7633        1.0049
    652.7748        0.9928
    652.7863        0.9924
    652.7978        0.9974
    652.8094        0.9978
    652.8209        0.9995
    652.8324        0.9977
    652.8439        0.9985
    652.8554        1.0085
    652.8669        1.0213
    652.8784        1.0199
    652.8900        1.0086
    652.9015        1.0080
    652.9130        1.0129
    652.9245        1.0147
    652.9360        1.0100
    652.9475        1.0111
    652.9591        1.0022
    652.9706        1.0016
    652.9821        1.0030
    652.9936        1.0005
    653.0051        0.9912
    653.0166        0.9980
    653.0281        1.0006
    653.0397        1.0022
    653.0512        1.0098
    653.0627        1.0133
    653.0742        1.0086
    653.0857        1.0032
    653.0972        0.9994
    653.1088        1.0018
    653.1203        0.9945
    653.1318        0.9975
    653.1433        1.0045
    653.1548        1.0023
    653.1663        1.0032
    653.1778        1.0075
    653.1894        1.0101
    653.2009        1.0085
    653.2124        0.9978
    653.2239        0.9796
    653.2354        0.9729
    653.2469        0.9789
    653.2584        0.9895
    653.2700        1.0152
    653.2815        1.0100
    653.2930        1.0103
    653.3045        1.0086
    653.3160        1.0074
    653.3275        1.0009
    653.3391        1.0007
    653.3506        1.0041
    653.3621        1.0136
    653.3736        1.0089
    653.3851        0.9994
    653.3966        0.9903
    653.4081        0.9876
    653.4197        0.9949
    653.4312        0.9985
    653.4427        1.0033
    653.4542        1.0074
    653.4657        1.0034
    653.4772        1.0098
    653.4887        1.0200
    653.5003        1.0178
    653.5118        1.0131
    653.5233        1.0103
    653.5348        1.0061
    653.5463        1.0085
    653.5578        1.0201
    653.5694        1.0278
    653.5809        1.0280
    653.5924        1.0194
    653.6039        1.0183
    653.6154        1.0260
    653.6269        1.0307
    653.6384        1.0207
    653.6500        1.0079
    653.6615        0.9923
    653.6730        0.9912
    653.6845        0.9884
    653.6960        1.0012
    653.7075        0.9991
    653.7191        0.9952
    653.7306        1.0017
    653.7421        1.0079
    653.7536        1.0144
    653.7651        1.0089
    653.7766        1.0121
    653.7881        1.0199
    653.7997        1.0207
    653.8112        1.0242
    653.8227        1.0250
    653.8342        1.0269
    653.8457        1.0275
    653.8572        1.0281
    653.8687        1.0374
    653.8803        1.0439
    653.8918        1.0411
    653.9033        1.0302
    653.9148        1.0195
    653.9263        1.0170
    653.9378        1.0219
    653.9494        1.0072
    653.9609        0.9833
    653.9724        0.9880
    653.9839        1.0208
    653.9954        1.0325
    654.0069        1.0299
    654.0184        1.0228
    654.0300        1.0175
    654.0415        1.0290
    654.0530        1.0315
    654.0645        1.0338
    654.0760        1.0361
    654.0875        1.0330
    654.0991        1.0185
    654.1106        1.0164
    654.1221        1.0268
    654.1336        1.0329
    654.1451        1.0285
    654.1566        1.0258
    654.1681        1.0254
    654.1797        1.0307
    654.1912        1.0354
    654.2027        1.0328
    654.2142        1.0245
    654.2257        1.0104
    654.2372        1.0026
    654.2487        1.0083
    654.2603        1.0183
    654.2718        1.0234
    654.2833        1.0278
    654.2948        1.0279
    654.3063        1.0131
    654.3178        1.0093
    654.3294        1.0180
    654.3409        1.0179
    654.3524        1.0173
    654.3639        1.0199
    654.3754        1.0035
    654.3869        0.9857
    654.3984        0.9701
    654.4100        0.9820
    654.4215        1.0098
    654.4330        1.0230
    654.4445        1.0300
    654.4560        1.0341
    654.4675        1.0388
    654.4791        1.0349
    654.4906        1.0304
    654.5021        1.0335
    654.5136        1.0382
    654.5251        1.0448
    654.5366        1.0346
    654.5481        1.0348
    654.5597        1.0325
    654.5712        1.0261
    654.5827        1.0322
    654.5942        1.0301
    654.6057        1.0273
    654.6172        1.0373
    654.6287        1.0473
    654.6403        1.0456
    654.6518        1.0417
    654.6633        1.0400
    654.6748        1.0350
    654.6863        1.0376
    654.6978        1.0462
    654.7094        1.0468
    654.7209        1.0380
    654.7324        1.0430
    654.7439        1.0372
    654.7554        1.0400
    654.7669        1.0377
    654.7784        1.0245
    654.7900        1.0231
    654.8015        1.0314
    654.8130        1.0426
    654.8245        1.0399
    654.8360        1.0343
    654.8475        1.0161
    654.8591        1.0036
    654.8706        0.9957
    654.8821        1.0142
    654.8936        1.0359
    654.9051        1.0448
    654.9166        1.0491
    654.9281        1.0498
    654.9397        1.0487
    654.9512        1.0516
    654.9627        1.0570
    654.9742        1.0598
    654.9857        1.0593
    654.9972        1.0638
    655.0087        1.0678
    655.0203        1.0698
    655.0318        1.0725
    655.0433        1.0696
    655.0548        1.0706
    655.0663        1.0765
    655.0778        1.0879
    655.0894        1.0924
    655.1009        1.0938
    655.1124        1.0879
    655.1239        1.0814
    655.1354        1.0875
    655.1469        1.0907
    655.1584        1.0976
    655.1700        1.1004
    655.1815        1.1066
    655.1930        1.1025
    655.2045        1.0897
    655.2160        1.0933
    655.2275        1.0937
    655.2391        1.0948
    655.2506        1.0853
    655.2621        1.0673
    655.2736        1.0667
    655.2851        1.0928
    655.2966        1.1128
    655.3081        1.1216
    655.3197        1.1339
    655.3312        1.1325
    655.3427        1.1333
    655.3542        1.1353
    655.3657        1.1328
    655.3772        1.1325
    655.3887        1.1429
    655.4003        1.1683
    655.4118        1.1842
    655.4233        1.1875
    655.4348        1.1924
    655.4463        1.2003
    655.4578        1.2066
    655.4694        1.2152
    655.4809        1.2214
    655.4924        1.2191
    655.5039        1.2277
    655.5154        1.2375
    655.5269        1.2534
    655.5384        1.2713
    655.5500        1.2797
    655.5615        1.2886
    655.5730        1.2982
    655.5845        1.3027
    655.5960        1.3122
    655.6075        1.3244
    655.6191        1.3440
    655.6306        1.3614
    655.6421        1.3793
    655.6536        1.3919
    655.6651        1.4032
    655.6766        1.4242
    655.6881        1.4426
    655.6997        1.4576
    655.7112        1.4576
    655.7227        1.4482
    655.7342        1.4264
    655.7457        1.4401
    655.7572        1.5041
    655.7687        1.5557
    655.7803        1.5745
    655.7918        1.5767
    655.8033        1.5830
    655.8148        1.5944
    655.8263        1.6061
    655.8378        1.6249
    655.8494        1.6514
    655.8609        1.6642
    655.8724        1.6671
    655.8839        1.6821
    655.8954        1.6941
    655.9069        1.7116
    655.9184        1.7467
    655.9300        1.7738
    655.9415        1.7895
    655.9530        1.7995
    655.9645        1.8116
    655.9760        1.8231
    655.9875        1.8317
    655.9991        1.8451
    656.0106        1.8505
    656.0221        1.8749
    656.0336        1.8792
    656.0451        1.8561
    656.0566        1.8468
    656.0681        1.8440
    656.0797        1.8442
    656.0912        1.8468
    656.1027        1.8375
    656.1142        1.8190
    656.1257        1.8247
    656.1372        1.8182
    656.1487        1.8203
    656.1603        1.8228
    656.1718        1.8296
    656.1833        1.8306
    656.1948        1.8209
    656.2063        1.8091
    656.2178        1.7953
    656.2294        1.7932
    656.2409        1.7950
    656.2524        1.7860
    656.2639        1.7807
    656.2754        1.7840
    656.2869        1.7915
    656.2984        1.7960
    656.3100        1.7969
    656.3215        1.8001
    656.3330        1.8044
    656.3445        1.7965
    656.3560        1.7994
    656.3675        1.8221
    656.3790        1.8288
    656.3906        1.8333
    656.4021        1.8280
    656.4136        1.8091
    656.4251        1.8167
    656.4366        1.8397
    656.4481        1.8597
    656.4597        1.8808
    656.4712        1.8918
    656.4827        1.8921
    656.4942        1.9022
    656.5057        1.9153
    656.5172        1.9222
    656.5287        1.9252
    656.5403        1.9123
    656.5518        1.9206
    656.5633        1.9211
    656.5748        1.9074
    656.5863        1.9061
    656.5978        1.8843
    656.6094        1.8717
    656.6209        1.8561
    656.6324        1.8456
    656.6439        1.8390
    656.6554        1.8234
    656.6669        1.7999
    656.6784        1.7846
    656.6900        1.7558
    656.7015        1.7431
    656.7130        1.7369
    656.7245        1.6984
    656.7360        1.6678
    656.7475        1.6428
    656.7590        1.6075
    656.7706        1.5899
    656.7821        1.5644
    656.7936        1.5348
    656.8051        1.5121
    656.8166        1.4947
    656.8281        1.4799
    656.8397        1.4677
    656.8512        1.4488
    656.8627        1.4369
    656.8742        1.4121
    656.8857        1.3938
    656.8972        1.3890
    656.9087        1.3877
    656.9203        1.3655
    656.9318        1.3538
    656.9433        1.3546
    656.9548        1.3431
    656.9663        1.3223
    656.9778        1.3129
    656.9894        1.3001
    657.0009        1.2835
    657.0124        1.2745
    657.0239        1.2694
    657.0354        1.2548
    657.0469        1.2342
    657.0584        1.2253
    657.0700        1.2203
    657.0815        1.1992
    657.0930        1.1783
    657.1045        1.1820
    657.1160        1.1859
    657.1275        1.1791
    657.1390        1.1692
    657.1506        1.1590
    657.1621        1.1435
    657.1736        1.1356
    657.1851        1.1228
    657.1966        1.1166
    657.2081        1.1064
    657.2197        1.1006
    657.2312        1.0997
    657.2427        1.1090
    657.2542        1.1112
    657.2657        1.1053
    657.2772        1.0965
    657.2887        1.0847
    657.3003        1.0924
    657.3118        1.0909
    657.3233        1.0983
    657.3348        1.0885
    657.3463        1.0769
    657.3578        1.0753
    657.3694        1.0726
    657.3809        1.0791
    657.3924        1.0785
    657.4039        1.0801
    657.4154        1.0746
    657.4269        1.0633
    657.4384        1.0619
    657.4500        1.0421
    657.4615        1.0303
    657.4730        1.0249
    657.4845        1.0222
    657.4960        1.0215
    657.5075        1.0261
    657.5190        1.0379
    657.5306        1.0450
    657.5421        1.0412
    657.5536        1.0483
    657.5651        1.0523
    657.5766        1.0438
    657.5881        1.0402
    657.5997        1.0472
    657.6112        1.0475
    657.6227        1.0408
    657.6342        1.0335
    657.6457        1.0350
    657.6572        1.0326
    657.6687        1.0382
    657.6803        1.0415
    657.6918        1.0307
    657.7033        1.0294
    657.7148        1.0371
    657.7263        1.0359
    657.7378        1.0317
    657.7494        1.0291
    657.7609        1.0274
    657.7724        1.0250
    657.7839        1.0287
    657.7954        1.0340
    657.8069        1.0277
    657.8184        1.0188
    657.8300        1.0147
    657.8415        1.0297
    657.8530        1.0432
    657.8645        1.0396
    657.8760        1.0348
    657.8875        1.0241
    657.8990        1.0152
    657.9106        1.0091
    657.9221        1.0148
    657.9336        1.0220
    657.9451        1.0248
    657.9566        1.0282
    657.9681        1.0183
    657.9797        1.0079
    657.9912        1.0088
    658.0027        1.0059
    658.0142        1.0163
    658.0257        1.0300
    658.0372        1.0188
    658.0487        1.0188
    658.0603        1.0144
    658.0718        1.0149
    658.0833        1.0145
    658.0948        1.0158
    658.1063        1.0256
    658.1178        1.0180
    658.1294        1.0130
    658.1409        1.0229
    658.1524        1.0250
    658.1639        1.0156
    658.1754        1.0189
    658.1869        1.0195
    658.1984        1.0194
    658.2100        1.0241
    658.2215        1.0213
    658.2330        1.0217
    658.2445        1.0164
    658.2560        1.0206
    658.2675        1.0171
    658.2790        1.0165
    658.2906        1.0242
    658.3021        1.0223
    658.3136        1.0132
    658.3251        1.0131
    658.3366        1.0106
    658.3481        1.0146
    658.3597        1.0207
    658.3712        1.0119
    658.3827        0.9970
    658.3942        1.0021
    658.4057        1.0063
    658.4172        1.0199
    658.4287        1.0139
    658.4403        1.0053
    658.4518        1.0069
    658.4633        1.0123
    658.4748        1.0061
    658.4863        1.0080
    658.4978        1.0150
    658.5094        1.0110
    658.5209        1.0104
    658.5324        1.0234
    658.5439        1.0205
    658.5554        1.0112
    658.5669        1.0078
    658.5784        1.0138
    658.5900        1.0117
    658.6015        1.0085
    658.6130        1.0020
    658.6245        0.9941
    658.6360        0.9940
    658.6475        0.9919
    658.6590        0.9888
    658.6706        0.9963
    658.6821        1.0047
    658.6936        1.0032
    658.7051        0.9958
    658.7166        0.9952
    658.7281        1.0005
    658.7397        1.0008
    658.7512        1.0036
    658.7627        1.0119
    658.7742        1.0149
    658.7857        1.0108
    658.7972        1.0023
    658.8087        0.9991
    658.8203        1.0005
    658.8318        0.9929
    658.8433        0.9874
    658.8548        0.9956
    658.8663        1.0117
    658.8778        1.0185
    658.8893        1.0124
    658.9009        1.0079
    658.9124        1.0071
    658.9239        1.0096
    658.9354        1.0043
    658.9469        1.0157
    658.9584        1.0252
    658.9700        1.0112
    658.9815        1.0078
    658.9930        1.0115
    659.0045        1.0159
    659.0160        1.0112
    659.0275        1.0088
    659.0390        1.0101
    659.0506        1.0097
    659.0621        1.0067
    659.0736        1.0214
    659.0851        1.0435
    659.0966        1.0310
    659.1081        1.0088
    659.1197        1.0107
    659.1312        1.0028
    659.1427        0.9917
    659.1542        0.9850
    659.1657        0.9857
    659.1772        0.9863
    659.1887        0.9924
    659.2003        1.0059
    659.2118        1.0051
    659.2233        1.0044
    659.2348        1.0086
    659.2463        0.9943
    659.2578        0.9969
    659.2693        1.0078
    659.2809        1.0107
    659.2924        1.0089
    659.3039        1.0042
    659.3154        0.9971
    659.3269        0.9984
    659.3384        0.9959
    659.3500        1.0039
    659.3615        0.9972
    659.3730        1.0081
    659.3845        1.0176
    659.3960        0.9992
    659.4075        0.9915
    659.4190        0.9926
    659.4306        1.0040
    659.4421        1.0001
    659.4536        0.9984
    659.4651        0.9967
    659.4766        1.0009
    659.4881        0.9998
    659.4997        0.9983
    659.5112        0.9985
    659.5227        0.9933
    659.5342        1.0056
    659.5457        1.0031
    659.5572        0.9836
    659.5687        0.9837
    659.5803        1.0013
    659.5918        1.0030
    659.6033        1.0049
    659.6148        0.9930
    659.6263        0.9953
    659.6378        1.0048
    659.6493        1.0010
    659.6609        1.0173
    659.6724        1.0227
    659.6839        1.0138
    659.6954        1.0049
    659.7069        0.9978
    659.7184        1.0038
    659.7300        0.9973
    659.7415        0.9946
    659.7530        0.9941
    659.7645        0.9907
    659.7760        0.9904
    659.7875        0.9916
    659.7990        0.9981
    659.8106        1.0036
    659.8221        0.9969
    659.8336        0.9951
    659.8451        0.9948
    659.8566        0.9938
    659.8681        0.9903
    659.8797        0.9929
    659.8912        0.9972
    659.9027        0.9958
    659.9142        0.9834
    659.9257        0.9943
    659.9372        0.9977
    659.9487        0.9996
    659.9603        0.9996
    659.9718        0.9956
    659.9833        0.9974
    659.9948        0.9975
    660.0063        0.9990
    660.0178        1.0048
    660.0293        1.0007
    660.0409        0.9984
    660.0524        0.9897
    660.0639        0.9886
    660.0754        0.9885
    660.0869        0.9908
    660.0984        0.9869
    660.1100        1.0015
    660.1215        1.0122
    660.1330        1.0092
    660.1445        1.0027
    660.1560        0.9874
    660.1675        0.9863
    660.1790        0.9868
    660.1906        0.9904
    660.2021        0.9881
    660.2136        0.9899
    660.2251        0.9944
    660.2366        0.9884
    660.2481        0.9850
    660.2597        0.9901
    660.2712        0.9891
    660.2827        0.9973
    660.2942        0.9942
    660.3057        0.9932
    660.3172        1.0044
    660.3287        1.0031
    660.3403        0.9915
    660.3518        0.9862
    660.3633        0.9957
    660.3748        0.9950
    660.3863        0.9951
    660.3978        0.9969
    660.4093        0.9935
    660.4209        0.9899
    660.4324        0.9882
    660.4439        0.9916
    660.4554        0.9806
    660.4669        0.9813
    660.4784        0.9777
    660.4900        0.9818
    660.5015        0.9971
    660.5130        0.9949
    660.5245        0.9949
    660.5360        0.9981
    660.5475        0.9985
    660.5590        0.9941
    660.5706        0.9859
    660.5821        0.9856
    660.5936        0.9870
    660.6051        0.9943
    660.6166        0.9971
    660.6281        0.9877
    660.6397        0.9880
    660.6512        0.9879
    660.6627        0.9952
    660.6742        1.0059
    660.6857        0.9973
    660.6972        0.9956
    660.7087        0.9933
    660.7203        0.9905
    660.7318        0.9900
    660.7433        0.9885
    660.7548        0.9792
    660.7663        0.9970
    660.7778        1.0106
    660.7893        1.0054
    660.8009        0.9974
    660.8124        0.9919
    660.8239        0.9832
    660.8354        0.9877
    660.8469        0.9973
    660.8584        1.0065
    660.8700        0.9929
    660.8815        0.9964
    660.8930        0.9971
    660.9045        0.9976
    660.9160        0.9925
    660.9275        0.9994
    660.9390        1.0037
    660.9506        1.0040
    660.9621        1.0032
    660.9736        0.9996
    660.9851        0.9969
    660.9966        0.9953
    661.0081        0.9890
    661.0197        0.9960
    661.0312        0.9990
    661.0427        1.0093
    661.0542        1.0172
    661.0657        1.0083
    661.0772        0.9992
    661.0887        0.9914
    661.1003        0.9911
    661.1118        0.9983
    661.1233        0.9937
    661.1348        0.9937
    661.1463        1.0006
    661.1578        1.0147
    661.1693        1.0060
    661.1809        1.0007
    661.1924        1.0004
    661.2039        0.9882
    661.2154        0.9766
    661.2269        0.9858
    661.2384        0.9959
    661.2500        0.9972
    661.2615        1.0085
    661.2730        1.0135
    661.2845        1.0036
    661.2960        1.0086
    661.3075        1.0076
    661.3190        1.0027
    661.3306        0.9988
    661.3421        0.9950
    661.3536        1.0027
    661.3651        1.0116
    661.3766        1.0007
    661.3881        1.0035
    661.3996        0.9989
    661.4112        0.9978
    661.4227        0.9875
    661.4342        0.9866
    661.4457        0.9897
    661.4572        0.9898
    661.4687        0.9991
    661.4803        1.0055
    661.4918        1.0115
    661.5033        1.0165
    661.5148        1.0205
    661.5263        0.9988
    661.5378        0.9896
    661.5493        0.9773
    661.5609        0.9899
    661.5724        0.9998
    661.5839        1.0065
    661.5954        0.9967
    661.6069        1.0024
    661.6184        1.0148
    661.6300        1.0056
    661.6415        0.9988
    661.6530        0.9949
    661.6645        0.9870
    661.6760        1.0019
    661.6875        1.0167
    661.6990        1.0158
    661.7106        1.0088
    661.7221        0.9973
    661.7336        1.0092
    661.7451        1.0016
    661.7566        1.0103
    661.7681        1.0259
    661.7796        1.0143
    661.7912        1.0054
    661.8027        1.0031
    661.8142        1.0055
    661.8257        1.0036
    661.8372        0.9967
    661.8487        1.0006
    661.8603        1.0061
    661.8718        1.0032
    661.8833        1.0159
    661.8948        1.0147
    661.9063        1.0140
    661.9178        1.0092
    661.9293        0.9972
    661.9409        0.9937
    661.9524        0.9934
    661.9639        1.0058
    661.9754        1.0141
    661.9869        1.0109
    661.9984        0.9976
    662.0100        0.9954
    662.0215        0.9996
    662.0330        0.9938
    662.0445        0.9982
    662.0560        1.0091
    662.0675        1.0129
    662.0790        0.9993
    662.0906        0.9975
    662.1021        1.0020
    662.1136        0.9957
    662.1251        0.9958
    662.1366        0.9914
    662.1481        0.9989
    662.1596        1.0026
    662.1712        1.0002
    662.1827        1.0071
    662.1942        1.0167
    662.2057        1.0120
    662.2172        1.0094
    662.2287        1.0176
    662.2403        1.0212
    662.2518        1.0136
    662.2633        1.0101
    662.2748        1.0144
    662.2863        1.0037
    662.2978        0.9921
    662.3093        0.9996
    662.3209        1.0123
    662.3324        1.0178
    662.3439        1.0138
    662.3554        1.0104
    662.3669        1.0116
    662.3784        1.0141
    662.3900        1.0197
    662.4015        1.0194
    662.4130        1.0020
    662.4245        1.0031
    662.4360        1.0113
    662.4475        1.0082
    662.4590        1.0073
    662.4706        1.0098
    662.4821        1.0070
    662.4936        1.0073
    662.5051        1.0031
    662.5166        0.9952
    662.5281        1.0052
    662.5396        1.0157
    662.5512        1.0116
    662.5627        1.0077
    662.5742        1.0112
    662.5857        1.0064
    662.5972        1.0047
    662.6087        1.0089
    662.6203        1.0133
    662.6318        1.0050
    662.6433        0.9878
    662.6548        0.9953
    662.6663        1.0133
    662.6778        1.0177
    662.6893        1.0227
    662.7009        1.0259
    662.7124        1.0140
    662.7239        1.0056
    662.7354        1.0047
    662.7469        1.0004
    662.7584        1.0002
    662.7700        1.0054
    662.7815        1.0049
    662.7930        1.0066
    662.8045        1.0022
    662.8160        0.9958
    662.8275        1.0023
    662.8390        1.0090
    662.8506        1.0038
    662.8621        0.9882
    662.8736        0.9980
    662.8851        1.0042
    662.8966        1.0052
    662.9081        1.0144
    662.9196        1.0182
    662.9312        1.0246
    662.9427        1.0125
    662.9542        1.0058
    662.9657        0.9945
    662.9772        1.0042
    662.9887        1.0101
    663.0003        1.0108
    663.0118        1.0096
    663.0233        1.0101
    663.0348        1.0148
    663.0463        1.0235
    663.0578        1.0137
    663.0693        1.0041
    663.0809        0.9980
    663.0924        1.0085
    663.1039        1.0122
    663.1154        1.0175
    663.1269        1.0169
    663.1384        1.0187
    663.1500        1.0171
    663.1615        1.0216
    663.1730        1.0298
    663.1845        1.0243
    663.1960        1.0160
    663.2075        1.0027
    663.2190        1.0065
    663.2306        1.0183
    663.2421        1.0149
    663.2536        1.0096
    663.2651        1.0132
    663.2766        1.0159
    663.2881        1.0140
    663.2996        1.0094
    663.3112        1.0143
    663.3227        1.0081
    663.3342        1.0079
    663.3457        1.0221
    663.3572        1.0321
    663.3687        1.0270
    663.3803        1.0260
    663.3918        1.0180
    663.4033        1.0085
    663.4148        1.0029
    663.4263        0.9963
    663.4378        1.0026
    663.4493        1.0087
    663.4609        1.0167
    663.4724        1.0244
    663.4839        1.0236
    663.4954        1.0199
    663.5069        1.0139
    663.5184        1.0044
    663.5300        1.0068
    663.5415        1.0165
    663.5530        1.0156
    663.5645        0.9989
    663.5760        1.0061
    663.5875        1.0144
    663.5990        1.0271
    663.6106        1.0252
    663.6221        1.0082
    663.6336        1.0188
    663.6451        1.0208
    663.6566        1.0072
    663.6681        1.0183
    663.6796        1.0173
    663.6912        1.0162
    663.7027        1.0109
    663.7142        1.0041
    663.7257        1.0024
    663.7372        1.0079
    663.7487        1.0116
    663.7603        1.0124
    663.7718        1.0027
    663.7833        1.0091
    663.7948        1.0154
    663.8063        1.0191
    663.8178        1.0120
    663.8293        1.0116
    663.8409        1.0115
    663.8524        1.0068
    663.8639        1.0107
    663.8754        1.0071
    663.8869        1.0025
    663.8984        1.0041
    663.9100        1.0066
    663.9215        1.0073
    663.9330        1.0054
    663.9445        1.0145
    663.9560        1.0074
    663.9675        0.9986
    663.9790        1.0092
    663.9906        1.0177
    664.0021        1.0088
    664.0136        0.9967
    664.0251        0.9943
    664.0366        1.0012
    664.0481        1.0066
    664.0596        1.0122
    664.0712        1.0073
    664.0827        0.9983
    664.0942        1.0050
    664.1057        1.0095
    664.1172        1.0048
    664.1287        0.9938
    664.1403        0.9954
    664.1518        1.0110
    664.1633        1.0146
    664.1748        1.0033
    664.1863        1.0002
    664.1978        1.0101
    664.2093        1.0117
    664.2209        1.0140
    664.2324        0.9973
    664.2439        1.0065
    664.2554        1.0128
    664.2669        1.0073
    664.2784        0.9981
    664.2899        0.9919
    664.3015        1.0012
    664.3130        1.0084
    664.3245        1.0119
    664.3360        1.0144
    664.3475        1.0131
    664.3590        1.0103
    664.3706        1.0018
    664.3821        1.0005
    664.3936        0.9987
    664.4051        1.0072
    664.4166        1.0149
    664.4281        1.0092
    664.4396        1.0102
    664.4512        1.0107
    664.4627        1.0024
    664.4742        0.9957
    664.4857        0.9983
    664.4972        1.0080
    664.5087        1.0146
    664.5203        1.0090
    664.5318        1.0014
    664.5433        1.0063
    664.5548        1.0016
    664.5663        0.9962
    664.5778        1.0056
    664.5893        1.0023
    664.6009        0.9916
    664.6124        0.9895
    664.6239        0.9928
    664.6354        0.9996
    664.6469        1.0073
    664.6584        1.0148
    664.6699        1.0170
    664.6815        1.0014
    664.6930        0.9937
    664.7045        0.9987
    664.7160        1.0047
    664.7275        1.0027
    664.7390        1.0044
    664.7506        1.0052
    664.7621        1.0129
    664.7736        1.0134
    664.7851        1.0094
    664.7966        1.0139
    664.8081        1.0176
    664.8196        1.0124
    664.8312        1.0070
    664.8427        1.0143
    664.8542        1.0202
    664.8657        1.0112
    664.8772        1.0018
    664.8887        1.0118
    664.9003        1.0129
    664.9118        1.0151
    664.9233        1.0113
    664.9348        1.0119
    664.9463        1.0200
    664.9578        1.0090
    664.9693        1.0081
    664.9809        1.0053
    664.9924        0.9981
    665.0039        1.0134
    665.0154        1.0335
    665.0269        1.0221
    665.0384        1.0152
    665.0499        1.0102
    665.0615        1.0022
    665.0730        1.0045
    665.0845        1.0072
    665.0960        1.0102
    665.1075        1.0162
    665.1190        1.0179
    665.1306        1.0155
    665.1421        1.0077
    665.1536        1.0016
    665.1651        0.9948
    665.1766        0.9971
    665.1881        1.0040
    665.1996        1.0089
    665.2112        1.0126
    665.2227        1.0108
    665.2342        1.0010
    665.2457        1.0084
    665.2572        1.0074
    665.2687        1.0018
    665.2803        1.0008
    665.2918        0.9962
    665.3033        0.9982
    665.3148        1.0029
    665.3263        1.0094
    665.3378        1.0103
    665.3493        1.0030
    665.3609        1.0014
    665.3724        1.0016
    665.3839        1.0170
    665.3954        1.0122
    665.4069        1.0040
    665.4184        1.0068
    665.4299        1.0095
    665.4415        1.0030
    665.4530        1.0014
    665.4645        1.0080
    665.4760        1.0050
    665.4875        1.0017
    665.4990        0.9987
    665.5106        0.9948
    665.5221        0.9938
    665.5336        0.9881
    665.5451        0.9931
    665.5566        0.9945
    665.5681        1.0025
    665.5796        1.0167
    665.5912        1.0147
    665.6027        1.0085
    665.6142        1.0004
    665.6257        0.9945
    665.6372        0.9984
    665.6487        1.0079
    665.6603        1.0165
    665.6718        1.0159
    665.6833        1.0017
    665.6948        0.9955
    665.7063        1.0023
    665.7178        1.0187
    665.7293        1.0143
    665.7409        1.0027
    665.7524        0.9965
    665.7639        0.9952
    665.7754        0.9990
    665.7869        1.0120
    665.7984        1.0053
    665.8099        1.0025
    665.8215        0.9996
    665.8330        0.9982
    665.8445        0.9992
    665.8560        1.0012
    665.8675        0.9924
    665.8790        0.9903
    665.8906        0.9940
    665.9021        1.0086
    665.9136        1.0185
    665.9251        1.0224
    665.9366        1.0039
    665.9481        0.9951
    665.9596        1.0069
    665.9712        1.0124
    665.9827        1.0029
    665.9942        1.0034
    666.0057        1.0114
    666.0172        1.0050
    666.0287        0.9953
    666.0403        0.9898
    666.0518        0.9933
    666.0633        1.0110
    666.0748        1.0181
    666.0863        1.0075
    666.0978        1.0086
    666.1093        1.0047
    666.1209        1.0092
    666.1324        1.0118
    666.1439        1.0127
    666.1554        1.0104
    666.1669        1.0011
    666.1784        0.9933
    666.1899        0.9984
    666.2015        0.9947
    666.2130        1.0000
    666.2245        1.0026
    666.2360        1.0035
    666.2475        1.0103
    666.2590        1.0115
    666.2706        1.0128
    666.2821        1.0072
    666.2936        1.0003
    666.3051        0.9980
    666.3166        0.9993
    666.3281        1.0077
    666.3396        1.0011
    666.3512        0.9944
    666.3627        1.0031
    666.3742        1.0045
    666.3857        1.0087
    666.3972        1.0129
    666.4087        1.0073
    666.4203        0.9992
    666.4318        1.0013
    666.4433        1.0127
    666.4548        1.0038
    666.4663        0.9988
    666.4778        1.0001
    666.4893        0.9941
    666.5009        0.9919
    666.5124        1.0025
    666.5239        1.0063
    666.5354        1.0029
    666.5469        0.9952
    666.5584        1.0036
    666.5699        1.0104
    666.5815        1.0130
    666.5930        1.0008
    666.6045        1.0084
    666.6160        1.0049
    666.6275        1.0120
    666.6390        1.0046
    666.6506        0.9961
    666.6621        0.9992
    666.6736        1.0069
    666.6851        1.0084
    666.6966        1.0067
    666.7081        1.0069
    666.7196        1.0084
    666.7312        1.0031
    666.7427        1.0035
    666.7542        1.0088
    666.7657        1.0003
    666.7772        0.9884
    666.7887        0.9924
    666.8002        0.9923
    666.8118        0.9864
    666.8233        0.9858
    666.8348        0.9888
    666.8463        0.9969
    666.8578        0.9942
    666.8693        0.9984
    666.8809        1.0063
    666.8924        0.9983
    666.9039        0.9812
    666.9154        0.9872
    666.9269        0.9771
    666.9384        0.9776
    666.9499        0.9880
    666.9615        0.9868
    666.9730        0.9835
    666.9845        0.9898
    666.9960        0.9957
    667.0075        0.9904
    667.0190        0.9844
    667.0306        0.9841
    667.0421        0.9919
    667.0536        0.9993
    667.0651        0.9921
    667.0766        0.9797
    667.0881        0.9804
    667.0996        0.9849
    667.1112        0.9955
    667.1227        0.9957
    667.1342        0.9880
    667.1457        0.9982
    667.1572        0.9959
    667.1687        0.9986
    667.1802        0.9898
    667.1918        0.9911
    667.2033        0.9929
    667.2148        1.0004
    667.2263        0.9962
    667.2378        0.9936
    667.2493        0.9922
    667.2609        0.9869
    667.2724        0.9732
    667.2839        0.9781
    667.2954        1.0000
    667.3069        1.0050
    667.3184        0.9959
    667.3299        0.9970
    667.3415        1.0021
    667.3530        1.0103
    667.3645        1.0171
    667.3760        1.0160
    667.3875        1.0036
    667.3990        1.0054
    667.4106        1.0060
    667.4221        1.0044
    667.4336        1.0046
    667.4451        1.0078
    667.4566        1.0008
    667.4681        1.0038
    667.4796        1.0127
    667.4912        0.9993
    667.5027        0.9913
    667.5142        0.9973
    667.5257        1.0021
    667.5372        0.9914
    667.5487        0.9988
    667.5602        1.0050
    667.5718        0.9971
    667.5833        0.9970
    667.5948        1.0031
    667.6063        1.0226
    667.6178        1.0187
    667.6293        1.0091
    667.6409        0.9988
    667.6524        0.9978
    667.6639        0.9867
    667.6754        0.9836
    667.6869        0.9868
    667.6984        0.9911
    667.7099        0.9934
    667.7215        0.9921
    667.7330        0.9918
    667.7445        0.9849
    667.7560        0.9842
    667.7675        0.9871
    667.7790        0.9892
    667.7906        0.9826
    667.8021        0.9857
    667.8136        0.9939
    667.8251        1.0037
    667.8366        0.9993
    667.8481        0.9977
    667.8596        0.9963
    667.8712        0.9911
    667.8827        0.9868
    667.8942        0.9962
    667.9057        0.9943
    667.9172        0.9944
    667.9287        1.0018
    667.9402        1.0068
    667.9518        1.0014
    667.9633        1.0003
    667.9748        1.0074
    667.9863        1.0116
    667.9978        1.0119
    668.0093        1.0169
    668.0209        1.0149
    668.0324        1.0143
    668.0439        1.0107
    668.0554        1.0128
    668.0669        1.0213
    668.0784        1.0288
    668.0899        1.0342
    668.1015        1.0276
    668.1130        1.0276
    668.1245        1.0377
    668.1360        1.0416
    668.1475        1.0427
    668.1590        1.0512
    668.1706        1.0579
    668.1821        1.0483
    668.1936        1.0640
    668.2051        1.0697
    668.2166        1.0739
    668.2281        1.0737
    668.2396        1.0641
    668.2512        1.0492
    668.2627        1.0391
    668.2742        1.0419
    668.2857        1.0287
    668.2972        1.0247
    668.3087        1.0323
    668.3202        1.0230
    668.3318        1.0131
    668.3433        1.0086
    668.3548        1.0043
    668.3663        1.0032
    668.3778        1.0009
    668.3893        1.0054
    668.4009        1.0022
    668.4124        1.0010
    668.4239        1.0109
    668.4354        1.0102
    668.4469        0.9951
    668.4584        0.9867
    668.4699        0.9922
    668.4815        0.9959
    668.4930        0.9909
    668.5045        0.9935
    668.5160        0.9849
    668.5275        0.9707
    668.5390        0.9685
    668.5506        0.9812
    668.5621        0.9985
    668.5736        1.0000
    668.5851        0.9934
    668.5966        0.9924
    668.6081        1.0000
    668.6196        1.0036
    668.6312        0.9999
    668.6427        0.9850
    668.6542        0.9813
    668.6657        0.9795
    668.6772        0.9781
    668.6887        0.9739
    668.7002        0.9774
    668.7118        0.9764
    668.7233        0.9788
    668.7348        0.9805
    668.7463        0.9864
    668.7578        0.9827
    668.7693        0.9851
    668.7809        0.9830
    668.7924        0.9828
    668.8039        0.9891
    668.8154        0.9994
    668.8269        1.0062
    668.8384        0.9984
    668.8499        1.0035
    668.8615        1.0028
    668.8730        1.0062
    668.8845        1.0035
    668.8960        0.9999
    668.9075        0.9994
    668.9190        1.0065
    668.9306        0.9926
    668.9421        0.9879
    668.9536        0.9936
    668.9651        0.9991
    668.9766        1.0020
    668.9881        1.0003
    668.9996        1.0001
    669.0112        0.9912
    669.0227        0.9892
    669.0342        0.9964
    669.0457        0.9971
    669.0572        0.9959
    669.0687        0.9963
    669.0802        1.0042
    669.0918        0.9936
    669.1033        0.9961
    669.1148        0.9878
    669.1263        0.9951
    669.1378        0.9800
    669.1493        1.0450
