    649.9610        1.0089
    649.9683        1.0070
    649.9756        1.0053
    649.9829        1.0047
    649.9903        1.0064
    649.9976        1.0081
    650.0049        1.0098
    650.0122        1.0100
    650.0195        1.0076
    650.0268        1.0049
    650.0341        1.0025
    650.0414        1.0015
    650.0487        1.0029
    650.0560        1.0044
    650.0633        1.0061
    650.0707        1.0080
    650.0780        1.0103
    650.0853        1.0125
    650.0926        1.0144
    650.0999        1.0138
    650.1072        1.0095
    650.1145        1.0051
    650.1218        1.0008
    650.1291        0.9981
    650.1364        0.9979
    650.1438        0.9979
    650.1511        0.9979
    650.1584        0.9984
    650.1657        0.9993
    650.1730        1.0002
    650.1803        1.0011
    650.1876        1.0013
    650.1949        1.0005
    650.2022        0.9995
    650.2095        0.9985
    650.2168        0.9976
    650.2242        0.9974
    650.2315        0.9972
    650.2388        0.9972
    650.2461        0.9978
    650.2534        0.9990
    650.2607        1.0004
    650.2680        1.0014
    650.2753        1.0006
    650.2826        0.9977
    650.2899        0.9946
    650.2972        0.9920
    650.3046        0.9913
    650.3119        0.9925
    650.3192        0.9939
    650.3265        0.9953
    650.3338        0.9964
    650.3411        0.9974
    650.3484        0.9984
    650.3557        0.9992
    650.3630        0.9990
    650.3703        0.9977
    650.3777        0.9965
    650.3850        0.9951
    650.3923        0.9927
    650.3996        0.9897
    650.4069        0.9867
    650.4142        0.9846
    650.4215        0.9860
    650.4288        0.9900
    650.4361        0.9940
    650.4434        0.9975
    650.4507        0.9990
    650.4581        0.9993
    650.4654        0.9994
    650.4727        1.0002
    650.4800        1.0031
    650.4873        1.0075
    650.4946        1.0119
    650.5019        1.0158
    650.5092        1.0171
    650.5165        1.0171
    650.5238        1.0169
    650.5311        1.0165
    650.5385        1.0148
    650.5458        1.0122
    650.5531        1.0096
    650.5604        1.0075
    650.5677        1.0073
    650.5750        1.0084
    650.5823        1.0095
    650.5896        1.0101
    650.5969        1.0085
    650.6042        1.0057
    650.6116        1.0029
    650.6189        1.0007
    650.6262        1.0008
    650.6335        1.0023
    650.6408        1.0038
    650.6481        1.0047
    650.6554        1.0026
    650.6627        0.9991
    650.6700        0.9957
    650.6773        0.9935
    650.6846        0.9956
    650.6920        0.9992
    650.6993        1.0029
    650.7066        1.0052
    650.7139        1.0029
    650.7212        0.9993
    650.7285        0.9957
    650.7358        0.9925
    650.7431        0.9914
    650.7504        0.9909
    650.7577        0.9904
    650.7650        0.9905
    650.7724        0.9921
    650.7797        0.9939
    650.7870        0.9957
    650.7943        0.9967
    650.8016        0.9955
    650.8089        0.9940
    650.8162        0.9925
    650.8235        0.9896
    650.8308        0.9824
    650.8381        0.9744
    650.8454        0.9664
    650.8528        0.9608
    650.8601        0.9635
    650.8674        0.9672
    650.8747        0.9707
    650.8820        0.9754
    650.8893        0.9835
    650.8966        0.9915
    650.9039        0.9996
    650.9112        1.0056
    650.9185        1.0057
    650.9259        1.0058
    650.9332        1.0058
    650.9405        1.0053
    650.9478        1.0034
    650.9551        1.0014
    650.9624        0.9995
    650.9697        0.9983
    650.9770        0.9988
    650.9843        0.9991
    650.9916        0.9996
    650.9989        0.9999
    651.0063        1.0001
    651.0136        1.0005
    651.0209        1.0008
    651.0282        1.0008
    651.0355        1.0004
    651.0428        0.9999
    651.0501        0.9995
    651.0574        1.0004
    651.0647        1.0034
    651.0720        1.0064
    651.0793        1.0092
    651.0867        1.0107
    651.0940        1.0098
    651.1013        1.0090
    651.1086        1.0080
    651.1159        1.0069
    651.1232        1.0054
    651.1305        1.0038
    651.1378        1.0023
    651.1451        1.0005
    651.1524        0.9981
    651.1598        0.9956
    651.1671        0.9928
    651.1744        0.9876
    651.1817        0.9791
    651.1890        0.9706
    651.1963        0.9629
    651.2036        0.9593
    651.2109        0.9614
    651.2182        0.9639
    651.2255        0.9668
    651.2328        0.9723
    651.2402        0.9810
    651.2475        0.9900
    651.2548        0.9979
    651.2621        1.0017
    651.2694        1.0008
    651.2767        0.9998
    651.2840        0.9990
    651.2913        0.9992
    651.2986        1.0002
    651.3059        1.0012
    651.3132        1.0018
    651.3206        1.0013
    651.3279        0.9996
    651.3352        0.9976
    651.3425        0.9960
    651.3498        0.9957
    651.3571        0.9967
    651.3644        0.9978
    651.3717        0.9987
    651.3790        0.9986
    651.3863        0.9979
    651.3937        0.9970
    651.4010        0.9954
    651.4083        0.9908
    651.4156        0.9838
    651.4229        0.9767
    651.4302        0.9685
    651.4375        0.9558
    651.4448        0.9401
    651.4521        0.9244
    651.4594        0.9119
    651.4667        0.9120
    651.4741        0.9194
    651.4814        0.9270
    651.4887        0.9358
    651.4960        0.9497
    651.5033        0.9660
    651.5106        0.9825
    651.5179        0.9963
    651.5252        1.0001
    651.5325        0.9993
    651.5398        0.9985
    651.5471        0.9964
    651.5545        0.9897
    651.5618        0.9807
    651.5691        0.9715
    651.5764        0.9643
    651.5837        0.9639
    651.5910        0.9661
    651.5983        0.9684
    651.6056        0.9675
    651.6129        0.9549
    651.6202        0.9386
    651.6275        0.9222
    651.6349        0.9070
    651.6422        0.8968
    651.6495        0.8880
    651.6568        0.8791
    651.6641        0.8750
    651.6714        0.8875
    651.6787        0.9039
    651.6860        0.9202
    651.6933        0.9349
    651.7006        0.9442
    651.7080        0.9526
    651.7153        0.9609
    651.7226        0.9692
    651.7299        0.9781
    651.7372        0.9870
    651.7445        0.9960
    651.7518        1.0021
    651.7591        0.9989
    651.7664        0.9945
    651.7737        0.9903
    651.7810        0.9858
    651.7884        0.9807
    651.7957        0.9757
    651.8030        0.9706
    651.8103        0.9692
    651.8176        0.9781
    651.8249        0.9878
    651.8322        0.9971
    651.8395        1.0038
    651.8468        1.0030
    651.8541        1.0014
    651.8614        1.0001
    651.8688        0.9983
    651.8761        0.9959
    651.8834        0.9936
    651.8907        0.9910
    651.8980        0.9858
    651.9053        0.9752
    651.9126        0.9642
    651.9199        0.9538
    651.9272        0.9467
    651.9345        0.9460
    651.9419        0.9457
    651.9492        0.9457
    651.9565        0.9485
    651.9638        0.9567
    651.9711        0.9654
    651.9784        0.9738
    651.9857        0.9814
    651.9930        0.9876
    652.0003        0.9936
    652.0076        0.9993
    652.0149        1.0025
    652.0223        1.0029
    652.0296        1.0031
    652.0369        1.0033
    652.0442        1.0025
    652.0515        0.9999
    652.0588        0.9972
    652.0661        0.9951
    652.0734        0.9953
    652.0807        0.9988
    652.0880        1.0025
    652.0953        1.0055
    652.1027        1.0053
    652.1100        1.0018
    652.1173        0.9980
    652.1246        0.9951
    652.1319        0.9951
    652.1392        0.9978
    652.1465        1.0006
    652.1538        1.0024
    652.1611        1.0002
    652.1684        0.9945
    652.1757        0.9885
    652.1831        0.9834
    652.1904        0.9817
    652.1977        0.9826
    652.2050        0.9838
    652.2123        0.9850
    652.2196        0.9871
    652.2269        0.9898
    652.2342        0.9924
    652.2415        0.9950
    652.2488        0.9977
    652.2562        1.0004
    652.2635        1.0031
    652.2708        1.0049
    652.2781        1.0025
    652.2854        0.9978
    652.2927        0.9930
    652.3000        0.9885
    652.3073        0.9853
    652.3146        0.9826
    652.3219        0.9801
    652.3292        0.9769
    652.3366        0.9717
    652.3439        0.9658
    652.3512        0.9599
    652.3585        0.9547
    652.3658        0.9521
    652.3731        0.9507
    652.3804        0.9492
    652.3877        0.9496
    652.3950        0.9562
    652.4023        0.9649
    652.4096        0.9735
    652.4170        0.9810
    652.4243        0.9841
    652.4316        0.9861
    652.4389        0.9880
    652.4462        0.9897
    652.4535        0.9908
    652.4608        0.9921
    652.4681        0.9933
    652.4754        0.9941
    652.4827        0.9935
    652.4901        0.9927
    652.4974        0.9918
    652.5047        0.9914
    652.5120        0.9923
    652.5193        0.9933
    652.5266        0.9943
    652.5339        0.9945
    652.5412        0.9929
    652.5485        0.9912
    652.5558        0.9896
    652.5631        0.9897
    652.5705        0.9945
    652.5778        0.9997
    652.5851        1.0047
    652.5924        1.0071
    652.5997        1.0029
    652.6070        0.9983
    652.6143        0.9940
    652.6216        0.9926
    652.6289        0.9976
    652.6362        1.0031
    652.6435        1.0081
    652.6509        1.0098
    652.6582        1.0054
    652.6655        1.0007
    652.6728        0.9964
    652.6801        0.9942
    652.6874        0.9958
    652.6947        0.9973
    652.7020        0.9987
    652.7093        0.9992
    652.7166        0.9983
    652.7240        0.9972
    652.7313        0.9961
    652.7386        0.9950
    652.7459        0.9941
    652.7532        0.9933
    652.7605        0.9925
    652.7678        0.9924
    652.7751        0.9932
    652.7824        0.9943
    652.7897        0.9949
    652.7970        0.9937
    652.8044        0.9901
    652.8117        0.9862
    652.8190        0.9832
    652.8263        0.9836
    652.8336        0.9875
    652.8409        0.9916
    652.8482        0.9952
    652.8555        0.9971
    652.8628        0.9979
    652.8701        0.9987
    652.8774        0.9992
    652.8848        0.9981
    652.8921        0.9957
    652.8994        0.9930
    652.9067        0.9908
    652.9140        0.9898
    652.9213        0.9896
    652.9286        0.9893
    652.9359        0.9901
    652.9432        0.9947
    652.9505        1.0017
    652.9578        1.0088
    652.9652        1.0138
    652.9725        1.0114
    652.9798        1.0049
    652.9871        0.9983
    652.9944        0.9926
    653.0017        0.9905
    653.0090        0.9901
    653.0163        0.9896
    653.0236        0.9884
    653.0309        0.9841
    653.0383        0.9786
    653.0456        0.9731
    653.0529        0.9693
    653.0602        0.9714
    653.0675        0.9756
    653.0748        0.9799
    653.0821        0.9835
    653.0894        0.9846
    653.0967        0.9852
    653.1040        0.9856
    653.1113        0.9864
    653.1187        0.9889
    653.1260        0.9917
    653.1333        0.9946
    653.1406        0.9961
    653.1479        0.9927
    653.1552        0.9884
    653.1625        0.9842
    653.1698        0.9806
    653.1771        0.9792
    653.1844        0.9782
    653.1917        0.9771
    653.1991        0.9740
    653.2064        0.9638
    653.2137        0.9531
    653.2210        0.9425
    653.2283        0.9358
    653.2356        0.9397
    653.2429        0.9441
    653.2502        0.9485
    653.2575        0.9540
    653.2648        0.9622
    653.2722        0.9708
    653.2795        0.9792
    653.2868        0.9853
    653.2941        0.9868
    653.3014        0.9880
    653.3087        0.9893
    653.3160        0.9902
    653.3233        0.9904
    653.3306        0.9907
    653.3379        0.9906
    653.3452        0.9883
    653.3526        0.9822
    653.3599        0.9758
    653.3672        0.9697
    653.3745        0.9643
    653.3818        0.9599
    653.3891        0.9555
    653.3964        0.9518
    653.4037        0.9518
    653.4110        0.9569
    653.4183        0.9622
    653.4256        0.9671
    653.4330        0.9703
    653.4403        0.9715
    653.4476        0.9724
    653.4549        0.9737
    653.4622        0.9761
    653.4695        0.9798
    653.4768        0.9838
    653.4841        0.9869
    653.4914        0.9870
    653.4987        0.9840
    653.5061        0.9807
    653.5134        0.9782
    653.5207        0.9793
    653.5280        0.9834
    653.5353        0.9878
    653.5426        0.9908
    653.5499        0.9885
    653.5572        0.9824
    653.5645        0.9762
    653.5718        0.9719
    653.5791        0.9755
    653.5865        0.9837
    653.5938        0.9921
    653.6011        0.9986
    653.6084        0.9980
    653.6157        0.9939
    653.6230        0.9897
    653.6303        0.9852
    653.6376        0.9797
    653.6449        0.9737
    653.6522        0.9677
    653.6595        0.9633
    653.6669        0.9648
    653.6742        0.9685
    653.6815        0.9722
    653.6888        0.9757
    653.6961        0.9790
    653.7034        0.9824
    653.7107        0.9857
    653.7180        0.9877
    653.7253        0.9853
    653.7326        0.9818
    653.7399        0.9782
    653.7473        0.9757
    653.7546        0.9767
    653.7619        0.9783
    653.7692        0.9798
    653.7765        0.9809
    653.7838        0.9800
    653.7911        0.9791
    653.7984        0.9780
    653.8057        0.9786
    653.8130        0.9842
    653.8204        0.9900
    653.8277        0.9957
    653.8350        0.9996
    653.8423        0.9988
    653.8496        0.9977
    653.8569        0.9965
    653.8642        0.9945
    653.8715        0.9910
    653.8788        0.9873
    653.8861        0.9838
    653.8934        0.9825
    653.9008        0.9854
    653.9081        0.9885
    653.9154        0.9912
    653.9227        0.9915
    653.9300        0.9874
    653.9373        0.9831
    653.9446        0.9792
    653.9519        0.9782
    653.9592        0.9816
    653.9665        0.9853
    653.9738        0.9884
    653.9812        0.9887
    653.9885        0.9851
    653.9958        0.9813
    654.0031        0.9775
    654.0104        0.9739
    654.0177        0.9705
    654.0250        0.9671
    654.0323        0.9643
    654.0396        0.9648
    654.0469        0.9688
    654.0543        0.9729
    654.0616        0.9763
    654.0689        0.9772
    654.0762        0.9758
    654.0835        0.9742
    654.0908        0.9732
    654.0981        0.9733
    654.1054        0.9743
    654.1127        0.9753
    654.1200        0.9760
    654.1273        0.9754
    654.1347        0.9743
    654.1420        0.9732
    654.1493        0.9721
    654.1566        0.9715
    654.1639        0.9711
    654.1712        0.9706
    654.1785        0.9698
    654.1858        0.9672
    654.1931        0.9639
    654.2004        0.9604
    654.2077        0.9568
    654.2151        0.9532
    654.2224        0.9496
    654.2297        0.9458
    654.2370        0.9436
    654.2443        0.9468
    654.2516        0.9515
    654.2589        0.9563
    654.2662        0.9603
    654.2735        0.9618
    654.2808        0.9628
    654.2881        0.9638
    654.2955        0.9651
    654.3028        0.9674
    654.3101        0.9698
    654.3174        0.9722
    654.3247        0.9727
    654.3320        0.9670
    654.3393        0.9605
    654.3466        0.9540
    654.3539        0.9448
    654.3612        0.9261
    654.3686        0.9066
    654.3759        0.8875
    654.3832        0.8751
    654.3905        0.8814
    654.3978        0.8887
    654.4051        0.8958
    654.4124        0.9042
    654.4197        0.9155
    654.4270        0.9272
    654.4343        0.9387
    654.4416        0.9489
    654.4490        0.9557
    654.4563        0.9621
    654.4636        0.9682
    654.4709        0.9705
    654.4782        0.9665
    654.4855        0.9621
    654.4928        0.9583
    654.5001        0.9564
    654.5074        0.9575
    654.5147        0.9588
    654.5220        0.9597
    654.5294        0.9590
    654.5367        0.9561
    654.5440        0.9531
    654.5513        0.9502
    654.5586        0.9469
    654.5659        0.9434
    654.5732        0.9396
    654.5805        0.9365
    654.5878        0.9365
    654.5951        0.9396
    654.6025        0.9429
    654.6098        0.9459
    654.6171        0.9478
    654.6244        0.9489
    654.6317        0.9498
    654.6390        0.9504
    654.6463        0.9496
    654.6536        0.9479
    654.6609        0.9461
    654.6682        0.9448
    654.6755        0.9455
    654.6829        0.9474
    654.6902        0.9492
    654.6975        0.9506
    654.7048        0.9505
    654.7121        0.9496
    654.7194        0.9487
    654.7267        0.9468
    654.7340        0.9409
    654.7413        0.9333
    654.7486        0.9256
    654.7559        0.9189
    654.7633        0.9154
    654.7706        0.9131
    654.7779        0.9108
    654.7852        0.9104
    654.7925        0.9155
    654.7998        0.9220
    654.8071        0.9286
    654.8144        0.9317
    654.8217        0.9242
    654.8290        0.9150
    654.8364        0.9059
    654.8437        0.8977
    654.8510        0.8921
    654.8583        0.8864
    654.8656        0.8806
    654.8729        0.8788
    654.8802        0.8900
    654.8875        0.9025
    654.8948        0.9144
    654.9021        0.9243
    654.9094        0.9278
    654.9168        0.9307
    654.9241        0.9339
    654.9314        0.9370
    654.9387        0.9397
    654.9460        0.9423
    654.9533        0.9449
    654.9606        0.9468
    654.9679        0.9473
    654.9752        0.9476
    654.9825        0.9476
    654.9898        0.9459
    654.9972        0.9416
    655.0045        0.9374
    655.0118        0.9335
    655.0191        0.9322
    655.0264        0.9341
    655.0337        0.9360
    655.0410        0.9379
    655.0483        0.9395
    655.0556        0.9408
    655.0629        0.9419
    655.0702        0.9428
    655.0776        0.9420
    655.0849        0.9397
    655.0922        0.9375
    655.0995        0.9357
    655.1068        0.9353
    655.1141        0.9358
    655.1214        0.9363
    655.1287        0.9363
    655.1360        0.9345
    655.1433        0.9312
    655.1507        0.9280
    655.1580        0.9250
    655.1653        0.9231
    655.1726        0.9220
    655.1799        0.9208
    655.1872        0.9199
    655.1945        0.9192
    655.2018        0.9188
    655.2091        0.9184
    655.2164        0.9155
    655.2237        0.9033
    655.2311        0.8870
    655.2384        0.8707
    655.2457        0.8573
    655.2530        0.8546
    655.2603        0.8559
    655.2676        0.8572
    655.2749        0.8606
    655.2822        0.8706
    655.2895        0.8821
    655.2968        0.8937
    655.3041        0.9035
    655.3115        0.9076
    655.3188        0.9107
    655.3261        0.9138
    655.3334        0.9155
    655.3407        0.9126
    655.3480        0.9092
    655.3553        0.9058
    655.3626        0.9031
    655.3699        0.9022
    655.3772        0.9015
    655.3846        0.9007
    655.3919        0.9005
    655.3992        0.9016
    655.4065        0.9027
    655.4138        0.9038
    655.4211        0.9053
    655.4284        0.9077
    655.4357        0.9104
    655.4430        0.9128
    655.4503        0.9144
    655.4576        0.9142
    655.4650        0.9139
    655.4723        0.9137
    655.4796        0.9144
    655.4869        0.9166
    655.4942        0.9191
    655.5015        0.9215
    655.5088        0.9245
    655.5161        0.9286
    655.5234        0.9327
    655.5307        0.9370
    655.5380        0.9422
    655.5454        0.9482
    655.5527        0.9541
    655.5600        0.9599
    655.5673        0.9659
    655.5746        0.9722
    655.5819        0.9785
    655.5892        0.9850
    655.5965        0.9924
    655.6038        1.0006
    655.6111        1.0087
    655.6185        1.0177
    655.6258        1.0298
    655.6331        1.0440
    655.6404        1.0583
    655.6477        1.0715
    655.6550        1.0804
    655.6623        1.0867
    655.6696        1.0929
    655.6769        1.0984
    655.6842        1.1020
    655.6915        1.1049
    655.6989        1.1076
    655.7062        1.1134
    655.7135        1.1300
    655.7208        1.1503
    655.7281        1.1707
    655.7354        1.1914
    655.7427        1.2135
    655.7500        1.2359
    655.7573        1.2584
    655.7646        1.2787
    655.7719        1.2919
    655.7793        1.3040
    655.7866        1.3160
    655.7939        1.3294
    655.8012        1.3477
    655.8085        1.3666
    655.8158        1.3853
    655.8231        1.4056
    655.8304        1.4311
    655.8377        1.4571
    655.8450        1.4830
    655.8523        1.5094
    655.8597        1.5368
    655.8670        1.5642
    655.8743        1.5919
    655.8816        1.6235
    655.8889        1.6625
    655.8962        1.7017
    655.9035        1.7409
    655.9108        1.7802
    655.9181        1.8198
    655.9254        1.8595
    655.9328        1.9000
    655.9401        1.9453
    655.9474        1.9978
    655.9547        2.0508
    655.9620        2.1043
    655.9693        2.1610
    655.9766        2.2216
    655.9839        2.2824
    655.9912        2.3437
    655.9985        2.4075
    656.0058        2.4737
    656.0132        2.5400
    656.0205        2.6086
    656.0278        2.6871
    656.0351        2.7746
    656.0424        2.8626
    656.0497        2.9537
    656.0570        3.0576
    656.0643        3.1711
    656.0716        3.2850
    656.0789        3.3968
    656.0862        3.5016
    656.0936        3.6020
    656.1009        3.7025
    656.1082        3.8001
    656.1155        3.8862
    656.1228        3.9662
    656.1301        4.0461
    656.1374        4.1245
    656.1447        4.1982
    656.1520        4.2701
    656.1593        4.3421
    656.1667        4.4097
    656.1740        4.4615
    656.1813        4.5083
    656.1886        4.5553
    656.1959        4.5949
    656.2032        4.6095
    656.2105        4.6183
    656.2178        4.6276
    656.2251        4.6258
    656.2324        4.5885
    656.2397        4.5463
    656.2471        4.5044
    656.2544        4.4669
    656.2617        4.4435
    656.2690        4.4211
    656.2763        4.3986
    656.2836        4.3844
    656.2909        4.3919
    656.2982        4.4009
    656.3055        4.4100
    656.3128        4.4266
    656.3201        4.4592
    656.3275        4.4930
    656.3348        4.5269
    656.3421        4.5633
    656.3494        4.6034
    656.3567        4.6435
    656.3640        4.6794
    656.3713        4.6891
    656.3786        4.6593
    656.3859        4.6273
    656.3932        4.5887
    656.4005        4.5105
    656.4079        4.3818
    656.4152        4.2500
    656.4225        4.1219
    656.4298        4.0085
    656.4371        3.9113
    656.4444        3.8151
    656.4517        3.7177
    656.4590        3.6156
    656.4663        3.5092
    656.4736        3.4026
    656.4810        3.3007
    656.4883        3.2189
    656.4956        3.1519
    656.5029        3.0853
    656.5102        3.0200
    656.5175        2.9600
    656.5248        2.9031
    656.5321        2.8464
    656.5394        2.7865
    656.5467        2.7159
    656.5540        2.6401
    656.5614        2.5641
    656.5687        2.4852
    656.5760        2.3953
    656.5833        2.3015
    656.5906        2.2075
    656.5979        2.1158
    656.6052        2.0310
    656.6125        1.9481
    656.6198        1.8650
    656.6271        1.7848
    656.6344        1.7137
    656.6418        1.6447
    656.6491        1.5753
    656.6564        1.5112
    656.6637        1.4641
    656.6710        1.4191
    656.6783        1.3739
    656.6856        1.3317
    656.6929        1.2976
    656.7002        1.2639
    656.7075        1.2304
    656.7149        1.2003
    656.7222        1.1795
    656.7295        1.1594
    656.7368        1.1393
    656.7441        1.1203
    656.7514        1.1032
    656.7587        1.0860
    656.7660        1.0692
    656.7733        1.0546
    656.7806        1.0437
    656.7879        1.0330
    656.7953        1.0221
    656.8026        1.0112
    656.8099        1.0002
    656.8172        0.9892
    656.8245        0.9784
    656.8318        0.9686
    656.8391        0.9598
    656.8464        0.9511
    656.8537        0.9420
    656.8610        0.9311
    656.8683        0.9189
    656.8757        0.9065
    656.8830        0.8962
    656.8903        0.8941
    656.8976        0.8982
    656.9049        0.9025
    656.9122        0.9061
    656.9195        0.9069
    656.9268        0.9059
    656.9341        0.9048
    656.9414        0.9041
    656.9488        0.9050
    656.9561        0.9072
    656.9634        0.9094
    656.9707        0.9114
    656.9780        0.9123
    656.9853        0.9128
    656.9926        0.9132
    656.9999        0.9133
    657.0072        0.9124
    657.0145        0.9113
    657.0218        0.9102
    657.0292        0.9083
    657.0365        0.9035
    657.0438        0.8982
    657.0511        0.8929
    657.0584        0.8898
    657.0657        0.8934
    657.0730        0.8976
    657.0803        0.9017
    657.0876        0.9047
    657.0949        0.9045
    657.1022        0.9042
    657.1096        0.9039
    657.1169        0.9041
    657.1242        0.9053
    657.1315        0.9063
    657.1388        0.9073
    657.1461        0.9068
    657.1534        0.9034
    657.1607        0.8999
    657.1680        0.8962
    657.1753        0.8900
    657.1826        0.8801
    657.1900        0.8699
    657.1973        0.8606
    657.2046        0.8563
    657.2119        0.8588
    657.2192        0.8617
    657.2265        0.8654
    657.2338        0.8728
    657.2411        0.8839
    657.2484        0.8951
    657.2557        0.9050
    657.2631        0.9099
    657.2704        0.9103
    657.2777        0.9106
    657.2850        0.9114
    657.2923        0.9140
    657.2996        0.9179
    657.3069        0.9218
    657.3142        0.9254
    657.3215        0.9273
    657.3288        0.9286
    657.3361        0.9299
    657.3435        0.9301
    657.3508        0.9271
    657.3581        0.9225
    657.3654        0.9180
    657.3727        0.9147
    657.3800        0.9159
    657.3873        0.9186
    657.3946        0.9213
    657.4019        0.9245
    657.4092        0.9291
    657.4165        0.9341
    657.4239        0.9391
    657.4312        0.9409
    657.4385        0.9313
    657.4458        0.9196
    657.4531        0.9081
    657.4604        0.8960
    657.4677        0.8824
    657.4750        0.8689
    657.4823        0.8559
    657.4896        0.8500
    657.4970        0.8630
    657.5043        0.8773
    657.5116        0.8910
    657.5189        0.9035
    657.5262        0.9126
    657.5335        0.9214
    657.5408        0.9297
    657.5481        0.9338
    657.5554        0.9313
    657.5627        0.9284
    657.5700        0.9260
    657.5774        0.9262
    657.5847        0.9300
    657.5920        0.9339
    657.5993        0.9378
    657.6066        0.9414
    657.6139        0.9442
    657.6212        0.9469
    657.6285        0.9488
    657.6358        0.9473
    657.6431        0.9430
    657.6504        0.9387
    657.6578        0.9354
    657.6651        0.9356
    657.6724        0.9382
    657.6797        0.9409
    657.6870        0.9432
    657.6943        0.9440
    657.7016        0.9441
    657.7089        0.9441
    657.7162        0.9440
    657.7235        0.9435
    657.7309        0.9428
    657.7382        0.9422
    657.7455        0.9419
    657.7528        0.9432
    657.7601        0.9453
    657.7674        0.9474
    657.7747        0.9487
    657.7820        0.9472
    657.7893        0.9449
    657.7966        0.9427
    657.8039        0.9422
    657.8113        0.9477
    657.8186        0.9542
    657.8259        0.9606
    657.8332        0.9645
    657.8405        0.9603
    657.8478        0.9554
    657.8551        0.9507
    657.8624        0.9472
    657.8697        0.9468
    657.8770        0.9468
    657.8843        0.9466
    657.8917        0.9460
    657.8990        0.9443
    657.9063        0.9425
    657.9136        0.9409
    657.9209        0.9398
    657.9282        0.9398
    657.9355        0.9400
    657.9428        0.9403
    657.9501        0.9422
    657.9574        0.9459
    657.9647        0.9496
    657.9721        0.9529
    657.9794        0.9539
    657.9867        0.9524
    657.9940        0.9509
    658.0013        0.9497
    658.0086        0.9502
    658.0159        0.9522
    658.0232        0.9542
    658.0305        0.9556
    658.0378        0.9545
    658.0452        0.9517
    658.0525        0.9489
    658.0598        0.9465
    658.0671        0.9458
    658.0744        0.9459
    658.0817        0.9459
    658.0890        0.9459
    658.0963        0.9450
    658.1036        0.9437
    658.1109        0.9423
    658.1182        0.9422
    658.1256        0.9467
    658.1329        0.9525
    658.1402        0.9584
    658.1475        0.9627
    658.1548        0.9618
    658.1621        0.9599
    658.1694        0.9582
    658.1767        0.9568
    658.1840        0.9567
    658.1913        0.9566
    658.1986        0.9565
    658.2060        0.9574
    658.2133        0.9616
    658.2206        0.9660
    658.2279        0.9701
    658.2352        0.9724
    658.2425        0.9705
    658.2498        0.9683
    658.2571        0.9662
    658.2644        0.9648
    658.2717        0.9645
    658.2791        0.9643
    658.2864        0.9643
    658.2937        0.9658
    658.3010        0.9690
    658.3083        0.9723
    658.3156        0.9746
    658.3229        0.9716
    658.3302        0.9624
    658.3375        0.9529
    658.3448        0.9448
    658.3521        0.9429
    658.3595        0.9467
    658.3668        0.9508
    658.3741        0.9553
    658.3814        0.9615
    658.3887        0.9692
    658.3960        0.9769
    658.4033        0.9834
    658.4106        0.9850
    658.4179        0.9838
    658.4252        0.9823
    658.4325        0.9808
    658.4399        0.9794
    658.4472        0.9778
    658.4545        0.9763
    658.4618        0.9752
    658.4691        0.9761
    658.4764        0.9779
    658.4837        0.9797
    658.4910        0.9810
    658.4983        0.9802
    658.5056        0.9790
    658.5129        0.9778
    658.5203        0.9769
    658.5276        0.9766
    658.5349        0.9761
    658.5422        0.9756
    658.5495        0.9744
    658.5568        0.9716
    658.5641        0.9687
    658.5714        0.9659
    658.5787        0.9645
    658.5860        0.9659
    658.5934        0.9675
    658.6007        0.9690
    658.6080        0.9689
    658.6153        0.9659
    658.6226        0.9627
    658.6299        0.9594
    658.6372        0.9558
    658.6445        0.9516
    658.6518        0.9475
    658.6591        0.9443
    658.6664        0.9453
    658.6738        0.9512
    658.6811        0.9574
    658.6884        0.9635
    658.6957        0.9698
    658.7030        0.9759
    658.7103        0.9819
    658.7176        0.9871
    658.7249        0.9890
    658.7322        0.9883
    658.7395        0.9876
    658.7468        0.9867
    658.7542        0.9856
    658.7615        0.9844
    658.7688        0.9831
    658.7761        0.9823
    658.7834        0.9822
    658.7907        0.9824
    658.7980        0.9825
    658.8053        0.9823
    658.8126        0.9808
    658.8199        0.9791
    658.8273        0.9773
    658.8346        0.9760
    658.8419        0.9764
    658.8492        0.9771
    658.8565        0.9779
    658.8638        0.9787
    658.8711        0.9795
    658.8784        0.9803
    658.8857        0.9811
    658.8930        0.9820
    658.9003        0.9831
    658.9077        0.9843
    658.9150        0.9855
    658.9223        0.9864
    658.9296        0.9872
    658.9369        0.9880
    658.9442        0.9889
    658.9515        0.9898
    658.9588        0.9907
    658.9661        0.9915
    658.9734        0.9921
    658.9807        0.9909
    658.9881        0.9874
    658.9954        0.9838
    659.0027        0.9806
    659.0100        0.9786
    659.0173        0.9780
    659.0246        0.9777
    659.0319        0.9777
    659.0392        0.9794
    659.0465        0.9826
    659.0538        0.9859
    659.0612        0.9889
    659.0685        0.9908
    659.0758        0.9922
    659.0831        0.9936
    659.0904        0.9947
    659.0977        0.9946
    659.1050        0.9938
    659.1123        0.9931
    659.1196        0.9924
    659.1269        0.9915
    659.1342        0.9904
    659.1416        0.9893
    659.1489        0.9882
    659.1562        0.9872
    659.1635        0.9864
    659.1708        0.9855
    659.1781        0.9849
    659.1854        0.9852
    659.1927        0.9858
    659.2000        0.9863
    659.2073        0.9867
    659.2146        0.9868
    659.2220        0.9869
    659.2293        0.9870
    659.2366        0.9876
    659.2439        0.9893
    659.2512        0.9912
    659.2585        0.9927
    659.2658        0.9912
    659.2731        0.9842
    659.2804        0.9770
    659.2877        0.9706
    659.2950        0.9686
    659.3024        0.9731
    659.3097        0.9779
    659.3170        0.9823
    659.3243        0.9855
    659.3316        0.9872
    659.3389        0.9889
    659.3462        0.9906
    659.3535        0.9920
    659.3608        0.9937
    659.3681        0.9954
    659.3755        0.9965
    659.3828        0.9939
    659.3901        0.9885
    659.3974        0.9830
    659.4047        0.9783
    659.4120        0.9769
    659.4193        0.9774
    659.4266        0.9780
    659.4339        0.9787
    659.4412        0.9799
    659.4485        0.9814
    659.4559        0.9829
    659.4632        0.9842
    659.4705        0.9851
    659.4778        0.9859
    659.4851        0.9866
    659.4924        0.9869
    659.4997        0.9859
    659.5070        0.9847
    659.5143        0.9835
    659.5216        0.9828
    659.5289        0.9832
    659.5363        0.9836
    659.5436        0.9840
    659.5509        0.9843
    659.5582        0.9843
    659.5655        0.9843
    659.5728        0.9841
    659.5801        0.9830
    659.5874        0.9800
    659.5947        0.9770
    659.6020        0.9744
    659.6094        0.9744
    659.6167        0.9785
    659.6240        0.9827
    659.6313        0.9864
    659.6386        0.9878
    659.6459        0.9861
    659.6532        0.9843
    659.6605        0.9827
    659.6678        0.9824
    659.6751        0.9836
    659.6824        0.9848
    659.6898        0.9856
    659.6971        0.9843
    659.7044        0.9814
    659.7117        0.9785
    659.7190        0.9769
    659.7263        0.9799
    659.7336        0.9857
    659.7409        0.9915
    659.7482        0.9957
    659.7555        0.9935
    659.7628        0.9886
    659.7702        0.9836
    659.7775        0.9801
    659.7848        0.9823
    659.7921        0.9862
    659.7994        0.9902
    659.8067        0.9933
    659.8140        0.9927
    659.8213        0.9914
    659.8286        0.9901
    659.8359        0.9892
    659.8433        0.9890
    659.8506        0.9889
    659.8579        0.9888
    659.8652        0.9879
    659.8725        0.9850
    659.8798        0.9821
    659.8871        0.9792
    659.8944        0.9770
    659.9017        0.9761
    659.9090        0.9756
    659.9163        0.9749
    659.9237        0.9741
    659.9310        0.9728
    659.9383        0.9714
    659.9456        0.9704
    659.9529        0.9708
    659.9602        0.9733
    659.9675        0.9759
    659.9748        0.9782
    659.9821        0.9791
    659.9894        0.9787
    659.9967        0.9782
    660.0041        0.9783
    660.0114        0.9816
    660.0187        0.9876
    660.0260        0.9936
    660.0333        0.9991
    660.0406        1.0016
    660.0479        1.0023
    660.0552        1.0028
    660.0625        1.0022
    660.0698        0.9976
    660.0771        0.9916
    660.0845        0.9854
    660.0918        0.9805
    660.0991        0.9800
    660.1064        0.9808
    660.1137        0.9815
    660.1210        0.9828
    660.1283        0.9853
    660.1356        0.9881
    660.1429        0.9908
    660.1502        0.9929
    660.1576        0.9922
    660.1649        0.9914
    660.1722        0.9906
    660.1795        0.9894
    660.1868        0.9875
    660.1941        0.9857
    660.2014        0.9839
    660.2087        0.9823
    660.2160        0.9808
    660.2233        0.9794
    660.2306        0.9784
    660.2380        0.9803
    660.2453        0.9863
    660.2526        0.9927
    660.2599        0.9983
    660.2672        1.0003
    660.2745        0.9981
    660.2818        0.9958
    660.2891        0.9936
    660.2964        0.9920
    660.3037        0.9912
    660.3110        0.9902
    660.3184        0.9898
    660.3257        0.9915
    660.3330        0.9945
    660.3403        0.9975
    660.3476        1.0000
    660.3549        1.0006
    660.3622        1.0001
    660.3695        0.9997
    660.3768        0.9978
    660.3841        0.9907
    660.3915        0.9821
    660.3988        0.9733
    660.4061        0.9677
    660.4134        0.9726
    660.4207        0.9796
    660.4280        0.9866
    660.4353        0.9919
    660.4426        0.9921
    660.4499        0.9918
    660.4572        0.9916
    660.4645        0.9917
    660.4719        0.9926
    660.4792        0.9936
    660.4865        0.9947
    660.4938        0.9960
    660.5011        0.9979
    660.5084        1.0000
    660.5157        1.0018
    660.5230        1.0021
    660.5303        1.0000
    660.5376        0.9978
    660.5449        0.9956
    660.5523        0.9930
    660.5596        0.9901
    660.5669        0.9871
    660.5742        0.9848
    660.5815        0.9858
    660.5888        0.9897
    660.5961        0.9937
    660.6034        0.9968
    660.6107        0.9967
    660.6180        0.9943
    660.6253        0.9919
    660.6327        0.9899
    660.6400        0.9898
    660.6473        0.9907
    660.6546        0.9916
    660.6619        0.9925
    660.6692        0.9939
    660.6765        0.9954
    660.6838        0.9968
    660.6911        0.9973
    660.6984        0.9954
    660.7058        0.9928
    660.7131        0.9903
    660.7204        0.9886
    660.7277        0.9902
    660.7350        0.9922
    660.7423        0.9942
    660.7496        0.9962
    660.7569        0.9981
    660.7642        0.9998
    660.7715        1.0016
    660.7788        1.0037
    660.7862        1.0069
    660.7935        1.0103
    660.8008        1.0131
    660.8081        1.0120
    660.8154        1.0050
    660.8227        0.9976
    660.8300        0.9909
    660.8373        0.9876
    660.8446        0.9886
    660.8519        0.9900
    660.8592        0.9915
    660.8666        0.9936
    660.8739        0.9963
    660.8812        0.9987
    660.8885        1.0007
    660.8958        1.0014
    660.9031        1.0014
    660.9104        1.0013
    660.9177        1.0011
    660.9250        1.0002
    660.9323        0.9989
    660.9397        0.9976
    660.9470        0.9965
    660.9543        0.9962
    660.9616        0.9962
    660.9689        0.9962
    660.9762        0.9957
    660.9835        0.9939
    660.9908        0.9921
    660.9981        0.9901
    661.0054        0.9883
    661.0127        0.9863
    661.0201        0.9841
    661.0274        0.9820
    661.0347        0.9818
    661.0420        0.9877
    661.0493        0.9943
    661.0566        1.0003
    661.0639        1.0023
    661.0712        0.9959
    661.0785        0.9889
    661.0858        0.9826
    661.0931        0.9795
    661.1005        0.9814
    661.1078        0.9834
    661.1151        0.9851
    661.1224        0.9861
    661.1297        0.9863
    661.1370        0.9867
    661.1443        0.9872
    661.1516        0.9882
    661.1589        0.9896
    661.1662        0.9910
    661.1736        0.9918
    661.1809        0.9906
    661.1882        0.9879
    661.1955        0.9851
    661.2028        0.9830
    661.2101        0.9840
    661.2174        0.9867
    661.2247        0.9895
    661.2320        0.9917
    661.2393        0.9921
    661.2466        0.9918
    661.2540        0.9914
    661.2613        0.9906
    661.2686        0.9886
    661.2759        0.9866
    661.2832        0.9844
    661.2905        0.9833
    661.2978        0.9850
    661.3051        0.9869
    661.3124        0.9888
    661.3197        0.9904
    661.3270        0.9912
    661.3344        0.9922
    661.3417        0.9932
    661.3490        0.9940
    661.3563        0.9944
    661.3636        0.9949
    661.3709        0.9953
    661.3782        0.9952
    661.3855        0.9942
    661.3928        0.9930
    661.4001        0.9921
    661.4074        0.9919
    661.4148        0.9928
    661.4221        0.9940
    661.4294        0.9951
    661.4367        0.9963
    661.4440        0.9973
    661.4513        0.9983
    661.4586        0.9990
    661.4659        0.9994
    661.4732        0.9997
    661.4805        1.0001
    661.4879        0.9998
    661.4952        0.9963
    661.5025        0.9912
    661.5098        0.9859
    661.5171        0.9817
    661.5244        0.9815
    661.5317        0.9826
    661.5390        0.9838
    661.5463        0.9854
    661.5536        0.9886
    661.5609        0.9921
    661.5683        0.9956
    661.5756        0.9989
    661.5829        1.0012
    661.5902        1.0034
    661.5975        1.0054
    661.6048        1.0066
    661.6121        1.0053
    661.6194        1.0037
    661.6267        1.0023
    661.6340        1.0008
    661.6413        0.9990
    661.6487        0.9971
    661.6560        0.9951
    661.6633        0.9928
    661.6706        0.9903
    661.6779        0.9878
    661.6852        0.9855
    661.6925        0.9846
    661.6998        0.9851
    661.7071        0.9857
    661.7144        0.9865
    661.7218        0.9873
    661.7291        0.9881
    661.7364        0.9888
    661.7437        0.9894
    661.7510        0.9905
    661.7583        0.9918
    661.7656        0.9932
    661.7729        0.9952
    661.7802        0.9990
    661.7875        1.0034
    661.7948        1.0080
    661.8022        1.0113
    661.8095        1.0102
    661.8168        1.0081
    661.8241        1.0060
    661.8314        1.0040
    661.8387        1.0029
    661.8460        1.0019
    661.8533        1.0008
    661.8606        0.9999
    661.8679        0.9988
    661.8752        0.9978
    661.8826        0.9968
    661.8899        0.9975
    661.8972        1.0014
    661.9045        1.0057
    661.9118        1.0094
    661.9191        1.0100
    661.9264        1.0059
    661.9337        1.0014
    661.9410        0.9975
    661.9483        0.9960
    661.9557        0.9975
    661.9630        0.9992
    661.9703        1.0008
    661.9776        1.0016
    661.9849        1.0017
    661.9922        1.0016
    661.9995        1.0015
    662.0068        1.0015
    662.0141        1.0016
    662.0214        1.0016
    662.0287        1.0015
    662.0361        1.0002
    662.0434        0.9983
    662.0507        0.9965
    662.0580        0.9952
    662.0653        0.9961
    662.0726        0.9980
    662.0799        0.9997
    662.0872        1.0011
    662.0945        1.0013
    662.1018        1.0013
    662.1091        1.0014
    662.1165        1.0011
    662.1238        1.0000
    662.1311        0.9986
    662.1384        0.9973
    662.1457        0.9960
    662.1530        0.9946
    662.1603        0.9933
    662.1676        0.9922
    662.1749        0.9921
    662.1822        0.9935
    662.1895        0.9951
    662.1969        0.9968
    662.2042        0.9992
    662.2115        1.0023
    662.2188        1.0056
    662.2261        1.0083
    662.2334        1.0086
    662.2407        1.0067
    662.2480        1.0049
    662.2553        1.0029
    662.2626        1.0002
    662.2700        0.9971
    662.2773        0.9940
    662.2846        0.9923
    662.2919        0.9961
    662.2992        1.0026
    662.3065        1.0091
    662.3138        1.0137
    662.3211        1.0115
    662.3284        1.0071
    662.3357        1.0027
    662.3430        0.9992
    662.3504        0.9992
    662.3577        0.9999
    662.3650        1.0006
    662.3723        1.0021
    662.3796        1.0064
    662.3869        1.0108
    662.3942        1.0149
    662.4015        1.0161
    662.4088        1.0104
    662.4161        1.0042
    662.4234        0.9986
    662.4308        0.9967
    662.4381        1.0012
    662.4454        1.0062
    662.4527        1.0103
    662.4600        1.0107
    662.4673        1.0062
    662.4746        1.0012
    662.4819        0.9969
    662.4892        0.9955
    662.4965        0.9968
    662.5039        0.9984
    662.5112        1.0001
    662.5185        1.0016
    662.5258        1.0030
    662.5331        1.0043
    662.5404        1.0056
    662.5477        1.0066
    662.5550        1.0073
    662.5623        1.0080
    662.5696        1.0081
    662.5769        1.0069
    662.5843        1.0054
    662.5916        1.0041
    662.5989        1.0025
    662.6062        0.9999
    662.6135        0.9969
    662.6208        0.9939
    662.6281        0.9926
    662.6354        0.9967
    662.6427        1.0011
    662.6500        1.0054
    662.6573        1.0075
    662.6647        1.0050
    662.6720        1.0021
    662.6793        0.9995
    662.6866        0.9977
    662.6939        0.9973
    662.7012        0.9969
    662.7085        0.9965
    662.7158        0.9960
    662.7231        0.9951
    662.7304        0.9942
    662.7377        0.9932
    662.7451        0.9914
    662.7524        0.9892
    662.7597        0.9869
    662.7670        0.9860
    662.7743        0.9900
    662.7816        0.9969
    662.7889        1.0040
    662.7962        1.0091
    662.8035        1.0075
    662.8108        1.0030
    662.8182        0.9986
    662.8255        0.9961
    662.8328        0.9997
    662.8401        1.0047
    662.8474        1.0097
    662.8547        1.0132
    662.8620        1.0124
    662.8693        1.0110
    662.8766        1.0098
    662.8839        1.0093
    662.8912        1.0109
    662.8986        1.0128
    662.9059        1.0143
    662.9132        1.0140
    662.9205        1.0099
    662.9278        1.0056
    662.9351        1.0019
    662.9424        1.0009
    662.9497        1.0044
    662.9570        1.0082
    662.9643        1.0116
    662.9716        1.0139
    662.9790        1.0149
    662.9863        1.0156
    662.9936        1.0158
    663.0009        1.0129
    663.0082        1.0075
    663.0155        1.0019
    663.0228        0.9968
    663.0301        0.9934
    663.0374        0.9913
    663.0447        0.9892
    663.0521        0.9884
    663.0594        0.9916
    663.0667        0.9961
    663.0740        1.0007
    663.0813        1.0040
    663.0886        1.0031
    663.0959        1.0014
    663.1032        0.9996
    663.1105        0.9988
    663.1178        1.0010
    663.1251        1.0034
    663.1325        1.0059
    663.1398        1.0073
    663.1471        1.0059
    663.1544        1.0042
    663.1617        1.0028
    663.1690        1.0027
    663.1763        1.0053
    663.1836        1.0082
    663.1909        1.0105
    663.1982        1.0101
    663.2055        1.0057
    663.2129        1.0012
    663.2202        0.9976
    663.2275        0.9983
    663.2348        1.0031
    663.2421        1.0082
    663.2494        1.0121
    663.2567        1.0117
    663.2640        1.0084
    663.2713        1.0049
    663.2786        1.0024
    663.2860        1.0033
    663.2933        1.0060
    663.3006        1.0087
    663.3079        1.0103
    663.3152        1.0080
    663.3225        1.0046
    663.3298        1.0011
    663.3371        0.9988
    663.3444        1.0003
    663.3517        1.0025
    663.3590        1.0048
    663.3664        1.0069
    663.3737        1.0091
    663.3810        1.0113
    663.3883        1.0133
    663.3956        1.0141
    663.4029        1.0118
    663.4102        1.0094
    663.4175        1.0071
    663.4248        1.0055
    663.4321        1.0051
    663.4394        1.0047
    663.4468        1.0044
    663.4541        1.0047
    663.4614        1.0057
    663.4687        1.0067
    663.4760        1.0072
    663.4833        1.0056
    663.4906        1.0024
    663.4979        0.9993
    663.5052        0.9973
    663.5125        0.9992
    663.5198        1.0032
    663.5272        1.0072
    663.5345        1.0103
    663.5418        1.0106
    663.5491        1.0099
    663.5564        1.0091
    663.5637        1.0076
    663.5710        1.0034
    663.5783        0.9986
    663.5856        0.9937
    663.5929        0.9913
    663.6003        0.9973
    663.6076        1.0044
    663.6149        1.0114
    663.6222        1.0164
    663.6295        1.0158
    663.6368        1.0146
    663.6441        1.0137
    663.6514        1.0137
    663.6587        1.0151
    663.6660        1.0168
    663.6733        1.0183
    663.6807        1.0182
    663.6880        1.0162
    663.6953        1.0142
    663.7026        1.0124
    663.7099        1.0120
    663.7172        1.0128
    663.7245        1.0137
    663.7318        1.0142
    663.7391        1.0132
    663.7464        1.0111
    663.7537        1.0089
    663.7611        1.0076
    663.7684        1.0102
    663.7757        1.0148
    663.7830        1.0196
    663.7903        1.0222
    663.7976        1.0173
    663.8049        1.0100
    663.8122        1.0027
    663.8195        0.9976
    663.8268        1.0006
    663.8342        1.0049
    663.8415        1.0091
    663.8488        1.0132
    663.8561        1.0161
    663.8634        1.0184
    663.8707        1.0206
    663.8780        1.0207
    663.8853        1.0171
    663.8926        1.0136
    663.8999        1.0099
    663.9072        1.0058
    663.9146        1.0012
    663.9219        0.9965
    663.9292        0.9925
    663.9365        0.9914
    663.9438        0.9935
    663.9511        0.9957
    663.9584        0.9977
    663.9657        0.9994
    663.9730        1.0007
    663.9803        1.0020
    663.9876        1.0035
    663.9950        1.0065
    664.0023        1.0102
    664.0096        1.0140
    664.0169        1.0165
    664.0242        1.0151
    664.0315        1.0123
    664.0388        1.0097
    664.0461        1.0082
    664.0534        1.0093
    664.0607        1.0105
    664.0681        1.0118
    664.0754        1.0122
    664.0827        1.0102
    664.0900        1.0083
    664.0973        1.0064
    664.1046        1.0040
    664.1119        1.0009
    664.1192        0.9976
    664.1265        0.9946
    664.1338        0.9929
    664.1411        0.9933
    664.1485        0.9939
    664.1558        0.9948
    664.1631        0.9981
    664.1704        1.0040
    664.1777        1.0101
    664.1850        1.0150
    664.1923        1.0147
    664.1996        1.0100
    664.2069        1.0051
    664.2142        1.0011
    664.2215        1.0010
    664.2289        1.0028
    664.2362        1.0048
    664.2435        1.0061
    664.2508        1.0050
    664.2581        1.0031
    664.2654        1.0011
    664.2727        1.0008
    664.2800        1.0062
    664.2873        1.0127
    664.2946        1.0192
    664.3019        1.0228
    664.3093        1.0170
    664.3166        1.0104
    664.3239        1.0042
    664.3312        1.0004
    664.3385        1.0031
    664.3458        1.0064
    664.3531        1.0092
    664.3604        1.0101
    664.3677        1.0073
    664.3750        1.0039
    664.3824        1.0012
    664.3897        1.0007
    664.3970        1.0033
    664.4043        1.0062
    664.4116        1.0088
    664.4189        1.0102
    664.4262        1.0105
    664.4335        1.0108
    664.4408        1.0115
    664.4481        1.0130
    664.4554        1.0148
    664.4628        1.0165
    664.4701        1.0182
    664.4774        1.0209
    664.4847        1.0241
    664.4920        1.0273
    664.4993        1.0288
    664.5066        1.0250
    664.5139        1.0201
    664.5212        1.0150
    664.5285        1.0115
    664.5358        1.0129
    664.5432        1.0146
    664.5505        1.0161
    664.5578        1.0169
    664.5651        1.0166
    664.5724        1.0163
    664.5797        1.0159
    664.5870        1.0142
    664.5943        1.0103
    664.6016        1.0062
    664.6089        1.0027
    664.6163        1.0017
    664.6236        1.0033
    664.6309        1.0050
    664.6382        1.0062
    664.6455        1.0064
    664.6528        1.0062
    664.6601        1.0061
    664.6674        1.0060
    664.6747        1.0060
    664.6820        1.0055
    664.6893        1.0050
    664.6967        1.0039
    664.7040        1.0010
    664.7113        0.9976
    664.7186        0.9942
    664.7259        0.9923
    664.7332        0.9958
    664.7405        1.0003
    664.7478        1.0047
    664.7551        1.0084
    664.7624        1.0100
    664.7697        1.0116
    664.7771        1.0131
    664.7844        1.0139
    664.7917        1.0133
    664.7990        1.0126
    664.8063        1.0120
    664.8136        1.0119
    664.8209        1.0124
    664.8282        1.0129
    664.8355        1.0134
    664.8428        1.0137
    664.8501        1.0134
    664.8575        1.0130
    664.8648        1.0129
    664.8721        1.0138
    664.8794        1.0154
    664.8867        1.0171
    664.8940        1.0183
    664.9013        1.0181
    664.9086        1.0173
    664.9159        1.0166
    664.9232        1.0159
    664.9306        1.0154
    664.9379        1.0148
    664.9452        1.0142
    664.9525        1.0128
    664.9598        1.0083
    664.9671        1.0032
    664.9744        0.9981
    664.9817        0.9958
    664.9890        1.0005
    664.9963        1.0059
    665.0036        1.0108
    665.0110        1.0124
    665.0183        1.0075
    665.0256        1.0023
    665.0329        0.9974
    665.0402        0.9948
    665.0475        0.9953
    665.0548        0.9960
    665.0621        0.9968
    665.0694        0.9977
    665.0767        0.9986
    665.0840        0.9995
    665.0914        1.0003
    665.0987        1.0009
    665.1060        1.0014
    665.1133        1.0020
    665.1206        1.0020
    665.1279        0.9993
    665.1352        0.9952
    665.1425        0.9911
    665.1498        0.9884
    665.1571        0.9907
    665.1645        0.9945
    665.1718        0.9983
    665.1791        1.0017
    665.1864        1.0033
    665.1937        1.0046
    665.2010        1.0058
    665.2083        1.0063
    665.2156        1.0049
    665.2229        1.0034
    665.2302        1.0019
    665.2375        1.0009
    665.2449        1.0006
    665.2522        1.0004
    665.2595        1.0002
    665.2668        1.0001
    665.2741        1.0000
    665.2814        0.9999
    665.2887        0.9996
    665.2960        0.9982
    665.3033        0.9962
    665.3106        0.9943
    665.3179        0.9927
    665.3253        0.9922
    665.3326        0.9922
    665.3399        0.9922
    665.3472        0.9921
    665.3545        0.9918
    665.3618        0.9916
    665.3691        0.9913
    665.3764        0.9924
    665.3837        0.9976
    665.3910        1.0036
    665.3984        1.0095
    665.4057        1.0134
    665.4130        1.0107
    665.4203        1.0078
    665.4276        1.0049
    665.4349        1.0029
    665.4422        1.0025
    665.4495        1.0020
    665.4568        1.0015
    665.4641        1.0007
    665.4714        0.9993
    665.4788        0.9979
    665.4861        0.9971
    665.4934        0.9981
    665.5007        1.0010
    665.5080        1.0039
    665.5153        1.0064
    665.5226        1.0074
    665.5299        1.0076
    665.5372        1.0077
    665.5445        1.0080
    665.5518        1.0090
    665.5592        1.0100
    665.5665        1.0111
    665.5738        1.0113
    665.5811        1.0087
    665.5884        1.0055
    665.5957        1.0023
    665.6030        0.9997
    665.6103        0.9994
    665.6176        0.9994
    665.6249        0.9993
    665.6322        0.9994
    665.6396        0.9996
    665.6469        0.9996
    665.6542        0.9998
    665.6615        1.0011
    665.6688        1.0047
    665.6761        1.0087
    665.6834        1.0120
    665.6907        1.0124
    665.6980        1.0091
    665.7053        1.0056
    665.7127        1.0023
    665.7200        1.0003
    665.7273        0.9995
    665.7346        0.9987
    665.7419        0.9981
    665.7492        0.9980
    665.7565        0.9983
    665.7638        0.9986
    665.7711        0.9991
    665.7784        0.9998
    665.7857        1.0004
    665.7931        1.0010
    665.8004        1.0011
    665.8077        1.0001
    665.8150        0.9989
    665.8223        0.9978
    665.8296        0.9964
    665.8369        0.9935
    665.8442        0.9903
    665.8515        0.9874
    665.8588        0.9868
    665.8661        0.9913
    665.8735        0.9965
    665.8808        1.0011
    665.8881        1.0040
    665.8954        1.0042
    665.9027        1.0039
    665.9100        1.0041
    665.9173        1.0034
    665.9246        1.0071
    665.9319        0.9948
