    647.4677        1.0219
    647.4735        1.0240
    647.4793        1.0261
    647.4852        1.0164
    647.4910        0.9929
    647.4969        0.9647
    647.5027        0.9289
    647.5085        0.9071
    647.5144        0.9133
    647.5202        0.9224
    647.5260        0.9394
    647.5319        0.9530
    647.5377        0.9527
    647.5435        0.9520
    647.5494        0.9500
    647.5552        0.9476
    647.5611        0.9408
    647.5669        0.9341
    647.5727        0.9153
    647.5786        0.8965
    647.5844        0.8942
    647.5902        0.8930
    647.5961        0.9192
    647.6019        0.9498
    647.6077        0.9665
    647.6136        0.9798
    647.6194        0.9934
    647.6253        1.0070
    647.6311        1.0143
    647.6369        1.0185
    647.6428        1.0256
    647.6486        1.0345
    647.6544        1.0324
    647.6603        1.0208
    647.6661        1.0096
    647.6719        0.9989
    647.6778        0.9889
    647.6836        0.9801
    647.6895        0.9775
    647.6953        0.9871
    647.7011        0.9944
    647.7070        0.9953
    647.7128        0.9962
    647.7186        0.9970
    647.7245        0.9963
    647.7303        0.9868
    647.7361        0.9793
    647.7420        0.9924
    647.7478        1.0053
    647.7537        1.0093
    647.7595        1.0133
    647.7653        1.0164
    647.7712        1.0194
    647.7770        1.0222
    647.7828        1.0251
    647.7887        1.0266
    647.7945        1.0278
    647.8003        1.0299
    647.8062        1.0322
    647.8120        1.0354
    647.8179        1.0389
    647.8237        1.0386
    647.8295        1.0364
    647.8354        1.0243
    647.8412        1.0049
    647.8470        1.0020
    647.8529        1.0148
    647.8587        1.0269
    647.8645        1.0382
    647.8704        1.0452
    647.8762        1.0455
    647.8821        1.0401
    647.8879        1.0222
    647.8937        1.0113
    647.8996        1.0199
    647.9054        1.0221
    647.9112        0.9983
    647.9171        0.9784
    647.9229        0.9839
    647.9287        0.9899
    647.9346        1.0010
    647.9404        1.0119
    647.9463        1.0030
    647.9521        0.9939
    647.9579        1.0011
    647.9638        1.0093
    647.9696        1.0041
    647.9754        0.9972
    647.9813        0.9923
    647.9871        0.9880
    647.9929        0.9718
    647.9988        0.9520
    648.0046        0.9433
    648.0105        0.9395
    648.0163        0.9410
    648.0221        0.9455
    648.0280        0.9575
    648.0338        0.9752
    648.0396        0.9907
    648.0455        1.0042
    648.0513        1.0131
    648.0571        1.0166
    648.0630        1.0183
    648.0688        1.0173
    648.0747        1.0156
    648.0805        1.0125
    648.0863        1.0125
    648.0922        1.0205
    648.0980        1.0269
    648.1038        1.0264
    648.1097        1.0244
    648.1155        1.0132
    648.1213        1.0037
    648.1272        1.0129
    648.1330        1.0216
    648.1389        1.0115
    648.1447        1.0016
    648.1505        0.9956
    648.1564        0.9896
    648.1622        0.9797
    648.1680        0.9693
    648.1739        0.9663
    648.1797        0.9645
    648.1855        0.9565
    648.1914        0.9469
    648.1972        0.9615
    648.2031        0.9852
    648.2089        0.9825
    648.2147        0.9667
    648.2206        0.9640
    648.2264        0.9699
    648.2322        0.9739
    648.2381        0.9763
    648.2439        0.9882
    648.2497        1.0098
    648.2556        1.0220
    648.2614        1.0214
    648.2673        1.0203
    648.2731        1.0184
    648.2789        1.0180
    648.2848        1.0215
    648.2906        1.0219
    648.2964        1.0127
    648.3023        1.0001
    648.3081        0.9729
    648.3140        0.9474
    648.3198        0.9335
    648.3256        0.9213
    648.3315        0.9290
    648.3373        0.9367
    648.3431        0.9468
    648.3490        0.9569
    648.3548        0.9622
    648.3606        0.9673
    648.3665        0.9461
    648.3723        0.9219
    648.3782        0.9214
    648.3840        0.9255
    648.3898        0.9322
    648.3957        0.9396
    648.4015        0.9483
    648.4073        0.9577
    648.4132        0.9680
    648.4190        0.9788
    648.4248        0.9921
    648.4307        1.0069
    648.4365        1.0171
    648.4424        1.0235
    648.4482        1.0218
    648.4540        1.0116
    648.4599        1.0055
    648.4657        1.0047
    648.4715        1.0001
    648.4774        0.9894
    648.4832        0.9884
    648.4890        1.0081
    648.4949        1.0183
    648.5007        1.0018
    648.5066        0.9906
    648.5124        1.0001
    648.5182        1.0074
    648.5241        1.0015
    648.5299        0.9974
    648.5357        1.0103
    648.5416        1.0226
    648.5474        1.0161
    648.5532        1.0097
    648.5591        0.9994
    648.5649        0.9890
    648.5708        0.9993
    648.5766        1.0116
    648.5824        1.0186
    648.5883        1.0249
    648.5941        1.0204
    648.5999        1.0132
    648.6058        1.0208
    648.6116        1.0332
    648.6174        1.0320
    648.6233        1.0250
    648.6291        1.0216
    648.6350        1.0202
    648.6408        1.0167
    648.6466        1.0117
    648.6525        1.0036
    648.6583        0.9927
    648.6641        0.9848
    648.6700        0.9806
    648.6758        0.9753
    648.6816        0.9685
    648.6875        0.9667
    648.6933        0.9739
    648.6992        0.9806
    648.7050        0.9864
    648.7108        0.9917
    648.7167        0.9958
    648.7225        1.0026
    648.7283        1.0208
    648.7342        1.0349
    648.7400        1.0241
    648.7458        1.0138
    648.7517        1.0086
    648.7575        1.0035
    648.7634        0.9985
    648.7692        0.9934
    648.7750        0.9950
    648.7809        0.9968
    648.7867        0.9834
    648.7925        0.9688
    648.7984        0.9795
    648.8042        0.9940
    648.8100        1.0005
    648.8159        1.0050
    648.8217        1.0180
    648.8276        1.0337
    648.8334        1.0364
    648.8392        1.0337
    648.8451        1.0354
    648.8509        1.0396
    648.8567        1.0390
    648.8626        1.0351
    648.8684        1.0346
    648.8742        1.0367
    648.8801        1.0333
    648.8859        1.0241
    648.8918        1.0189
    648.8976        1.0186
    648.9034        1.0126
    648.9093        0.9972
    648.9151        0.9887
    648.9209        0.9944
    648.9268        1.0017
    648.9326        1.0131
    648.9384        1.0181
    648.9443        1.0007
    648.9501        0.9907
    648.9560        1.0175
    648.9618        1.0415
    648.9676        1.0465
    648.9735        1.0500
    648.9793        1.0350
    648.9851        1.0201
    648.9910        1.0127
    648.9968        1.0053
    649.0026        1.0112
    649.0085        1.0177
    649.0143        1.0224
    649.0202        1.0269
    649.0260        1.0162
    649.0318        1.0029
    649.0377        1.0078
    649.0435        1.0172
    649.0493        0.9959
    649.0552        0.9646
    649.0610        0.9459
    649.0668        0.9325
    649.0727        0.9174
    649.0785        0.9013
    649.0844        0.8951
    649.0902        0.8956
    649.0960        0.9102
    649.1019        0.9367
    649.1077        0.9649
    649.1135        0.9948
    649.1194        1.0119
    649.1252        1.0127
    649.1310        1.0084
    649.1369        0.9960
    649.1427        0.9944
    649.1486        1.0135
    649.1544        1.0256
    649.1602        1.0201
    649.1661        1.0143
    649.1719        1.0082
    649.1777        1.0027
    649.1836        0.9999
    649.1894        0.9986
    649.1953        1.0062
    649.2011        1.0135
    649.2069        1.0183
    649.2128        1.0226
    649.2186        1.0139
    649.2244        1.0053
    649.2303        1.0191
    649.2361        1.0333
    649.2419        1.0384
    649.2478        1.0428
    649.2536        1.0451
    649.2595        1.0469
    649.2653        1.0284
    649.2711        1.0059
    649.2770        0.9815
    649.2828        0.9565
    649.2886        0.9325
    649.2945        0.9089
    649.3003        0.9046
    649.3061        0.9095
    649.3120        0.9231
    649.3178        0.9415
    649.3237        0.9564
    649.3295        0.9685
    649.3353        0.9864
    649.3412        1.0093
    649.3470        1.0228
    649.3528        1.0265
    649.3587        1.0232
    649.3645        1.0109
    649.3703        1.0066
    649.3762        1.0145
    649.3820        1.0177
    649.3879        1.0117
    649.3937        1.0068
    649.3995        1.0048
    649.4054        1.0057
    649.4112        1.0155
    649.4170        1.0208
    649.4229        1.0076
    649.4287        0.9970
    649.4345        1.0009
    649.4404        1.0039
    649.4462        0.9986
    649.4521        0.9942
    649.4579        1.0079
    649.4637        1.0216
    649.4696        1.0253
    649.4754        1.0290
    649.4812        1.0344
    649.4871        1.0399
    649.4929        1.0306
    649.4987        1.0198
    649.5046        1.0256
    649.5104        1.0341
    649.5163        1.0282
    649.5221        1.0192
    649.5279        1.0172
    649.5338        1.0175
    649.5396        1.0187
    649.5454        1.0204
    649.5513        1.0138
    649.5571        1.0032
    649.5629        0.9875
    649.5688        0.9689
    649.5746        0.9444
    649.5805        0.9154
    649.5863        0.8983
    649.5921        0.8918
    649.5980        0.9033
    649.6038        0.9341
    649.6096        0.9635
    649.6155        0.9911
    649.6213        1.0026
    649.6271        0.9892
    649.6330        0.9847
    649.6388        0.9975
    649.6447        1.0071
    649.6505        1.0098
    649.6563        1.0131
    649.6622        1.0179
    649.6680        1.0202
    649.6738        1.0127
    649.6797        1.0097
    649.6855        1.0306
    649.6913        1.0478
    649.6972        1.0352
    649.7030        1.0232
    649.7089        1.0201
    649.7147        1.0169
    649.7205        1.0117
    649.7264        1.0064
    649.7322        0.9983
    649.7380        0.9902
    649.7439        0.9772
    649.7497        0.9637
    649.7555        0.9551
    649.7614        0.9471
    649.7672        0.9584
    649.7731        0.9732
    649.7789        0.9950
    649.7847        1.0185
    649.7906        1.0165
    649.7964        1.0060
    649.8022        1.0043
    649.8081        1.0063
    649.8139        1.0095
    649.8197        1.0134
    649.8256        1.0191
    649.8314        1.0261
    649.8373        1.0275
    649.8431        1.0245
    649.8489        1.0214
    649.8548        1.0179
    649.8606        1.0212
    649.8664        1.0317
    649.8723        1.0340
    649.8781        1.0257
    649.8839        1.0228
    649.8898        1.0284
    649.8956        1.0292
    649.9015        1.0209
    649.9073        1.0180
    649.9131        1.0268
    649.9190        1.0323
    649.9248        1.0286
    649.9306        1.0228
    649.9365        1.0096
    649.9423        1.0009
    649.9481        1.0130
    649.9540        1.0229
    649.9598        1.0184
    649.9657        1.0145
    649.9715        1.0181
    649.9773        1.0214
    649.9832        1.0147
    649.9890        1.0081
    649.9948        1.0139
    650.0007        1.0197
    650.0065        1.0199
    650.0123        1.0199
    650.0182        1.0159
    650.0240        1.0114
    650.0299        1.0190
    650.0357        1.0282
    650.0415        1.0273
    650.0474        1.0240
    650.0532        1.0201
    650.0590        1.0160
    650.0649        1.0227
    650.0707        1.0331
    650.0765        1.0269
    650.0824        1.0137
    650.0882        1.0130
    650.0941        1.0184
    650.0999        1.0190
    650.1057        1.0164
    650.1116        1.0169
    650.1174        1.0198
    650.1232        1.0198
    650.1291        1.0175
    650.1349        1.0142
    650.1408        1.0099
    650.1466        1.0050
    650.1524        0.9993
    650.1583        1.0002
    650.1641        1.0104
    650.1699        1.0166
    650.1758        1.0163
    650.1816        1.0188
    650.1874        1.0269
    650.1933        1.0301
    650.1991        1.0210
    650.2050        1.0162
    650.2108        1.0249
    650.2166        1.0315
    650.2225        1.0297
    650.2283        1.0276
    650.2341        1.0233
    650.2400        1.0191
    650.2458        1.0154
    650.2516        1.0124
    650.2575        1.0166
    650.2633        1.0199
    650.2692        1.0012
    650.2750        0.9827
    650.2808        0.9907
    650.2867        0.9987
    650.2925        0.9993
    650.2983        0.9996
    650.3042        1.0082
    650.3100        1.0173
    650.3158        1.0194
    650.3217        1.0203
    650.3275        1.0153
    650.3334        1.0090
    650.3392        1.0086
    650.3450        1.0096
    650.3509        1.0056
    650.3567        1.0000
    650.3625        1.0006
    650.3684        1.0036
    650.3742        0.9955
    650.3800        0.9823
    650.3859        0.9925
    650.3917        1.0155
    650.3976        1.0195
    650.4034        1.0112
    650.4092        1.0066
    650.4151        1.0049
    650.4209        1.0057
    650.4267        1.0088
    650.4326        1.0111
    650.4384        1.0127
    650.4442        1.0119
    650.4501        1.0081
    650.4559        1.0028
    650.4618        0.9951
    650.4676        0.9917
    650.4734        0.9956
    650.4793        1.0008
    650.4851        1.0086
    650.4909        1.0180
    650.4968        1.0307
    650.5026        1.0389
    650.5084        1.0336
    650.5143        1.0284
    650.5201        1.0235
    650.5260        1.0215
    650.5318        1.0316
    650.5376        1.0394
    650.5435        1.0337
    650.5493        1.0278
    650.5551        1.0213
    650.5610        1.0151
    650.5668        1.0136
    650.5726        1.0123
    650.5785        1.0164
    650.5843        1.0205
    650.5902        1.0179
    650.5960        1.0152
    650.6018        1.0195
    650.6077        1.0242
    650.6135        1.0208
    650.6193        1.0167
    650.6252        1.0111
    650.6310        1.0053
    650.6368        1.0061
    650.6427        1.0081
    650.6485        1.0169
    650.6544        1.0272
    650.6602        1.0168
    650.6660        1.0002
    650.6719        0.9989
    650.6777        1.0027
    650.6835        1.0130
    650.6894        1.0260
    650.6952        1.0321
    650.7010        1.0347
    650.7069        1.0281
    650.7127        1.0160
    650.7186        1.0147
    650.7244        1.0209
    650.7302        1.0223
    650.7361        1.0200
    650.7419        1.0124
    650.7477        1.0002
    650.7536        0.9926
    650.7594        0.9899
    650.7652        0.9893
    650.7711        0.9913
    650.7769        0.9936
    650.7828        0.9964
    650.7886        1.0021
    650.7944        1.0126
    650.8003        1.0156
    650.8061        1.0041
    650.8119        0.9998
    650.8178        1.0119
    650.8236        1.0197
    650.8294        1.0165
    650.8353        1.0102
    650.8411        0.9942
    650.8470        0.9800
    650.8528        0.9725
    650.8586        0.9662
    650.8645        0.9662
    650.8703        0.9662
    650.8761        0.9667
    650.8820        0.9694
    650.8878        0.9925
    650.8936        1.0144
    650.8995        1.0182
    650.9053        1.0218
    650.9112        1.0225
    650.9170        1.0232
    650.9228        1.0263
    650.9287        1.0293
    650.9345        1.0263
    650.9403        1.0231
    650.9462        1.0219
    650.9520        1.0208
    650.9578        1.0169
    650.9637        1.0128
    650.9695        1.0137
    650.9754        1.0156
    650.9812        1.0131
    650.9870        1.0097
    650.9929        1.0074
    650.9987        1.0054
    651.0045        1.0218
    651.0104        1.0441
    651.0162        1.0399
    651.0221        1.0258
    651.0279        1.0138
    651.0337        1.0027
    651.0396        1.0061
    651.0454        1.0168
    651.0512        1.0095
    651.0571        0.9915
    651.0629        0.9934
    651.0687        1.0088
    651.0746        1.0186
    651.0804        1.0239
    651.0863        1.0123
    651.0921        0.9856
    651.0979        0.9781
    651.1038        0.9902
    651.1096        1.0006
    651.1154        1.0093
    651.1213        1.0137
    651.1271        1.0124
    651.1329        1.0115
    651.1388        1.0113
    651.1446        1.0145
    651.1505        1.0235
    651.1563        1.0283
    651.1621        1.0246
    651.1680        1.0203
    651.1738        1.0143
    651.1796        1.0060
    651.1855        0.9922
    651.1913        0.9810
    651.1971        0.9778
    651.2030        0.9766
    651.2088        0.9829
    651.2147        0.9890
    651.2205        0.9946
    651.2263        0.9977
    651.2322        0.9862
    651.2380        0.9769
    651.2438        0.9842
    651.2497        0.9924
    651.2555        1.0100
    651.2613        1.0264
    651.2672        1.0222
    651.2730        1.0180
    651.2789        1.0189
    651.2847        1.0198
    651.2905        1.0096
    651.2964        0.9992
    651.3022        1.0033
    651.3080        1.0080
    651.3139        1.0108
    651.3197        1.0134
    651.3255        1.0151
    651.3314        1.0168
    651.3372        1.0149
    651.3431        1.0125
    651.3489        1.0120
    651.3547        1.0119
    651.3606        1.0048
    651.3664        0.9959
    651.3722        1.0016
    651.3781        1.0115
    651.3839        1.0124
    651.3897        1.0102
    651.3956        1.0131
    651.4014        1.0180
    651.4073        1.0100
    651.4131        0.9964
    651.4189        0.9858
    651.4248        0.9768
    651.4306        0.9649
    651.4364        0.9512
    651.4423        0.9474
    651.4481        0.9498
    651.4539        0.9364
    651.4598        0.9114
    651.4656        0.8916
    651.4715        0.8761
    651.4773        0.8747
    651.4831        0.8863
    651.4890        0.9083
    651.4948        0.9411
    651.5006        0.9625
    651.5065        0.9704
    651.5123        0.9802
    651.5181        0.9925
    651.5240        1.0035
    651.5298        1.0124
    651.5357        1.0133
    651.5415        1.0004
    651.5473        0.9862
    651.5532        0.9696
    651.5590        0.9562
    651.5648        0.9500
    651.5707        0.9409
    651.5765        0.9246
    651.5823        0.9166
    651.5882        0.9321
    651.5940        0.9427
    651.5999        0.9369
    651.6057        0.9350
    651.6115        0.9484
    651.6174        0.9590
    651.6232        0.9573
    651.6290        0.9486
    651.6349        0.9017
    651.6407        0.8569
    651.6465        0.8273
    651.6524        0.7992
    651.6582        0.7854
    651.6641        0.7756
    651.6699        0.8215
    651.6757        0.8665
    651.6816        0.8949
    651.6874        0.9233
    651.6932        0.9539
    651.6991        0.9844
    651.7049        0.9608
    651.7107        0.9366
    651.7166        0.9344
    651.7224        0.9332
    651.7283        0.9516
    651.7341        0.9713
    651.7399        0.9905
    651.7458        1.0096
    651.7516        1.0050
    651.7574        0.9972
    651.7633        1.0010
    651.7691        1.0066
    651.7749        1.0011
    651.7808        0.9934
    651.7866        0.9873
    651.7925        0.9815
    651.7983        0.9746
    651.8041        0.9674
    651.8100        0.9824
    651.8158        1.0048
    651.8216        1.0047
    651.8275        0.9962
    651.8333        1.0031
    651.8391        1.0165
    651.8450        1.0137
    651.8508        1.0033
    651.8567        1.0076
    651.8625        1.0200
    651.8683        1.0145
    651.8742        0.9982
    651.8800        0.9941
    651.8858        0.9982
    651.8917        0.9900
    651.8975        0.9729
    651.9033        0.9687
    651.9092        0.9750
    651.9150        0.9725
    651.9209        0.9621
    651.9267        0.9531
    651.9325        0.9455
    651.9384        0.9331
    651.9442        0.9158
    651.9500        0.9098
    651.9559        0.9176
    651.9617        0.9326
    651.9676        0.9574
    651.9734        0.9795
    651.9792        0.9980
    651.9851        1.0066
    651.9909        0.9993
    651.9967        0.9943
    652.0026        0.9934
    652.0084        0.9957
    652.0142        1.0045
    652.0201        1.0120
    652.0259        1.0164
    652.0318        1.0184
    652.0376        1.0145
    652.0434        1.0126
    652.0493        1.0166
    652.0551        1.0161
    652.0609        1.0017
    652.0668        0.9926
    652.0726        1.0032
    652.0784        1.0135
    652.0843        1.0236
    652.0901        1.0291
    652.0960        1.0128
    652.1018        0.9994
    652.1076        1.0018
    652.1135        1.0036
    652.1193        1.0010
    652.1251        0.9998
    652.1310        1.0112
    652.1368        1.0219
    652.1426        1.0245
    652.1485        1.0267
    652.1543        1.0226
    652.1602        1.0184
    652.1660        1.0080
    652.1718        0.9980
    652.1777        0.9984
    652.1835        0.9988
    652.1893        1.0013
    652.1952        1.0038
    652.2010        0.9960
    652.2068        0.9877
    652.2127        0.9881
    652.2185        0.9889
    652.2244        0.9995
    652.2302        1.0110
    652.2360        1.0051
    652.2419        0.9973
    652.2477        1.0023
    652.2535        1.0089
    652.2594        1.0015
    652.2652        0.9917
    652.2710        0.9982
    652.2769        1.0077
    652.2827        1.0065
    652.2886        1.0029
    652.2944        1.0019
    652.3002        1.0014
    652.3061        0.9984
    652.3119        0.9946
    652.3177        1.0026
    652.3236        1.0143
    652.3294        1.0040
    652.3352        0.9859
    652.3411        0.9835
    652.3469        0.9876
    652.3528        0.9858
    652.3586        0.9812
    652.3644        0.9561
    652.3703        0.9209
    652.3761        0.9046
    652.3819        0.8983
    652.3878        0.9080
    652.3936        0.9269
    652.3994        0.9501
    652.4053        0.9760
    652.4111        0.9879
    652.4170        0.9902
    652.4228        0.9989
    652.4286        1.0123
    652.4345        1.0225
    652.4403        1.0300
    652.4461        1.0287
    652.4520        1.0198
    652.4578        1.0062
    652.4636        0.9883
    652.4695        0.9858
    652.4753        0.9987
    652.4812        1.0106
    652.4870        1.0212
    652.4928        1.0213
    652.4987        1.0089
    652.5045        0.9997
    652.5103        0.9949
    652.5162        0.9927
    652.5220        0.9944
    652.5278        0.9950
    652.5337        0.9941
    652.5395        0.9952
    652.5454        0.9995
    652.5512        0.9998
    652.5570        0.9927
    652.5629        0.9890
    652.5687        0.9916
    652.5745        0.9916
    652.5804        0.9864
    652.5862        0.9869
    652.5920        1.0003
    652.5979        1.0076
    652.6037        0.9999
    652.6096        0.9958
    652.6154        1.0018
    652.6212        1.0086
    652.6271        1.0176
    652.6329        1.0205
    652.6387        1.0034
    652.6446        0.9904
    652.6504        0.9921
    652.6562        0.9933
    652.6621        0.9930
    652.6679        0.9941
    652.6738        1.0022
    652.6796        1.0090
    652.6854        1.0097
    652.6913        1.0111
    652.6971        1.0163
    652.7029        1.0199
    652.7088        1.0121
    652.7146        1.0054
    652.7204        1.0056
    652.7263        1.0057
    652.7321        1.0047
    652.7380        1.0042
    652.7438        1.0080
    652.7496        1.0109
    652.7555        0.9990
    652.7613        0.9880
    652.7671        0.9970
    652.7730        1.0058
    652.7788        1.0089
    652.7846        1.0121
    652.7905        1.0136
    652.7963        1.0150
    652.8022        1.0019
    652.8080        0.9889
    652.8138        0.9914
    652.8197        0.9942
    652.8255        0.9993
    652.8313        1.0046
    652.8372        1.0030
    652.8430        1.0011
    652.8489        1.0010
    652.8547        1.0010
    652.8605        0.9991
    652.8664        0.9971
    652.8722        0.9938
    652.8780        0.9903
    652.8839        0.9870
    652.8897        0.9836
    652.8955        0.9855
    652.9014        0.9881
    652.9072        0.9948
    652.9131        1.0021
    652.9189        1.0021
    652.9247        1.0009
    652.9306        0.9966
    652.9364        0.9917
    652.9422        0.9994
    652.9481        1.0099
    652.9539        1.0096
    652.9597        1.0066
    652.9656        1.0061
    652.9714        1.0063
    652.9773        1.0093
    652.9831        1.0130
    652.9889        1.0086
    652.9948        1.0017
    653.0006        1.0048
    653.0064        1.0115
    653.0123        1.0072
    653.0181        0.9988
    653.0239        0.9889
    653.0298        0.9785
    653.0356        0.9842
    653.0415        0.9967
    653.0473        0.9932
    653.0531        0.9824
    653.0590        0.9798
    653.0648        0.9811
    653.0706        0.9791
    653.0765        0.9754
    653.0823        0.9811
    653.0881        0.9921
    653.0940        1.0028
    653.0998        1.0131
    653.1057        1.0109
    653.1115        1.0009
    653.1173        0.9972
    653.1232        0.9976
    653.1290        0.9993
    653.1348        1.0017
    653.1407        1.0045
    653.1465        1.0074
    653.1523        1.0047
    653.1582        0.9978
    653.1640        0.9879
    653.1699        0.9755
    653.1757        0.9803
    653.1815        0.9994
    653.1874        1.0033
    653.1932        0.9936
    653.1990        0.9892
    653.2049        0.9897
    653.2107        0.9809
    653.2165        0.9629
    653.2224        0.9492
    653.2282        0.9398
    653.2341        0.9304
    653.2399        0.9208
    653.2457        0.9167
    653.2516        0.9189
    653.2574        0.9336
    653.2632        0.9633
    653.2691        0.9783
    653.2749        0.9751
    653.2807        0.9807
    653.2866        0.9979
    653.2924        1.0072
    653.2983        1.0058
    653.3041        1.0050
    653.3099        1.0049
    653.3158        1.0020
    653.3216        0.9945
    653.3274        0.9917
    653.3333        0.9959
    653.3391        1.0019
    653.3449        1.0107
    653.3508        1.0141
    653.3566        1.0081
    653.3625        0.9989
    653.3683        0.9843
    653.3741        0.9752
    653.3800        0.9767
    653.3858        0.9730
    653.3916        0.9593
    653.3975        0.9507
    653.4033        0.9526
    653.4091        0.9572
    653.4150        0.9675
    653.4208        0.9761
    653.4267        0.9811
    653.4325        0.9876
    653.4383        0.9981
    653.4442        1.0032
    653.4500        0.9945
    653.4558        0.9896
    653.4617        0.9944
    653.4675        0.9959
    653.4733        0.9877
    653.4792        0.9819
    653.4850        0.9835
    653.4909        0.9828
    653.4967        0.9746
    653.5025        0.9708
    653.5084        0.9812
    653.5142        0.9915
    653.5200        1.0020
    653.5259        1.0095
    653.5317        1.0066
    653.5375        1.0036
    653.5434        1.0005
    653.5492        0.9957
    653.5551        0.9836
    653.5609        0.9771
    653.5667        0.9946
    653.5726        1.0059
    653.5784        0.9892
    653.5842        0.9761
    653.5901        0.9795
    653.5959        0.9827
    653.6017        0.9853
    653.6076        0.9881
    653.6134        0.9916
    653.6193        0.9950
    653.6251        0.9970
    653.6309        0.9977
    653.6368        0.9897
    653.6426        0.9822
    653.6484        0.9770
    653.6543        0.9726
    653.6601        0.9744
    653.6659        0.9747
    653.6718        0.9631
    653.6776        0.9542
    653.6835        0.9667
    653.6893        0.9782
    653.6951        0.9812
    653.7010        0.9841
    653.7068        0.9882
    653.7126        0.9917
    653.7185        0.9894
    653.7243        0.9879
    653.7302        0.9957
    653.7360        1.0027
    653.7418        1.0017
    653.7477        1.0008
    653.7535        1.0039
    653.7593        1.0066
    653.7652        1.0029
    653.7710        0.9988
    653.7768        0.9860
    653.7827        0.9745
    653.7885        0.9929
    653.7944        1.0103
    653.8002        1.0056
    653.8060        1.0013
    653.8119        1.0068
    653.8177        1.0119
    653.8235        1.0013
    653.8294        0.9911
    653.8352        1.0064
    653.8410        1.0213
    653.8469        1.0093
    653.8527        0.9975
    653.8586        0.9943
    653.8644        0.9911
    653.8702        0.9828
    653.8761        0.9745
    653.8819        0.9857
    653.8877        0.9971
    653.8936        1.0119
    653.8994        1.0269
    653.9052        1.0168
    653.9111        1.0063
    653.9169        0.9893
    653.9228        0.9722
    653.9286        0.9766
    653.9344        0.9814
    653.9403        0.9928
    653.9461        1.0044
    653.9519        1.0015
    653.9578        0.9981
    653.9636        1.0054
    653.9694        1.0132
    653.9753        1.0049
    653.9811        0.9958
    653.9870        1.0010
    653.9928        1.0071
    653.9986        1.0023
    654.0045        0.9970
    654.0103        0.9907
    654.0161        0.9843
    654.0220        1.0037
    654.0278        1.0249
    654.0336        1.0195
    654.0395        1.0123
    654.0453        1.0042
    654.0512        0.9959
    654.0570        0.9949
    654.0628        0.9944
    654.0687        0.9910
    654.0745        0.9874
    654.0803        0.9876
    654.0862        0.9881
    654.0920        0.9864
    654.0978        0.9843
    654.1037        0.9833
    654.1095        0.9824
    654.1154        0.9745
    654.1212        0.9659
    654.1270        0.9862
    654.1329        1.0096
    654.1387        0.9960
    654.1445        0.9781
    654.1504        0.9856
    654.1562        0.9962
    654.1620        1.0021
    654.1679        1.0074
    654.1737        0.9969
    654.1796        0.9844
    654.1854        0.9790
    654.1912        0.9747
    654.1971        0.9665
    654.2029        0.9578
    654.2087        0.9544
    654.2146        0.9517
    654.2204        0.9508
    654.2262        0.9503
    654.2321        0.9433
    654.2379        0.9354
    654.2438        0.9502
    654.2496        0.9683
    654.2554        0.9713
    654.2613        0.9721
    654.2671        0.9729
    654.2729        0.9737
    654.2788        0.9790
    654.2846        0.9850
    654.2904        0.9754
    654.2963        0.9633
    654.3021        0.9668
    654.3080        0.9726
    654.3138        0.9861
    654.3196        1.0008
    654.3255        0.9984
    654.3313        0.9932
    654.3371        0.9920
    654.3430        0.9913
    654.3488        0.9676
    654.3546        0.9400
    654.3605        0.9356
    654.3663        0.9350
    654.3722        0.9130
    654.3780        0.8874
    654.3838        0.8713
    654.3897        0.8568
    654.3955        0.8697
    654.4013        0.8873
    654.4072        0.9023
    654.4130        0.9171
    654.4188        0.9452
    654.4247        0.9754
    654.4305        0.9815
    654.4364        0.9832
    654.4422        0.9868
    654.4480        0.9907
    654.4539        0.9910
    654.4597        0.9907
    654.4655        0.9938
    654.4714        0.9976
    654.4772        0.9798
    654.4830        0.9582
    654.4889        0.9611
    654.4947        0.9681
    654.5006        0.9801
    654.5064        0.9930
    654.5122        0.9920
    654.5181        0.9884
    654.5239        0.9805
    654.5297        0.9718
    654.5356        0.9699
    654.5414        0.9694
    654.5472        0.9708
    654.5531        0.9726
    654.5589        0.9564
    654.5648        0.9371
    654.5706        0.9431
    654.5764        0.9532
    654.5823        0.9567
    654.5881        0.9590
    654.5939        0.9670
    654.5998        0.9759
    654.6056        0.9762
    654.6114        0.9750
    654.6173        0.9797
    654.6231        0.9853
    654.6290        0.9833
    654.6348        0.9799
    654.6406        0.9867
    654.6465        0.9951
    654.6523        0.9868
    654.6581        0.9757
    654.6640        0.9812
    654.6698        0.9892
    654.6757        0.9821
    654.6815        0.9728
    654.6873        0.9787
    654.6932        0.9868
    654.6990        0.9825
    654.7048        0.9764
    654.7107        0.9695
    654.7165        0.9625
    654.7223        0.9687
    654.7282        0.9765
    654.7340        0.9720
    654.7399        0.9657
    654.7457        0.9464
    654.7515        0.9255
    654.7574        0.9259
    654.7632        0.9291
    654.7690        0.9238
    654.7749        0.9175
    654.7807        0.9273
    654.7865        0.9389
    654.7924        0.9487
    654.7982        0.9581
    654.8041        0.9545
    654.8099        0.9495
    654.8157        0.9484
    654.8216        0.9475
    654.8274        0.9400
    654.8332        0.9319
    654.8391        0.9234
    654.8449        0.9147
    654.8507        0.8908
    654.8566        0.8652
    654.8624        0.8794
    654.8683        0.8972
    654.8741        0.9023
    654.8799        0.9061
    654.8858        0.9257
    654.8916        0.9465
    654.8974        0.9458
    654.9033        0.9433
    654.9091        0.9502
    654.9149        0.9579
    654.9208        0.9591
    654.9266        0.9598
    654.9325        0.9647
    654.9383        0.9699
    654.9441        0.9620
    654.9500        0.9533
    654.9558        0.9683
    654.9616        0.9845
    654.9675        0.9855
    654.9733        0.9857
    654.9791        0.9753
    654.9850        0.9644
    654.9908        0.9721
    654.9967        0.9804
    655.0025        0.9767
    655.0083        0.9728
    655.0142        0.9719
    655.0200        0.9712
    655.0258        0.9616
    655.0317        0.9520
    655.0375        0.9656
    655.0433        0.9795
    655.0492        0.9754
    655.0550        0.9713
    655.0609        0.9863
    655.0667        1.0012
    655.0725        0.9808
    655.0784        0.9606
    655.0842        0.9619
    655.0900        0.9634
    655.0959        0.9690
    655.1017        0.9741
    655.1075        0.9599
    655.1134        0.9463
    655.1192        0.9544
    655.1251        0.9621
    655.1309        0.9601
    655.1367        0.9577
    655.1426        0.9494
    655.1484        0.9428
    655.1542        0.9691
    655.1601        0.9932
    655.1659        0.9795
    655.1717        0.9654
    655.1776        0.9455
    655.1834        0.9275
    655.1893        0.9353
    655.1951        0.9430
    655.2009        0.9503
    655.2068        0.9562
    655.2126        0.9479
    655.2184        0.9399
    655.2243        0.9356
    655.2301        0.9301
    655.2359        0.9139
    655.2418        0.8982
    655.2476        0.8858
    655.2535        0.8741
    655.2593        0.8672
    655.2651        0.8617
    655.2710        0.8651
    655.2768        0.8703
    655.2826        0.8869
    655.2885        0.9029
    655.2943        0.9136
    655.3001        0.9252
    655.3060        0.9420
    655.3118        0.9574
    655.3177        0.9654
    655.3235        0.9709
    655.3293        0.9643
    655.3352        0.9597
    655.3410        0.9644
    655.3468        0.9655
    655.3527        0.9499
    655.3585        0.9349
    655.3643        0.9226
    655.3702        0.9139
    655.3760        0.9197
    655.3819        0.9239
    655.3877        0.9217
    655.3935        0.9242
    655.3994        0.9443
    655.4052        0.9618
    655.4110        0.9697
    655.4169        0.9722
    655.4227        0.9566
    655.4285        0.9477
    655.4344        0.9606
    655.4402        0.9725
    655.4461        0.9818
    655.4519        0.9849
    655.4577        0.9703
    655.4636        0.9615
    655.4694        0.9681
    655.4752        0.9773
    655.4811        0.9929
    655.4869        1.0030
    655.4927        0.9998
    655.4986        0.9976
    655.5044        0.9983
    655.5103        0.9993
    655.5161        1.0011
    655.5219        1.0075
    655.5278        1.0236
    655.5336        1.0317
    655.5394        1.0235
    655.5453        1.0170
    655.5511        1.0140
    655.5570        1.0173
    655.5628        1.0323
    655.5686        1.0459
    655.5745        1.0570
    655.5803        1.0630
    655.5861        1.0606
    655.5920        1.0623
    655.5978        1.0707
    655.6036        1.0771
    655.6095        1.0801
    655.6153        1.0832
    655.6212        1.0863
    655.6270        1.0876
    655.6328        1.0863
    655.6387        1.0910
    655.6445        1.1038
    655.6503        1.1125
    655.6562        1.1158
    655.6620        1.1238
    655.6678        1.1377
    655.6737        1.1467
    655.6795        1.1503
    655.6854        1.1464
    655.6912        1.1345
    655.6970        1.1346
    655.7029        1.1471
    655.7087        1.1637
    655.7145        1.1845
    655.7204        1.1934
    655.7262        1.1909
    655.7320        1.1983
    655.7379        1.2149
    655.7437        1.2311
    655.7496        1.2471
    655.7554        1.2745
    655.7612        1.3111
    655.7671        1.3332
    655.7729        1.3438
    655.7787        1.3536
    655.7846        1.3629
    655.7904        1.3662
    655.7962        1.3654
    655.8021        1.3790
    655.8079        1.4024
    655.8138        1.4271
    655.8196        1.4526
    655.8254        1.4623
    655.8313        1.4627
    655.8371        1.4946
    655.8429        1.5444
    655.8488        1.5695
    655.8546        1.5812
    655.8604        1.5975
    655.8663        1.6161
    655.8721        1.6204
    655.8780        1.6180
    655.8838        1.6428
    655.8896        1.6798
    655.8955        1.6968
    655.9013        1.7054
    655.9071        1.7053
    655.9130        1.7016
    655.9188        1.6920
    655.9246        1.6801
    655.9305        1.6725
    655.9363        1.6663
    655.9422        1.6530
    655.9480        1.6374
    655.9538        1.6290
    655.9597        1.6226
    655.9655        1.5800
    655.9713        1.5275
    655.9772        1.5094
    655.9830        1.4995
    655.9888        1.4839
    655.9947        1.4669
    656.0005        1.4373
    656.0064        1.4050
    656.0122        1.3760
    656.0180        1.3475
    656.0239        1.3150
    656.0297        1.2820
    656.0355        1.2704
    656.0414        1.2617
    656.0472        1.2148
    656.0530        1.1635
    656.0589        1.1661
    656.0647        1.1742
    656.0706        1.1468
    656.0764        1.1166
    656.0822        1.1006
    656.0881        1.0854
    656.0939        1.0509
    656.0997        1.0156
    656.1056        0.9885
    656.1114        0.9616
    656.1172        0.9366
    656.1231        0.9116
    656.1289        0.9017
    656.1348        0.8910
    656.1406        0.8462
    656.1464        0.8016
    656.1523        0.7621
    656.1581        0.7228
    656.1639        0.6868
    656.1698        0.6505
    656.1756        0.6119
    656.1814        0.5730
    656.1873        0.5303
    656.1931        0.4881
    656.1990        0.4492
    656.2048        0.4122
    656.2106        0.3885
    656.2165        0.3663
    656.2223        0.3537
    656.2281        0.3395
    656.2340        0.3170
    656.2398        0.2997
    656.2456        0.3076
    656.2515        0.3126
    656.2573        0.3052
    656.2632        0.2998
    656.2690        0.3012
    656.2748        0.3016
    656.2807        0.2988
    656.2865        0.2974
    656.2923        0.3011
    656.2982        0.3071
    656.3040        0.3200
    656.3098        0.3384
    656.3157        0.3707
    656.3215        0.4048
    656.3274        0.4430
    656.3332        0.4825
    656.3390        0.5249
    656.3449        0.5707
    656.3507        0.6233
    656.3565        0.6713
    656.3624        0.7109
    656.3682        0.7497
    656.3740        0.7871
    656.3799        0.8231
    656.3857        0.8566
    656.3916        0.8820
    656.3974        0.8954
    656.4032        0.9128
    656.4091        0.9357
    656.4149        0.9640
    656.4207        0.9986
    656.4266        1.0285
    656.4324        1.0529
    656.4383        1.0870
    656.4441        1.1316
    656.4499        1.1714
    656.4558        1.2066
    656.4616        1.2384
    656.4674        1.2669
    656.4733        1.2902
    656.4791        1.3091
    656.4849        1.3350
    656.4908        1.3664
    656.4966        1.3903
    656.5025        1.4089
    656.5083        1.4257
    656.5141        1.4415
    656.5200        1.4540
    656.5258        1.4646
    656.5316        1.4869
    656.5375        1.5159
    656.5433        1.5312
    656.5491        1.5394
    656.5550        1.5549
    656.5608        1.5739
    656.5667        1.5791
    656.5725        1.5786
    656.5783        1.5814
    656.5842        1.5854
    656.5900        1.5911
    656.5958        1.5974
    656.6017        1.5949
    656.6075        1.5897
    656.6133        1.6001
    656.6192        1.6147
    656.6250        1.6083
    656.6309        1.5969
    656.6367        1.5920
    656.6425        1.5886
    656.6484        1.5583
    656.6542        1.5231
    656.6600        1.5077
    656.6659        1.4952
    656.6717        1.4831
    656.6775        1.4711
    656.6834        1.4467
    656.6892        1.4210
    656.6951        1.4268
    656.7009        1.4349
    656.7067        1.4030
    656.7126        1.3694
    656.7184        1.3692
    656.7242        1.3699
    656.7301        1.3611
    656.7359        1.3522
    656.7417        1.3333
    656.7476        1.3141
    656.7534        1.2880
    656.7593        1.2646
    656.7651        1.2787
    656.7709        1.2898
    656.7768        1.2692
    656.7826        1.2478
    656.7884        1.2196
    656.7943        1.1931
    656.8001        1.1773
    656.8059        1.1650
    656.8118        1.1718
    656.8176        1.1770
    656.8235        1.1752
    656.8293        1.1695
    656.8351        1.1495
    656.8410        1.1308
    656.8468        1.1166
    656.8526        1.1047
    656.8585        1.0999
    656.8643        1.0929
    656.8701        1.0800
    656.8760        1.0685
    656.8818        1.0601
    656.8877        1.0535
    656.8935        1.0509
    656.8993        1.0495
    656.9052        1.0503
    656.9110        1.0490
    656.9168        1.0441
    656.9227        1.0416
    656.9285        1.0431
    656.9343        1.0454
    656.9402        1.0490
    656.9460        1.0446
    656.9519        1.0304
    656.9577        1.0247
    656.9635        1.0287
    656.9694        1.0287
    656.9752        1.0248
    656.9810        1.0181
    656.9869        1.0087
    656.9927        1.0044
    656.9985        1.0047
    657.0044        1.0078
    657.0102        1.0132
    657.0161        1.0187
    657.0219        1.0241
    657.0277        1.0180
    657.0336        1.0047
    657.0394        0.9952
    657.0452        0.9879
    657.0511        0.9867
    657.0569        0.9885
    657.0627        0.9868
    657.0686        0.9836
    657.0744        0.9832
    657.0803        0.9839
    657.0861        0.9799
    657.0919        0.9742
    657.0978        0.9733
    657.1036        0.9738
    657.1094        0.9737
    657.1153        0.9734
    657.1211        0.9767
    657.1269        0.9807
    657.1328        0.9820
    657.1386        0.9828
    657.1445        0.9801
    657.1503        0.9769
    657.1561        0.9849
    657.1620        0.9942
    657.1678        0.9737
    657.1736        0.9506
    657.1795        0.9353
    657.1853        0.9203
    657.1911        0.9147
    657.1970        0.9095
    657.2028        0.8928
    657.2087        0.8768
    657.2145        0.8806
    657.2203        0.8847
    657.2262        0.8936
    657.2320        0.9027
    657.2378        0.9163
    657.2437        0.9295
    657.2495        0.9399
    657.2553        0.9486
    657.2612        0.9465
    657.2670        0.9449
    657.2729        0.9462
    657.2787        0.9470
    657.2845        0.9455
    657.2904        0.9418
    657.2962        0.9304
    657.3020        0.9249
    657.3079        0.9375
    657.3137        0.9460
    657.3195        0.9434
    657.3254        0.9445
    657.3312        0.9543
    657.3371        0.9565
    657.3429        0.9430
    657.3487        0.9334
    657.3546        0.9307
    657.3604        0.9323
    657.3662        0.9407
    657.3721        0.9455
    657.3779        0.9449
    657.3838        0.9513
    657.3896        0.9666
    657.3954        0.9674
    657.4013        0.9521
    657.4071        0.9469
    657.4129        0.9521
    657.4188        0.9518
    657.4246        0.9469
    657.4304        0.9409
    657.4363        0.9341
    657.4421        0.9366
    657.4480        0.9457
    657.4538        0.9385
    657.4596        0.9213
    657.4655        0.9038
    657.4713        0.8862
    657.4771        0.8681
    657.4830        0.8495
    657.4888        0.8587
    657.4946        0.8795
    657.5005        0.9008
    657.5063        0.9223
    657.5122        0.9290
    657.5180        0.9311
    657.5238        0.9418
    657.5297        0.9545
    657.5355        0.9531
    657.5413        0.9486
    657.5472        0.9445
    657.5530        0.9405
    657.5588        0.9469
    657.5647        0.9547
    657.5705        0.9625
    657.5764        0.9703
    657.5822        0.9722
    657.5880        0.9738
    657.5939        0.9755
    657.5997        0.9772
    657.6055        0.9796
    657.6114        0.9821
    657.6172        0.9864
    657.6230        0.9899
    657.6289        0.9789
    657.6347        0.9698
    657.6406        0.9783
    657.6464        0.9856
    657.6522        0.9845
    657.6581        0.9836
    657.6639        0.9831
    657.6697        0.9820
    657.6756        0.9784
    657.6814        0.9791
    657.6872        0.9954
    657.6931        1.0075
    657.6989        1.0076
    657.7048        1.0001
    657.7106        0.9733
    657.7164        0.9590
    657.7223        0.9719
    657.7281        0.9783
    657.7339        0.9719
    657.7398        0.9713
    657.7456        0.9798
    657.7514        0.9820
    657.7573        0.9749
    657.7631        0.9661
    657.7690        0.9551
    657.7748        0.9485
    657.7806        0.9464
    657.7865        0.9539
    657.7923        0.9706
    657.7981        0.9713
    657.8040        0.9585
    657.8098        0.9633
    657.8156        0.9812
    657.8215        0.9798
    657.8273        0.9661
    657.8332        0.9657
    657.8390        0.9729
    657.8448        0.9725
    657.8507        0.9682
    657.8565        0.9696
    657.8623        0.9733
    657.8682        0.9725
    657.8740        0.9699
    657.8798        0.9737
    657.8857        0.9792
    657.8915        0.9789
    657.8974        0.9772
    657.9032        0.9744
    657.9090        0.9713
    657.9149        0.9747
    657.9207        0.9789
    657.9265        0.9743
    657.9324        0.9688
    657.9382        0.9753
    657.9440        0.9825
    657.9499        0.9754
    657.9557        0.9680
    657.9616        0.9734
    657.9674        0.9788
    657.9732        0.9817
    657.9791        0.9842
    657.9849        0.9805
    657.9907        0.9784
    657.9966        0.9886
    658.0024        0.9946
    658.0082        0.9757
    658.0141        0.9637
    658.0199        0.9825
    658.0258        0.9956
    658.0316        0.9879
    658.0374        0.9813
    658.0433        0.9786
    658.0491        0.9738
    658.0549        0.9639
    658.0608        0.9574
    658.0666        0.9579
    658.0724        0.9621
    658.0783        0.9730
    658.0841        0.9735
    658.0900        0.9575
    658.0958        0.9520
    658.1016        0.9601
    658.1075        0.9668
    658.1133        0.9716
    658.1191        0.9782
    658.1250        0.9868
    658.1308        0.9957
    658.1366        1.0049
    658.1425        1.0046
    658.1483        0.9973
    658.1542        0.9946
    658.1600        0.9946
    658.1658        0.9894
    658.1717        0.9812
    658.1775        0.9828
    658.1833        0.9889
    658.1892        0.9936
    658.1950        0.9974
    658.2008        0.9946
    658.2067        0.9895
    658.2125        0.9818
    658.2184        0.9732
    658.2242        0.9733
    658.2300        0.9754
    658.2359        0.9862
    658.2417        0.9982
    658.2475        0.9877
    658.2534        0.9747
    658.2592        0.9804
    658.2651        0.9872
    658.2709        0.9834
    658.2767        0.9794
    658.2826        0.9827
    658.2884        0.9857
    658.2942        0.9804
    658.3001        0.9761
    658.3059        0.9837
    658.3117        0.9891
    658.3176        0.9787
    658.3234        0.9693
    658.3293        0.9657
    658.3351        0.9653
    658.3409        0.9784
    658.3468        0.9879
    658.3526        0.9864
    658.3584        0.9837
    658.3643        0.9780
    658.3701        0.9754
    658.3759        0.9797
    658.3818        0.9868
    658.3876        0.9990
    658.3935        1.0003
    658.3993        0.9843
    658.4051        0.9772
    658.4110        0.9814
    658.4168        0.9889
    658.4226        1.0001
    658.4285        1.0083
    658.4343        1.0136
    658.4401        1.0173
    658.4460        1.0196
    658.4518        1.0179
    658.4577        1.0134
    658.4635        1.0038
    658.4693        0.9910
    658.4752        0.9866
    658.4810        0.9864
    658.4868        0.9988
    658.4927        1.0162
    658.4985        0.9996
    658.5043        0.9710
    658.5102        0.9757
    658.5160        0.9897
    658.5219        0.9904
    658.5277        0.9882
    658.5335        0.9817
    658.5394        0.9746
    658.5452        0.9780
    658.5510        0.9827
    658.5569        0.9798
    658.5627        0.9765
    658.5685        0.9912
    658.5744        1.0062
    658.5802        1.0167
    658.5861        1.0255
    658.5919        1.0078
    658.5977        0.9914
    658.6036        0.9862
    658.6094        0.9829
    658.6152        0.9908
    658.6211        0.9968
    658.6269        0.9938
    658.6327        0.9873
    658.6386        0.9673
    658.6444        0.9527
    658.6503        0.9527
    658.6561        0.9474
    658.6619        0.9300
    658.6678        0.9238
    658.6736        0.9387
    658.6794        0.9549
    658.6853        0.9731
    658.6911        0.9835
    658.6969        0.9839
    658.7028        0.9876
    658.7086        0.9952
    658.7145        0.9946
    658.7203        0.9863
    658.7261        0.9872
    658.7320        0.9955
    658.7378        0.9978
    658.7436        0.9964
    658.7495        1.0013
    658.7553        1.0097
    658.7611        0.9975
    658.7670        0.9755
    658.7728        0.9813
    658.7787        0.9977
    658.7845        1.0050
    658.7903        1.0094
    658.7962        1.0009
    658.8020        0.9893
    658.8078        0.9791
    658.8137        0.9691
    658.8195        0.9872
    658.8253        1.0087
    658.8312        1.0030
    658.8370        0.9954
    658.8429        0.9943
    658.8487        0.9936
    658.8545        0.9991
    658.8604        1.0046
    658.8662        1.0080
    658.8720        1.0098
    658.8779        0.9962
    658.8837        0.9872
    658.8895        1.0047
    658.8954        1.0177
    658.9012        1.0119
    658.9071        1.0070
    658.9129        1.0046
    658.9187        1.0022
    658.9246        1.0003
    658.9304        1.0020
    658.9362        1.0110
    658.9421        1.0104
    658.9479        0.9935
    658.9537        0.9854
    658.9596        0.9901
    658.9654        0.9987
    658.9713        1.0122
    658.9771        1.0182
    658.9829        1.0163
    658.9888        1.0186
    658.9946        1.0242
    659.0004        1.0192
    659.0063        1.0067
    659.0121        1.0015
    659.0179        1.0005
    659.0238        0.9968
    659.0296        0.9921
    659.0355        0.9948
    659.0413        1.0004
    659.0471        1.0021
    659.0530        1.0027
    659.0588        1.0122
    659.0646        1.0238
    659.0705        1.0142
    659.0763        1.0012
    659.0821        1.0039
    659.0880        1.0082
    659.0938        0.9895
    659.0997        0.9697
    659.1055        0.9947
    659.1113        1.0187
    659.1172        1.0147
    659.1230        1.0104
    659.1288        1.0023
    659.1347        0.9958
    659.1405        0.9996
    659.1463        1.0037
    659.1522        1.0094
    659.1580        1.0130
    659.1639        1.0092
    659.1697        1.0062
    659.1755        1.0052
    659.1814        1.0047
    659.1872        1.0055
    659.1930        1.0022
    659.1989        0.9912
    659.2047        0.9897
    659.2106        1.0021
    659.2164        1.0094
    659.2222        1.0107
    659.2281        1.0149
    659.2339        1.0218
    659.2397        1.0220
    659.2456        1.0167
    659.2514        1.0079
    659.2572        0.9968
    659.2631        0.9985
    659.2689        1.0072
    659.2748        0.9951
    659.2806        0.9734
    659.2864        0.9828
    659.2923        1.0033
    659.2981        1.0058
    659.3039        1.0035
    659.3098        1.0041
    659.3156        1.0054
    659.3214        0.9875
    659.3273        0.9670
    659.3331        0.9759
    659.3390        0.9872
    659.3448        1.0066
    659.3506        1.0253
    659.3565        1.0093
    659.3623        0.9948
    659.3681        1.0005
    659.3740        1.0055
    659.3798        1.0071
    659.3856        1.0080
    659.3915        1.0052
    659.3973        1.0007
    659.4032        0.9897
    659.4090        0.9834
    659.4148        0.9900
    659.4207        0.9934
    659.4265        0.9903
    659.4323        0.9882
    659.4382        0.9882
    659.4440        0.9854
    659.4498        0.9787
    659.4557        0.9858
    659.4615        1.0088
    659.4674        1.0195
    659.4732        1.0179
    659.4790        1.0175
    659.4849        1.0180
    659.4907        1.0208
    659.4965        1.0250
    659.5024        1.0182
    659.5082        1.0058
    659.5140        1.0061
    659.5199        1.0115
    659.5257        1.0078
    659.5316        1.0011
    659.5374        1.0010
    659.5432        1.0026
    659.5491        1.0041
    659.5549        1.0055
    659.5607        1.0036
    659.5666        1.0013
    659.5724        0.9973
    659.5782        0.9932
    659.5841        0.9967
    659.5899        1.0003
    659.5958        1.0064
    659.6016        1.0117
    659.6074        1.0095
    659.6133        1.0070
    659.6191        1.0034
    659.6249        0.9996
    659.6308        0.9950
    659.6366        0.9919
    659.6424        0.9924
    659.6483        0.9954
    659.6541        1.0042
    659.6600        1.0081
    659.6658        1.0032
    659.6716        0.9998
    659.6775        0.9989
    659.6833        0.9984
    659.6891        0.9984
    659.6950        0.9961
    659.7008        0.9914
    659.7066        0.9891
    659.7125        0.9886
    659.7183        0.9833
    659.7242        0.9749
    659.7300        0.9816
    659.7358        0.9957
    659.7417        1.0056
    659.7475        1.0138
    659.7533        1.0144
    659.7592        1.0128
    659.7650        1.0158
    659.7708        1.0197
    659.7767        1.0167
    659.7825        1.0127
    659.7884        1.0029
    659.7942        0.9928
    659.8000        0.9957
    659.8059        0.9987
    659.8117        0.9966
    659.8175        0.9951
    659.8234        1.0011
    659.8292        1.0044
    659.8350        0.9910
    659.8409        0.9815
    659.8467        0.9883
    659.8526        0.9948
    659.8584        1.0009
    659.8642        1.0051
    659.8701        1.0049
    659.8759        1.0009
    659.8817        0.9893
    659.8876        0.9901
    659.8934        1.0088
    659.8992        1.0136
    659.9051        1.0024
    659.9109        0.9971
    659.9168        0.9975
    659.9226        0.9910
    659.9284        0.9792
    659.9343        0.9744
    659.9401        0.9741
    659.9459        0.9721
    659.9518        0.9690
    659.9576        0.9661
    659.9634        0.9631
    659.9693        0.9748
    659.9751        0.9906
    659.9810        0.9914
    659.9868        0.9893
    659.9926        0.9994
    659.9985        1.0111
    660.0043        1.0052
    660.0101        0.9982
    660.0160        1.0044
    660.0218        1.0104
    660.0276        1.0100
    660.0335        1.0081
    660.0393        0.9938
    660.0452        0.9836
    660.0510        0.9944
    660.0568        1.0042
    660.0627        1.0100
    660.0685        1.0122
    660.0743        1.0050
    660.0802        0.9968
    660.0860        0.9867
    660.0919        0.9854
    660.0977        0.9978
    660.1035        1.0050
    660.1094        1.0054
    660.1152        1.0033
    660.1210        0.9986
    660.1269        0.9973
    660.1327        0.9988
    660.1385        0.9963
    660.1444        0.9912
    660.1502        0.9938
    660.1561        1.0003
    660.1619        1.0003
    660.1677        0.9977
    660.1736        0.9908
    660.1794        0.9827
    660.1852        0.9853
    660.1911        0.9901
    660.1969        0.9894
    660.2027        0.9879
    660.2086        0.9887
    660.2144        0.9897
    660.2203        0.9905
    660.2261        0.9917
    660.2319        0.9960
    660.2378        0.9996
    660.2436        0.9978
    660.2494        0.9975
    660.2553        1.0046
    660.2611        1.0079
    660.2669        0.9985
    660.2728        0.9931
    660.2786        0.9978
    660.2845        1.0048
    660.2903        1.0161
    660.2961        1.0205
    660.3020        1.0145
    660.3078        1.0035
    660.3136        0.9865
    660.3195        0.9887
    660.3253        1.0090
    660.3311        1.0050
    660.3370        0.9832
    660.3428        0.9768
    660.3487        0.9794
    660.3545        0.9901
    660.3603        1.0045
    660.3662        1.0096
    660.3720        1.0114
    660.3778        1.0019
    660.3837        0.9897
    660.3895        0.9972
    660.3953        1.0080
    660.4012        1.0154
    660.4070        1.0223
    660.4129        1.0144
    660.4187        1.0071
    660.4245        1.0239
    660.4304        1.0381
    660.4362        1.0282
    660.4420        1.0177
    660.4479        1.0034
    660.4537        0.9919
    660.4595        0.9907
    660.4654        0.9936
    660.4712        1.0070
    660.4771        1.0166
    660.4829        1.0183
    660.4887        1.0197
    660.4946        1.0204
    660.5004        1.0107
    660.5062        0.9884
    660.5121        0.9767
    660.5179        0.9751
    660.5237        0.9912
    660.5296        1.0206
    660.5354        1.0213
    660.5413        1.0052
    660.5471        0.9921
    660.5529        0.9805
    660.5588        0.9827
    660.5646        0.9895
    660.5704        0.9910
    660.5763        0.9911
    660.5821        0.9938
    660.5879        0.9969
    660.5938        0.9995
    660.5996        1.0022
    660.6055        0.9968
    660.6113        0.9915
    660.6171        0.9875
    660.6230        0.9847
    660.6288        0.9904
    660.6346        0.9955
    660.6405        0.9972
    660.6463        0.9997
    660.6521        1.0049
    660.6580        1.0082
    660.6638        1.0070
    660.6697        1.0040
    660.6755        0.9972
    660.6813        0.9903
    660.6872        0.9830
    660.6930        0.9878
    660.6988        1.0059
    660.7047        1.0134
    660.7105        1.0116
    660.7163        1.0082
    660.7222        1.0034
    660.7280        1.0007
    660.7339        0.9989
    660.7397        1.0020
    660.7455        1.0070
    660.7514        1.0036
    660.7572        0.9979
    660.7630        1.0109
    660.7689        1.0273
    660.7747        1.0234
    660.7805        1.0175
    660.7864        1.0116
    660.7922        1.0057
    660.7981        1.0030
    660.8039        1.0003
    660.8097        0.9973
    660.8156        0.9951
    660.8214        0.9974
    660.8272        0.9983
    660.8331        0.9939
    660.8389        0.9944
    660.8447        1.0073
    660.8506        1.0153
    660.8564        1.0142
    660.8623        1.0146
    660.8681        1.0166
    660.8739        1.0123
    660.8798        1.0011
    660.8856        0.9903
    660.8914        0.9797
    660.8973        0.9878
    660.9031        1.0081
    660.9089        1.0202
    660.9148        1.0281
    660.9206        1.0140
    660.9265        0.9917
    660.9323        0.9882
    660.9381        0.9897
    660.9440        0.9981
    660.9498        1.0075
    660.9556        1.0039
    660.9615        0.9990
    660.9673        1.0004
    660.9732        1.0027
    660.9790        1.0179
    660.9848        1.0302
    660.9907        1.0210
    660.9965        1.0129
    661.0023        1.0111
    661.0082        1.0043
    661.0140        0.9828
    661.0198        0.9739
    661.0257        0.9940
    661.0315        0.9985
    661.0374        0.9764
    661.0432        0.9723
    661.0490        0.9913
    661.0549        0.9999
    661.0607        0.9981
    661.0665        0.9955
    661.0724        0.9925
    661.0782        0.9934
    661.0840        0.9966
    661.0899        0.9992
    661.0957        1.0015
    661.1016        0.9991
    661.1074        0.9953
    661.1132        0.9989
    661.1191        1.0041
    661.1249        0.9985
    661.1307        0.9914
    661.1366        0.9919
    661.1424        0.9926
    661.1482        0.9916
    661.1541        0.9919
    661.1599        1.0034
    661.1658        1.0135
    661.1716        1.0159
    661.1774        1.0136
    661.1833        0.9949
    661.1891        0.9833
    661.1949        0.9885
    661.2008        0.9913
    661.2066        0.9897
    661.2124        0.9883
    661.2183        0.9871
    661.2241        0.9862
    661.2300        0.9854
    661.2358        0.9885
    661.2416        0.9947
    661.2475        0.9877
    661.2533        0.9728
    661.2591        0.9767
    661.2650        0.9891
    661.2708        0.9867
    661.2766        0.9795
    661.2825        0.9828
    661.2883        0.9884
    661.2942        0.9900
    661.3000        0.9911
    661.3058        0.9983
    661.3117        1.0059
    661.3175        1.0166
    661.3233        1.0254
    661.3292        1.0141
    661.3350        1.0036
    661.3408        0.9984
    661.3467        0.9952
    661.3525        0.9992
    661.3584        1.0032
    661.3642        1.0072
    661.3700        1.0098
    661.3759        1.0098
    661.3817        1.0071
    661.3875        1.0012
    661.3934        0.9940
    661.3992        0.9855
    661.4050        0.9834
    661.4109        0.9862
    661.4167        0.9948
    661.4226        1.0065
    661.4284        1.0075
    661.4342        1.0040
    661.4401        0.9895
    661.4459        0.9720
    661.4517        0.9775
    661.4576        0.9872
    661.4634        0.9760
    661.4692        0.9629
    661.4751        0.9660
    661.4809        0.9693
    661.4868        0.9704
    661.4926        0.9726
    661.4984        0.9836
    661.5043        0.9934
    661.5101        0.9977
    661.5159        1.0049
    661.5218        1.0199
    661.5276        1.0221
    661.5334        0.9987
    661.5393        0.9815
    661.5451        0.9735
    661.5510        0.9775
    661.5568        0.9948
    661.5626        1.0050
    661.5685        1.0094
    661.5743        0.9972
    661.5801        0.9744
    661.5860        0.9748
    661.5918        0.9861
    661.5976        1.0004
    661.6035        1.0157
    661.6093        1.0110
    661.6152        1.0020
    661.6210        1.0082
    661.6268        1.0162
    661.6327        1.0082
    661.6385        1.0001
    661.6443        1.0078
    661.6502        1.0142
    661.6560        1.0087
    661.6618        1.0045
    661.6677        1.0061
    661.6735        1.0059
    661.6794        1.0000
    661.6852        0.9948
    661.6910        0.9915
    661.6969        0.9903
    661.7027        0.9923
    661.7085        0.9942
    661.7144        0.9956
    661.7202        1.0021
    661.7260        1.0132
    661.7319        1.0089
    661.7377        0.9947
    661.7436        0.9863
    661.7494        0.9809
    661.7552        0.9894
    661.7611        1.0024
    661.7669        1.0028
    661.7727        1.0004
    661.7786        0.9948
    661.7844        0.9888
    661.7902        1.0004
    661.7961        1.0114
    661.8019        0.9966
    661.8078        0.9833
    661.8136        0.9815
    661.8194        0.9826
    661.8253        0.9964
    661.8311        1.0061
    661.8369        1.0045
    661.8428        1.0001
    661.8486        0.9895
    661.8544        0.9859
    661.8603        0.9925
    661.8661        0.9974
    661.8720        1.0006
    661.8778        0.9969
    661.8836        0.9877
    661.8895        0.9745
    661.8953        0.9590
    661.9011        0.9687
    661.9070        0.9893
    661.9128        1.0014
    661.9187        1.0109
    661.9245        1.0063
    661.9303        0.9992
    661.9362        0.9916
    661.9420        0.9840
    661.9478        0.9838
    661.9537        0.9839
    661.9595        0.9882
    661.9653        0.9934
    661.9712        1.0033
    661.9770        1.0082
    661.9829        0.9951
    661.9887        0.9873
    661.9945        0.9931
    662.0004        0.9949
    662.0062        0.9898
    662.0120        0.9869
    662.0179        0.9868
    662.0237        0.9934
    662.0295        1.0061
    662.0354        1.0053
    662.0412        0.9948
    662.0471        0.9811
    662.0529        0.9658
    662.0587        0.9794
    662.0646        1.0033
    662.0704        1.0070
    662.0762        1.0060
    662.0821        1.0043
    662.0879        1.0025
    662.0937        0.9837
    662.0996        0.9653
    662.1054        0.9759
    662.1113        0.9847
    662.1171        0.9777
    662.1229        0.9705
    662.1288        0.9627
    662.1346        0.9580
    662.1404        0.9620
    662.1463        0.9658
    662.1521        0.9693
    662.1579        0.9775
    662.1638        0.9922
    662.1696        0.9935
    662.1755        0.9812
    662.1813        0.9775
    662.1871        0.9804
    662.1930        0.9906
    662.1988        1.0049
    662.2046        1.0041
    662.2105        0.9975
    662.2163        0.9893
    662.2221        0.9809
    662.2280        0.9801
    662.2338        0.9805
    662.2397        0.9936
    662.2455        1.0069
    662.2513        1.0100
    662.2572        1.0105
    662.2630        0.9892
    662.2688        0.9747
    662.2747        0.9908
    662.2805        1.0007
    662.2863        0.9926
    662.2922        0.9904
    662.2980        0.9998
    662.3039        1.0024
    662.3097        0.9957
    662.3155        0.9929
    662.3214        0.9940
    662.3272        0.9968
    662.3330        1.0008
    662.3389        0.9983
    662.3447        0.9921
    662.3505        0.9931
    662.3564        0.9968
    662.3622        1.0065
    662.3681        1.0175
    662.3739        1.0249
    662.3797        1.0318
    662.3856        1.0148
    662.3914        0.9972
    662.3972        0.9922
    662.4031        0.9870
    662.4089        0.9801
    662.4147        0.9792
    662.4206        1.0026
    662.4264        1.0139
    662.4323        0.9932
    662.4381        0.9816
    662.4439        0.9867
    662.4498        0.9945
    662.4556        1.0057
    662.4614        1.0152
    662.4673        1.0230
    662.4731        1.0105
    662.4789        0.9843
    662.4848        0.9884
    662.4906        1.0075
    662.4965        1.0168
    662.5023        1.0229
    662.5081        1.0181
    662.5140        1.0109
    662.5198        0.9965
    662.5256        0.9815
    662.5315        0.9854
    662.5373        0.9887
    662.5431        0.9833
    662.5490        0.9811
    662.5548        0.9972
    662.5607        1.0079
    662.5665        1.0005
    662.5723        0.9959
    662.5782        0.9975
    662.5840        0.9983
    662.5898        0.9979
    662.5957        0.9947
    662.6015        0.9886
    662.6073        0.9871
    662.6132        0.9895
    662.6190        0.9880
    662.6249        0.9842
    662.6307        0.9857
    662.6365        0.9893
    662.6424        0.9859
    662.6482        0.9808
    662.6540        0.9640
    662.6599        0.9458
    662.6657        0.9455
    662.6715        0.9466
    662.6774        0.9612
    662.6832        0.9743
    662.6891        0.9763
    662.6949        0.9764
    662.7007        0.9688
    662.7066        0.9630
    662.7124        0.9619
    662.7182        0.9630
    662.7241        0.9681
    662.7299        0.9745
    662.7357        0.9823
    662.7416        0.9826
    662.7474        0.9760
    662.7533        0.9787
    662.7591        0.9875
    662.7649        1.0108
    662.7708        1.0408
    662.7766        1.0245
    662.7824        0.9948
    662.7883        0.9959
    662.7941        1.0023
    662.8000        1.0114
    662.8058        1.0204
    662.8116        1.0062
    662.8175        0.9942
    662.8233        1.0014
    662.8291        1.0050
    662.8350        0.9929
    662.8408        0.9885
    662.8466        1.0048
    662.8525        1.0103
    662.8583        0.9959
    662.8642        0.9844
    662.8700        0.9767
    662.8758        0.9899
    662.8817        1.0224
    662.8875        1.0261
    662.8933        1.0111
    662.8992        1.0047
    662.9050        1.0024
    662.9108        1.0085
    662.9167        1.0170
    662.9225        1.0037
    662.9284        0.9866
    662.9342        1.0027
    662.9400        1.0202
    662.9459        1.0006
    662.9517        0.9843
    662.9575        0.9947
    662.9634        0.9999
    662.9692        0.9825
    662.9750        0.9746
    662.9809        0.9920
    662.9867        1.0023
    662.9926        0.9993
    662.9984        1.0056
    663.0042        1.0233
    663.0101        1.0297
    663.0159        1.0265
    663.0217        1.0205
    663.0276        1.0130
    663.0334        1.0181
    663.0392        1.0285
    663.0451        1.0173
    663.0509        0.9998
    663.0568        1.0026
    663.0626        1.0084
    663.0684        1.0174
    663.0743        1.0261
    663.0801        1.0226
    663.0859        1.0206
    663.0918        1.0286
    663.0976        1.0285
    663.1034        0.9974
    663.1093        0.9806
    663.1151        0.9977
    663.1210        1.0086
    663.1268        1.0094
    663.1326        1.0112
    663.1385        1.0141
    663.1443        1.0128
    663.1501        1.0083
    663.1560        1.0046
    663.1618        1.0013
    663.1676        1.0089
    663.1735        1.0205
    663.1793        1.0242
    663.1852        1.0261
    663.1910        1.0199
    663.1968        1.0125
    663.2027        1.0052
    663.2085        0.9988
    663.2143        1.0049
    663.2202        1.0111
    663.2260        1.0172
    663.2318        1.0192
    663.2377        1.0078
    663.2435        1.0030
    663.2494        1.0117
    663.2552        1.0192
    663.2610        1.0253
    663.2669        1.0298
    663.2727        1.0327
    663.2785        1.0355
    663.2844        1.0383
    663.2902        1.0409
    663.2960        1.0436
    663.3019        1.0617
    663.3077        1.0845
    663.3136        0.8038
    663.3194        0.4726
