    649.1909        0.9995
    649.1967        1.0087
    649.2026        1.0186
    649.2084        1.0179
    649.2142        1.0146
    649.2201        1.0136
    649.2259        1.0129
    649.2318        1.0118
    649.2376        1.0088
    649.2434        1.0011
    649.2493        0.9915
    649.2551        0.9851
    649.2609        0.9805
    649.2668        0.9749
    649.2726        0.9686
    649.2784        0.9621
    649.2843        0.9556
    649.2901        0.9494
    649.2960        0.9440
    649.3018        0.9431
    649.3076        0.9467
    649.3135        0.9533
    649.3193        0.9636
    649.3251        0.9690
    649.3310        0.9676
    649.3368        0.9707
    649.3426        0.9795
    649.3485        0.9884
    649.3543        0.9983
    649.3602        1.0058
    649.3660        1.0098
    649.3718        1.0092
    649.3777        1.0012
    649.3835        0.9975
    649.3893        1.0042
    649.3952        1.0102
    649.4010        1.0113
    649.4068        1.0109
    649.4127        1.0099
    649.4185        1.0080
    649.4244        1.0050
    649.4302        1.0010
    649.4360        0.9963
    649.4419        0.9923
    649.4477        0.9918
    649.4535        0.9935
    649.4594        0.9959
    649.4652        0.9984
    649.4710        0.9984
    649.4769        0.9974
    649.4827        0.9996
    649.4886        1.0039
    649.4944        1.0076
    649.5002        1.0102
    649.5061        1.0089
    649.5119        1.0033
    649.5177        1.0004
    649.5236        1.0000
    649.5294        0.9972
    649.5353        0.9916
    649.5411        0.9886
    649.5469        0.9895
    649.5528        0.9820
    649.5586        0.9636
    649.5644        0.9507
    649.5703        0.9457
    649.5761        0.9403
    649.5819        0.9344
    649.5878        0.9313
    649.5936        0.9316
    649.5995        0.9362
    649.6053        0.9468
    649.6111        0.9575
    649.6170        0.9652
    649.6228        0.9735
    649.6286        0.9843
    649.6345        0.9937
    649.6403        0.9985
    649.6461        1.0016
    649.6520        1.0052
    649.6578        1.0084
    649.6637        1.0105
    649.6695        1.0114
    649.6753        1.0108
    649.6812        1.0100
    649.6870        1.0125
    649.6928        1.0161
    649.6987        1.0149
    649.7045        1.0104
    649.7103        1.0074
    649.7162        1.0049
    649.7220        0.9994
    649.7279        0.9919
    649.7337        0.9890
    649.7395        0.9904
    649.7454        0.9898
    649.7512        0.9875
    649.7570        0.9825
    649.7629        0.9731
    649.7687        0.9704
    649.7745        0.9757
    649.7804        0.9812
    649.7862        0.9872
    649.7921        0.9925
    649.7979        0.9957
    649.8037        0.9988
    649.8096        1.0012
    649.8154        1.0048
    649.8212        1.0115
    649.8271        1.0127
    649.8329        1.0033
    649.8387        0.9974
    649.8446        1.0024
    649.8504        1.0094
    649.8563        1.0150
    649.8621        1.0170
    649.8679        1.0112
    649.8738        1.0037
    649.8796        1.0001
    649.8854        0.9996
    649.8913        1.0030
    649.8971        1.0078
    649.9029        1.0096
    649.9088        1.0096
    649.9146        1.0104
    649.9205        1.0113
    649.9263        1.0116
    649.9321        1.0109
    649.9380        1.0076
    649.9438        1.0027
    649.9496        1.0015
    649.9555        1.0034
    649.9613        1.0022
    649.9671        0.9982
    649.9730        0.9960
    649.9788        0.9954
    649.9847        0.9961
    649.9905        0.9991
    649.9963        0.9995
    650.0022        0.9960
    650.0080        0.9962
    650.0138        1.0007
    650.0197        1.0050
    650.0255        1.0091
    650.0313        1.0129
    650.0372        1.0159
    650.0430        1.0163
    650.0489        1.0130
    650.0547        1.0080
    650.0605        1.0011
    650.0664        0.9973
    650.0722        1.0002
    650.0780        1.0029
    650.0839        1.0013
    650.0897        1.0005
    650.0955        1.0038
    650.1014        1.0078
    650.1072        1.0102
    650.1131        1.0119
    650.1189        1.0135
    650.1247        1.0135
    650.1306        1.0084
    650.1364        1.0032
    650.1422        1.0067
    650.1481        1.0125
    650.1539        1.0065
    650.1597        0.9945
    650.1656        0.9911
    650.1714        0.9939
    650.1773        0.9951
    650.1831        0.9960
    650.1889        0.9992
    650.1948        1.0039
    650.2006        1.0067
    650.2064        1.0073
    650.2123        1.0077
    650.2181        1.0072
    650.2239        1.0095
    650.2298        1.0152
    650.2356        1.0156
    650.2415        1.0102
    650.2473        1.0034
    650.2531        0.9937
    650.2590        0.9902
    650.2648        0.9966
    650.2706        0.9987
    650.2765        0.9945
    650.2823        0.9914
    650.2881        0.9897
    650.2940        0.9910
    650.2998        0.9974
    650.3057        1.0018
    650.3115        1.0009
    650.3173        0.9999
    650.3232        1.0004
    650.3290        1.0013
    650.3348        1.0021
    650.3407        1.0021
    650.3465        1.0005
    650.3523        0.9985
    650.3582        0.9978
    650.3640        0.9962
    650.3699        0.9905
    650.3757        0.9853
    650.3815        0.9874
    650.3874        0.9927
    650.3932        0.9933
    650.3990        0.9920
    650.4049        0.9944
    650.4107        0.9977
    650.4165        0.9943
    650.4224        0.9864
    650.4282        0.9823
    650.4341        0.9818
    650.4399        0.9822
    650.4457        0.9843
    650.4516        0.9878
    650.4574        0.9924
    650.4632        0.9969
    650.4691        1.0013
    650.4749        1.0026
    650.4808        1.0001
    650.4866        0.9979
    650.4924        0.9961
    650.4983        0.9934
    650.5041        0.9893
    650.5099        0.9903
    650.5158        0.9988
    650.5216        1.0028
    650.5274        1.0000
    650.5333        0.9972
    650.5391        0.9946
    650.5450        0.9931
    650.5508        0.9941
    650.5566        0.9940
    650.5625        0.9909
    650.5683        0.9908
    650.5741        0.9978
    650.5800        1.0044
    650.5858        1.0065
    650.5916        1.0077
    650.5975        1.0106
    650.6033        1.0132
    650.6092        1.0147
    650.6150        1.0144
    650.6208        1.0108
    650.6267        1.0068
    650.6325        1.0065
    650.6383        1.0063
    650.6442        0.9987
    650.6500        0.9899
    650.6558        0.9926
    650.6617        1.0014
    650.6675        1.0031
    650.6734        1.0001
    650.6792        0.9972
    650.6850        0.9948
    650.6909        0.9985
    650.6967        1.0072
    650.7025        1.0086
    650.7084        1.0035
    650.7142        1.0026
    650.7200        1.0055
    650.7259        1.0065
    650.7317        1.0062
    650.7376        1.0045
    650.7434        1.0011
    650.7492        1.0003
    650.7551        1.0029
    650.7609        1.0038
    650.7667        1.0030
    650.7726        1.0009
    650.7784        0.9963
    650.7842        0.9936
    650.7901        0.9936
    650.7959        0.9955
    650.8018        1.0004
    650.8076        1.0035
    650.8134        1.0028
    650.8193        1.0006
    650.8251        0.9971
    650.8309        0.9933
    650.8368        0.9899
    650.8426        0.9883
    650.8484        0.9906
    650.8543        0.9903
    650.8601        0.9824
    650.8660        0.9751
    650.8718        0.9756
    650.8776        0.9780
    650.8835        0.9776
    650.8893        0.9781
    650.8951        0.9840
    650.9010        0.9917
    650.9068        0.9966
    650.9126        1.0000
    650.9185        1.0039
    650.9243        1.0078
    650.9302        1.0113
    650.9360        1.0138
    650.9418        1.0131
    650.9477        1.0103
    650.9535        1.0091
    650.9593        1.0092
    650.9652        1.0094
    650.9710        1.0099
    650.9768        1.0106
    650.9827        1.0113
    650.9885        1.0118
    650.9944        1.0119
    651.0002        1.0114
    651.0060        1.0101
    651.0119        1.0089
    651.0177        1.0076
    651.0235        1.0077
    651.0294        1.0095
    651.0352        1.0128
    651.0410        1.0187
    651.0469        1.0186
    651.0527        1.0100
    651.0586        1.0037
    651.0644        1.0011
    651.0702        1.0015
    651.0761        1.0070
    651.0819        1.0118
    651.0877        1.0136
    651.0936        1.0156
    651.0994        1.0188
    651.1052        1.0190
    651.1111        1.0142
    651.1169        1.0100
    651.1228        1.0092
    651.1286        1.0108
    651.1344        1.0149
    651.1403        1.0184
    651.1461        1.0189
    651.1519        1.0146
    651.1578        1.0020
    651.1636        0.9896
    651.1694        0.9872
    651.1753        0.9903
    651.1811        0.9948
    651.1870        0.9983
    651.1928        0.9953
    651.1986        0.9888
    651.2045        0.9842
    651.2103        0.9810
    651.2161        0.9790
    651.2220        0.9792
    651.2278        0.9838
    651.2336        0.9913
    651.2395        0.9963
    651.2453        0.9991
    651.2512        1.0004
    651.2570        1.0003
    651.2628        1.0039
    651.2687        1.0108
    651.2745        1.0135
    651.2803        1.0121
    651.2862        1.0126
    651.2920        1.0147
    651.2978        1.0158
    651.3037        1.0158
    651.3095        1.0173
    651.3154        1.0202
    651.3212        1.0226
    651.3270        1.0248
    651.3329        1.0239
    651.3387        1.0188
    651.3445        1.0158
    651.3504        1.0159
    651.3562        1.0156
    651.3621        1.0153
    651.3679        1.0123
    651.3737        1.0049
    651.3796        0.9996
    651.3854        0.9982
    651.3912        0.9985
    651.3971        1.0015
    651.4029        1.0004
    651.4087        0.9906
    651.4146        0.9822
    651.4204        0.9806
    651.4263        0.9791
    651.4321        0.9743
    651.4379        0.9688
    651.4438        0.9642
    651.4496        0.9601
    651.4554        0.9570
    651.4613        0.9542
    651.4671        0.9509
    651.4729        0.9480
    651.4788        0.9454
    651.4846        0.9458
    651.4905        0.9531
    651.4963        0.9646
    651.5021        0.9758
    651.5080        0.9859
    651.5138        0.9930
    651.5196        0.9973
    651.5255        0.9998
    651.5313        1.0008
    651.5371        1.0021
    651.5430        1.0026
    651.5488        0.9969
    651.5547        0.9866
    651.5605        0.9813
    651.5663        0.9803
    651.5722        0.9784
    651.5780        0.9760
    651.5838        0.9737
    651.5897        0.9711
    651.5955        0.9674
    651.6013        0.9624
    651.6072        0.9532
    651.6130        0.9388
    651.6189        0.9317
    651.6247        0.9333
    651.6305        0.9334
    651.6364        0.9328
    651.6422        0.9264
    651.6480        0.9118
    651.6539        0.9002
    651.6597        0.8928
    651.6655        0.8915
    651.6714        0.8998
    651.6772        0.9103
    651.6831        0.9222
    651.6889        0.9326
    651.6947        0.9386
    651.7006        0.9468
    651.7064        0.9594
    651.7122        0.9712
    651.7181        0.9813
    651.7239        0.9861
    651.7297        0.9814
    651.7356        0.9789
    651.7414        0.9856
    651.7473        0.9944
    651.7531        1.0021
    651.7589        1.0069
    651.7648        1.0058
    651.7706        1.0022
    651.7764        0.9987
    651.7823        0.9960
    651.7881        0.9962
    651.7939        0.9957
    651.7998        0.9901
    651.8056        0.9838
    651.8115        0.9831
    651.8173        0.9869
    651.8231        0.9951
    651.8290        1.0036
    651.8348        1.0030
    651.8406        0.9974
    651.8465        0.9962
    651.8523        0.9978
    651.8581        0.9992
    651.8640        1.0002
    651.8698        1.0004
    651.8757        0.9990
    651.8815        0.9930
    651.8873        0.9837
    651.8932        0.9795
    651.8990        0.9798
    651.9048        0.9782
    651.9107        0.9751
    651.9165        0.9731
    651.9223        0.9722
    651.9282        0.9690
    651.9340        0.9631
    651.9399        0.9649
    651.9457        0.9764
    651.9515        0.9801
    651.9574        0.9748
    651.9632        0.9733
    651.9690        0.9754
    651.9749        0.9798
    651.9807        0.9876
    651.9865        0.9969
    651.9924        1.0086
    651.9982        1.0144
    652.0041        1.0110
    652.0099        1.0093
    652.0157        1.0117
    652.0216        1.0112
    652.0274        1.0059
    652.0332        1.0041
    652.0391        1.0095
    652.0449        1.0110
    652.0507        1.0038
    652.0566        0.9997
    652.0624        1.0046
    652.0683        1.0076
    652.0741        1.0036
    652.0799        1.0005
    652.0858        1.0025
    652.0916        1.0057
    652.0974        1.0083
    652.1033        1.0093
    652.1091        1.0067
    652.1149        1.0032
    652.1208        1.0007
    652.1266        0.9992
    652.1325        0.9979
    652.1383        0.9977
    652.1441        0.9992
    652.1500        1.0007
    652.1558        1.0007
    652.1616        1.0006
    652.1675        1.0025
    652.1733        1.0054
    652.1791        1.0077
    652.1850        1.0084
    652.1908        1.0057
    652.1967        1.0004
    652.2025        0.9948
    652.2083        0.9899
    652.2142        0.9891
    652.2200        0.9915
    652.2258        0.9905
    652.2317        0.9879
    652.2375        0.9909
    652.2434        0.9980
    652.2492        1.0014
    652.2550        1.0013
    652.2609        1.0017
    652.2667        1.0020
    652.2725        1.0025
    652.2784        1.0037
    652.2842        1.0026
    652.2900        0.9996
    652.2959        0.9987
    652.3017        1.0003
    652.3076        0.9997
    652.3134        0.9973
    652.3192        0.9918
    652.3251        0.9819
    652.3309        0.9761
    652.3367        0.9765
    652.3426        0.9725
    652.3484        0.9625
    652.3542        0.9578
    652.3601        0.9600
    652.3659        0.9620
    652.3718        0.9640
    652.3776        0.9626
    652.3834        0.9556
    652.3893        0.9509
    652.3951        0.9503
    652.4009        0.9540
    652.4068        0.9643
    652.4126        0.9734
    652.4184        0.9781
    652.4243        0.9835
    652.4301        0.9910
    652.4360        0.9991
    652.4418        1.0075
    652.4476        1.0128
    652.4535        1.0125
    652.4593        1.0095
    652.4651        1.0052
    652.4710        1.0020
    652.4768        1.0030
    652.4826        1.0042
    652.4885        1.0024
    652.4943        1.0008
    652.5002        1.0021
    652.5060        1.0054
    652.5118        1.0113
    652.5177        1.0143
    652.5235        1.0065
    652.5293        0.9961
    652.5352        0.9935
    652.5410        0.9954
    652.5468        0.9983
    652.5527        1.0011
    652.5585        1.0009
    652.5644        0.9989
    652.5702        0.9968
    652.5760        0.9959
    652.5819        0.9995
    652.5877        1.0050
    652.5935        1.0056
    652.5994        1.0030
    652.6052        1.0038
    652.6110        1.0059
    652.6169        1.0022
    652.6227        0.9950
    652.6286        0.9945
    652.6344        0.9995
    652.6402        1.0046
    652.6461        1.0093
    652.6519        1.0079
    652.6577        1.0004
    652.6636        0.9958
    652.6694        0.9943
    652.6752        0.9954
    652.6811        0.9995
    652.6869        1.0040
    652.6928        1.0087
    652.6986        1.0090
    652.7044        1.0038
    652.7103        1.0021
    652.7161        1.0043
    652.7219        1.0044
    652.7278        1.0027
    652.7336        0.9994
    652.7394        0.9932
    652.7453        0.9908
    652.7511        0.9943
    652.7570        0.9922
    652.7628        0.9819
    652.7686        0.9782
    652.7745        0.9840
    652.7803        0.9882
    652.7861        0.9894
    652.7920        0.9913
    652.7978        0.9943
    652.8036        0.9936
    652.8095        0.9866
    652.8153        0.9849
    652.8212        0.9929
    652.8270        0.9983
    652.8328        0.9965
    652.8387        0.9932
    652.8445        0.9889
    652.8503        0.9857
    652.8562        0.9847
    652.8620        0.9867
    652.8678        0.9937
    652.8737        0.9983
    652.8795        0.9954
    652.8854        0.9917
    652.8912        0.9916
    652.8970        0.9902
    652.9029        0.9833
    652.9087        0.9801
    652.9145        0.9890
    652.9204        0.9978
    652.9262        0.9957
    652.9320        0.9900
    652.9379        0.9867
    652.9437        0.9847
    652.9496        0.9843
    652.9554        0.9851
    652.9612        0.9859
    652.9671        0.9869
    652.9729        0.9881
    652.9787        0.9899
    652.9846        0.9932
    652.9904        0.9966
    652.9962        0.9976
    653.0021        0.9959
    653.0079        0.9900
    653.0138        0.9822
    653.0196        0.9778
    653.0254        0.9765
    653.0313        0.9778
    653.0371        0.9809
    653.0429        0.9819
    653.0488        0.9805
    653.0546        0.9762
    653.0604        0.9708
    653.0663        0.9731
    653.0721        0.9812
    653.0780        0.9812
    653.0838        0.9752
    653.0896        0.9766
    653.0955        0.9843
    653.1013        0.9889
    653.1071        0.9909
    653.1130        0.9913
    653.1188        0.9897
    653.1246        0.9893
    653.1305        0.9902
    653.1363        0.9898
    653.1422        0.9879
    653.1480        0.9847
    653.1538        0.9800
    653.1597        0.9755
    653.1655        0.9713
    653.1713        0.9672
    653.1772        0.9635
    653.1830        0.9609
    653.1889        0.9598
    653.1947        0.9564
    653.2005        0.9496
    653.2064        0.9464
    653.2122        0.9486
    653.2180        0.9459
    653.2239        0.9360
    653.2297        0.9330
    653.2355        0.9394
    653.2414        0.9434
    653.2472        0.9443
    653.2531        0.9443
    653.2589        0.9424
    653.2647        0.9449
    653.2706        0.9543
    653.2764        0.9619
    653.2822        0.9654
    653.2881        0.9678
    653.2939        0.9686
    653.2997        0.9708
    653.3056        0.9767
    653.3114        0.9791
    653.3173        0.9746
    653.3231        0.9713
    653.3289        0.9727
    653.3348        0.9742
    653.3406        0.9744
    653.3464        0.9736
    653.3523        0.9709
    653.3581        0.9684
    653.3639        0.9676
    653.3698        0.9650
    653.3756        0.9575
    653.3815        0.9519
    653.3873        0.9537
    653.3931        0.9554
    653.3990        0.9508
    653.4048        0.9480
    653.4106        0.9545
    653.4165        0.9599
    653.4223        0.9542
    653.4281        0.9488
    653.4340        0.9556
    653.4398        0.9652
    653.4457        0.9680
    653.4515        0.9688
    653.4573        0.9721
    653.4632        0.9755
    653.4690        0.9769
    653.4748        0.9760
    653.4807        0.9725
    653.4865        0.9691
    653.4923        0.9720
    653.4982        0.9770
    653.5040        0.9758
    653.5099        0.9755
    653.5157        0.9918
    653.5215        1.0118
    653.5274        1.0072
    653.5332        0.9880
    653.5390        0.9776
    653.5449        0.9740
    653.5507        0.9747
    653.5565        0.9794
    653.5624        0.9829
    653.5682        0.9843
    653.5741        0.9804
    653.5799        0.9730
    653.5857        0.9714
    653.5916        0.9745
    653.5974        0.9761
    653.6032        0.9765
    653.6091        0.9757
    653.6149        0.9738
    653.6207        0.9756
    653.6266        0.9801
    653.6324        0.9799
    653.6383        0.9751
    653.6441        0.9693
    653.6499        0.9628
    653.6558        0.9613
    653.6616        0.9651
    653.6674        0.9666
    653.6733        0.9657
    653.6791        0.9623
    653.6849        0.9557
    653.6908        0.9541
    653.6966        0.9582
    653.7025        0.9619
    653.7083        0.9654
    653.7141        0.9685
    653.7200        0.9707
    653.7258        0.9707
    653.7316        0.9677
    653.7375        0.9673
    653.7433        0.9701
    653.7491        0.9731
    653.7550        0.9773
    653.7608        0.9756
    653.7667        0.9645
    653.7725        0.9620
    653.7783        0.9712
    653.7842        0.9765
    653.7900        0.9761
    653.7958        0.9779
    653.8017        0.9824
    653.8075        0.9808
    653.8133        0.9699
    653.8192        0.9657
    653.8250        0.9725
    653.8309        0.9776
    653.8367        0.9794
    653.8425        0.9795
    653.8484        0.9770
    653.8542        0.9735
    653.8600        0.9694
    653.8659        0.9667
    653.8717        0.9666
    653.8775        0.9663
    653.8834        0.9658
    653.8892        0.9626
    653.8951        0.9542
    653.9009        0.9516
    653.9067        0.9609
    653.9126        0.9688
    653.9184        0.9699
    653.9242        0.9689
    653.9301        0.9659
    653.9359        0.9644
    653.9417        0.9674
    653.9476        0.9697
    653.9534        0.9692
    653.9593        0.9671
    653.9651        0.9638
    653.9709        0.9609
    653.9768        0.9599
    653.9826        0.9600
    653.9884        0.9606
    653.9943        0.9636
    654.0001        0.9714
    654.0059        0.9763
    654.0118        0.9714
    654.0176        0.9660
    654.0235        0.9691
    654.0293        0.9726
    654.0351        0.9703
    654.0410        0.9662
    654.0468        0.9630
    654.0526        0.9610
    654.0585        0.9611
    654.0643        0.9618
    654.0702        0.9609
    654.0760        0.9607
    654.0818        0.9641
    654.0877        0.9681
    654.0935        0.9690
    654.0993        0.9674
    654.1052        0.9632
    654.1110        0.9589
    654.1168        0.9595
    654.1227        0.9619
    654.1285        0.9610
    654.1344        0.9597
    654.1402        0.9635
    654.1460        0.9676
    654.1519        0.9642
    654.1577        0.9570
    654.1635        0.9540
    654.1694        0.9530
    654.1752        0.9505
    654.1810        0.9475
    654.1869        0.9444
    654.1927        0.9422
    654.1986        0.9450
    654.2044        0.9495
    654.2102        0.9472
    654.2161        0.9410
    654.2219        0.9405
    654.2277        0.9437
    654.2336        0.9452
    654.2394        0.9454
    654.2452        0.9443
    654.2511        0.9423
    654.2569        0.9419
    654.2628        0.9429
    654.2686        0.9440
    654.2744        0.9456
    654.2803        0.9510
    654.2861        0.9579
    654.2919        0.9534
    654.2978        0.9404
    654.3036        0.9411
    654.3094        0.9527
    654.3153        0.9536
    654.3211        0.9453
    654.3270        0.9384
    654.3328        0.9324
    654.3386        0.9280
    654.3445        0.9255
    654.3503        0.9156
    654.3561        0.8990
    654.3620        0.8925
    654.3678        0.8962
    654.3736        0.8994
    654.3795        0.9024
    654.3853        0.9030
    654.3912        0.9005
    654.3970        0.8987
    654.4028        0.8975
    654.4087        0.8998
    654.4145        0.9064
    654.4203        0.9097
    654.4262        0.9092
    654.4320        0.9146
    654.4378        0.9268
    654.4437        0.9340
    654.4495        0.9351
    654.4554        0.9397
    654.4612        0.9481
    654.4670        0.9492
    654.4729        0.9416
    654.4787        0.9381
    654.4845        0.9392
    654.4904        0.9410
    654.4962        0.9442
    654.5020        0.9485
    654.5079        0.9546
    654.5137        0.9547
    654.5196        0.9465
    654.5254        0.9421
    654.5312        0.9430
    654.5371        0.9427
    654.5429        0.9414
    654.5487        0.9407
    654.5546        0.9407
    654.5604        0.9407
    654.5662        0.9411
    654.5721        0.9397
    654.5779        0.9359
    654.5838        0.9343
    654.5896        0.9363
    654.5954        0.9371
    654.6013        0.9363
    654.6071        0.9334
    654.6129        0.9265
    654.6188        0.9255
    654.6246        0.9332
    654.6304        0.9413
    654.6363        0.9496
    654.6421        0.9515
    654.6480        0.9428
    654.6538        0.9362
    654.6596        0.9345
    654.6655        0.9377
    654.6713        0.9487
    654.6771        0.9517
    654.6830        0.9392
    654.6888        0.9322
    654.6946        0.9374
    654.7005        0.9422
    654.7063        0.9439
    654.7122        0.9417
    654.7180        0.9330
    654.7238        0.9270
    654.7297        0.9278
    654.7355        0.9271
    654.7413        0.9221
    654.7472        0.9177
    654.7530        0.9157
    654.7588        0.9136
    654.7647        0.9103
    654.7705        0.9088
    654.7764        0.9111
    654.7822        0.9139
    654.7880        0.9161
    654.7939        0.9169
    654.7997        0.9151
    654.8055        0.9134
    654.8114        0.9136
    654.8172        0.9146
    654.8230        0.9165
    654.8289        0.9150
    654.8347        0.9067
    654.8406        0.8975
    654.8464        0.8907
    654.8522        0.8871
    654.8581        0.8887
    654.8639        0.8923
    654.8697        0.8960
    654.8756        0.8996
    654.8814        0.9028
    654.8872        0.9042
    654.8931        0.9020
    654.8989        0.9027
    654.9048        0.9121
    654.9106        0.9216
    654.9164        0.9246
    654.9223        0.9259
    654.9281        0.9289
    654.9339        0.9302
    654.9398        0.9276
    654.9456        0.9259
    654.9514        0.9300
    654.9573        0.9335
    654.9631        0.9308
    654.9690        0.9270
    654.9748        0.9261
    654.9806        0.9262
    654.9865        0.9255
    654.9923        0.9242
    654.9981        0.9216
    655.0040        0.9199
    655.0098        0.9211
    655.0157        0.9236
    655.0215        0.9258
    655.0273        0.9263
    655.0332        0.9229
    655.0390        0.9192
    655.0448        0.9194
    655.0507        0.9211
    655.0565        0.9216
    655.0623        0.9217
    655.0682        0.9217
    655.0740        0.9225
    655.0799        0.9258
    655.0857        0.9277
    655.0915        0.9223
    655.0974        0.9162
    655.1032        0.9189
    655.1090        0.9227
    655.1149        0.9165
    655.1207        0.9087
    655.1265        0.9108
    655.1324        0.9159
    655.1382        0.9146
    655.1441        0.9104
    655.1499        0.9085
    655.1557        0.9077
    655.1616        0.9076
    655.1674        0.9078
    655.1732        0.9078
    655.1791        0.9066
    655.1849        0.9020
    655.1907        0.8970
    655.1966        0.8970
    655.2024        0.8980
    655.2083        0.8926
    655.2141        0.8843
    655.2199        0.8785
    655.2258        0.8750
    655.2316        0.8739
    655.2374        0.8742
    655.2433        0.8731
    655.2491        0.8697
    655.2549        0.8616
    655.2608        0.8530
    655.2666        0.8521
    655.2725        0.8560
    655.2783        0.8573
    655.2841        0.8578
    655.2900        0.8593
    655.2958        0.8628
    655.3016        0.8710
    655.3075        0.8811
    655.3133        0.8854
    655.3191        0.8857
    655.3250        0.8868
    655.3308        0.8873
    655.3367        0.8845
    655.3425        0.8803
    655.3483        0.8785
    655.3542        0.8786
    655.3600        0.8788
    655.3658        0.8783
    655.3717        0.8735
    655.3775        0.8669
    655.3833        0.8656
    655.3892        0.8676
    655.3950        0.8674
    655.4009        0.8666
    655.4067        0.8700
    655.4125        0.8749
    655.4184        0.8734
    655.4242        0.8683
    655.4300        0.8682
    655.4359        0.8713
    655.4417        0.8722
    655.4475        0.8715
    655.4534        0.8702
    655.4592        0.8690
    655.4651        0.8707
    655.4709        0.8734
    655.4767        0.8707
    655.4826        0.8643
    655.4884        0.8584
    655.4942        0.8541
    655.5001        0.8570
    655.5059        0.8639
    655.5117        0.8606
    655.5176        0.8515
    655.5234        0.8551
    655.5293        0.8655
    655.5351        0.8620
    655.5409        0.8499
    655.5468        0.8476
    655.5526        0.8528
    655.5584        0.8581
    655.5643        0.8625
    655.5701        0.8592
    655.5759        0.8499
    655.5818        0.8432
    655.5876        0.8400
    655.5935        0.8421
    655.5993        0.8486
    655.6051        0.8523
    655.6110        0.8528
    655.6168        0.8491
    655.6226        0.8422
    655.6285        0.8394
    655.6343        0.8395
    655.6401        0.8370
    655.6460        0.8324
    655.6518        0.8278
    655.6577        0.8231
    655.6635        0.8191
    655.6693        0.8160
    655.6752        0.8143
    655.6810        0.8139
    655.6868        0.8125
    655.6927        0.8103
    655.6985        0.8080
    655.7043        0.8054
    655.7102        0.8022
    655.7160        0.7985
    655.7219        0.7962
    655.7277        0.7950
    655.7335        0.7933
    655.7394        0.7925
    655.7452        0.7988
    655.7510        0.8099
    655.7569        0.8098
    655.7627        0.8010
    655.7685        0.8018
    655.7744        0.8094
    655.7802        0.8108
    655.7861        0.8077
    655.7919        0.8059
    655.7977        0.8052
    655.8036        0.8055
    655.8094        0.8066
    655.8152        0.8061
    655.8211        0.8047
    655.8269        0.8079
    655.8327        0.8144
    655.8386        0.8143
    655.8444        0.8093
    655.8503        0.8116
    655.8561        0.8198
    655.8619        0.8256
    655.8678        0.8292
    655.8736        0.8327
    655.8794        0.8358
    655.8853        0.8406
    655.8911        0.8465
    655.8970        0.8496
    655.9028        0.8502
    655.9086        0.8525
    655.9145        0.8561
    655.9203        0.8615
    655.9261        0.8682
    655.9320        0.8710
    655.9378        0.8704
    655.9436        0.8714
    655.9495        0.8741
    655.9553        0.8771
    655.9612        0.8809
    655.9670        0.8851
    655.9728        0.8899
    655.9787        0.8961
    655.9845        0.9033
    655.9903        0.9097
    655.9962        0.9139
    656.0020        0.9113
    656.0078        0.9028
    656.0137        0.8997
    656.0195        0.9011
    656.0254        0.8996
    656.0312        0.8963
    656.0370        0.8940
    656.0429        0.8936
    656.0487        0.8994
    656.0545        0.9092
    656.0604        0.9075
    656.0662        0.8961
    656.0720        0.8923
    656.0779        0.8937
    656.0837        0.8861
    656.0896        0.8729
    656.0954        0.8691
    656.1012        0.8727
    656.1071        0.8696
    656.1129        0.8612
    656.1187        0.8555
    656.1246        0.8515
    656.1304        0.8477
    656.1362        0.8444
    656.1421        0.8415
    656.1479        0.8393
    656.1538        0.8385
    656.1596        0.8387
    656.1654        0.8368
    656.1713        0.8333
    656.1771        0.8316
    656.1829        0.8316
    656.1888        0.8317
    656.1946        0.8322
    656.2004        0.8334
    656.2063        0.8347
    656.2121        0.8345
    656.2180        0.8331
    656.2238        0.8334
    656.2296        0.8358
    656.2355        0.8416
    656.2413        0.8496
    656.2471        0.8520
    656.2530        0.8504
    656.2588        0.8533
    656.2646        0.8593
    656.2705        0.8640
    656.2763        0.8679
    656.2822        0.8726
    656.2880        0.8778
    656.2938        0.8828
    656.2997        0.8877
    656.3055        0.8909
    656.3113        0.8940
    656.3172        0.9039
    656.3230        0.9172
    656.3288        0.9192
    656.3347        0.9122
    656.3405        0.9076
    656.3464        0.9051
    656.3522        0.9051
    656.3580        0.9074
    656.3639        0.9094
    656.3697        0.9092
    656.3755        0.9008
    656.3814        0.8870
    656.3872        0.8799
    656.3930        0.8789
    656.3989        0.8825
    656.4047        0.8883
    656.4106        0.8863
    656.4164        0.8786
    656.4222        0.8752
    656.4281        0.8732
    656.4339        0.8638
    656.4397        0.8518
    656.4456        0.8509
    656.4514        0.8574
    656.4572        0.8585
    656.4631        0.8570
    656.4689        0.8596
    656.4748        0.8632
    656.4806        0.8600
    656.4864        0.8519
    656.4923        0.8447
    656.4981        0.8387
    656.5039        0.8347
    656.5098        0.8333
    656.5156        0.8344
    656.5214        0.8360
    656.5273        0.8331
    656.5331        0.8267
    656.5390        0.8200
    656.5448        0.8136
    656.5506        0.8101
    656.5565        0.8091
    656.5623        0.8080
    656.5681        0.8071
    656.5740        0.8067
    656.5798        0.8070
    656.5856        0.8090
    656.5915        0.8110
    656.5973        0.8089
    656.6032        0.8060
    656.6090        0.8097
    656.6148        0.8152
    656.6207        0.8128
    656.6265        0.8067
    656.6323        0.8052
    656.6382        0.8070
    656.6440        0.8103
    656.6498        0.8133
    656.6557        0.8110
    656.6615        0.8064
    656.6674        0.8061
    656.6732        0.8080
    656.6790        0.8089
    656.6849        0.8102
    656.6907        0.8131
    656.6965        0.8171
    656.7024        0.8204
    656.7082        0.8233
    656.7140        0.8263
    656.7199        0.8282
    656.7257        0.8267
    656.7316        0.8246
    656.7374        0.8262
    656.7432        0.8298
    656.7491        0.8334
    656.7549        0.8358
    656.7607        0.8351
    656.7666        0.8341
    656.7724        0.8373
    656.7783        0.8412
    656.7841        0.8406
    656.7899        0.8379
    656.7958        0.8361
    656.8016        0.8364
    656.8074        0.8403
    656.8133        0.8455
    656.8191        0.8489
    656.8249        0.8499
    656.8308        0.8477
    656.8366        0.8437
    656.8425        0.8402
    656.8483        0.8393
    656.8541        0.8442
    656.8600        0.8493
    656.8658        0.8484
    656.8716        0.8454
    656.8775        0.8451
    656.8833        0.8448
    656.8891        0.8432
    656.8950        0.8418
    656.9008        0.8423
    656.9067        0.8449
    656.9125        0.8500
    656.9183        0.8559
    656.9242        0.8615
    656.9300        0.8654
    656.9358        0.8664
    656.9417        0.8660
    656.9475        0.8650
    656.9533        0.8662
    656.9592        0.8731
    656.9650        0.8787
    656.9709        0.8773
    656.9767        0.8752
    656.9825        0.8766
    656.9884        0.8787
    656.9942        0.8802
    657.0000        0.8801
    657.0059        0.8769
    657.0117        0.8745
    657.0175        0.8756
    657.0234        0.8776
    657.0292        0.8786
    657.0351        0.8798
    657.0409        0.8815
    657.0467        0.8811
    657.0526        0.8766
    657.0584        0.8740
    657.0642        0.8776
    657.0701        0.8801
    657.0759        0.8777
    657.0817        0.8767
    657.0876        0.8804
    657.0934        0.8846
    657.0993        0.8877
    657.1051        0.8893
    657.1109        0.8883
    657.1168        0.8885
    657.1226        0.8916
    657.1284        0.8961
    657.1343        0.9017
    657.1401        0.9038
    657.1459        0.8994
    657.1518        0.8934
    657.1576        0.8870
    657.1635        0.8824
    657.1693        0.8819
    657.1751        0.8807
    657.1810        0.8769
    657.1868        0.8753
    657.1926        0.8777
    657.1985        0.8790
    657.2043        0.8781
    657.2101        0.8752
    657.2160        0.8693
    657.2218        0.8688
    657.2277        0.8774
    657.2335        0.8830
    657.2393        0.8815
    657.2452        0.8840
    657.2510        0.8925
    657.2568        0.8999
    657.2627        0.9049
    657.2685        0.9077
    657.2743        0.9072
    657.2802        0.9086
    657.2860        0.9135
    657.2919        0.9161
    657.2977        0.9151
    657.3035        0.9145
    657.3094        0.9148
    657.3152        0.9147
    657.3210        0.9142
    657.3269        0.9155
    657.3327        0.9193
    657.3385        0.9219
    657.3444        0.9227
    657.3502        0.9205
    657.3561        0.9143
    657.3619        0.9105
    657.3677        0.9101
    657.3736        0.9118
    657.3794        0.9169
    657.3852        0.9204
    657.3911        0.9209
    657.3969        0.9239
    657.4027        0.9299
    657.4086        0.9279
    657.4144        0.9162
    657.4203        0.9081
    657.4261        0.9040
    657.4319        0.9025
    657.4378        0.9054
    657.4436        0.9026
    657.4494        0.8932
    657.4553        0.8887
    657.4611        0.8896
    657.4669        0.8901
    657.4728        0.8906
    657.4786        0.8917
    657.4845        0.8928
    657.4903        0.8899
    657.4961        0.8830
    657.5020        0.8806
    657.5078        0.8832
    657.5136        0.8904
    657.5195        0.9024
    657.5253        0.9119
    657.5311        0.9183
    657.5370        0.9269
    657.5428        0.9359
    657.5487        0.9371
    657.5545        0.9310
    657.5603        0.9268
    657.5662        0.9249
    657.5720        0.9272
    657.5778        0.9339
    657.5837        0.9381
    657.5895        0.9394
    657.5953        0.9362
    657.6012        0.9287
    657.6070        0.9210
    657.6129        0.9153
    657.6187        0.9186
    657.6245        0.9291
    657.6304        0.9351
    657.6362        0.9372
    657.6420        0.9388
    657.6479        0.9384
    657.6537        0.9347
    657.6595        0.9290
    657.6654        0.9247
    657.6712        0.9229
    657.6771        0.9256
    657.6829        0.9297
    657.6887        0.9254
    657.6946        0.9176
    657.7004        0.9181
    657.7062        0.9234
    657.7121        0.9269
    657.7179        0.9290
    657.7238        0.9297
    657.7296        0.9296
    657.7354        0.9307
    657.7413        0.9312
    657.7471        0.9277
    657.7529        0.9240
    657.7588        0.9265
    657.7646        0.9308
    657.7704        0.9304
    657.7763        0.9286
    657.7821        0.9298
    657.7880        0.9322
    657.7938        0.9337
    657.7996        0.9358
    657.8055        0.9398
    657.8113        0.9439
    657.8171        0.9468
    657.8230        0.9460
    657.8288        0.9387
    657.8346        0.9328
    657.8405        0.9374
    657.8463        0.9427
    657.8522        0.9391
    657.8580        0.9364
    657.8638        0.9430
    657.8697        0.9496
    657.8755        0.9498
    657.8813        0.9480
    657.8872        0.9475
    657.8930        0.9461
    657.8988        0.9421
    657.9047        0.9404
    657.9105        0.9447
    657.9164        0.9465
    657.9222        0.9403
    657.9280        0.9344
    657.9339        0.9332
    657.9397        0.9341
    657.9455        0.9363
    657.9514        0.9397
    657.9572        0.9442
    657.9630        0.9463
    657.9689        0.9434
    657.9747        0.9413
    657.9806        0.9426
    657.9864        0.9438
    657.9922        0.9434
    657.9981        0.9450
    658.0039        0.9499
    658.0097        0.9511
    658.0156        0.9447
    658.0214        0.9438
    658.0272        0.9538
    658.0331        0.9542
    658.0389        0.9380
    658.0448        0.9320
    658.0506        0.9440
    658.0564        0.9479
    658.0623        0.9385
    658.0681        0.9331
    658.0739        0.9337
    658.0798        0.9332
    658.0856        0.9317
    658.0914        0.9303
    658.0973        0.9284
    658.1031        0.9284
    658.1090        0.9306
    658.1148        0.9332
    658.1206        0.9360
    658.1265        0.9390
    658.1323        0.9422
    658.1381        0.9421
    658.1440        0.9380
    658.1498        0.9368
    658.1556        0.9390
    658.1615        0.9449
    658.1673        0.9554
    658.1732        0.9592
    658.1790        0.9554
    658.1848        0.9522
    658.1907        0.9494
    658.1965        0.9467
    658.2023        0.9447
    658.2082        0.9423
    658.2140        0.9399
    658.2198        0.9427
    658.2257        0.9498
    658.2315        0.9499
    658.2374        0.9439
    658.2432        0.9422
    658.2490        0.9443
    658.2549        0.9475
    658.2607        0.9515
    658.2665        0.9526
    658.2724        0.9513
    658.2782        0.9519
    658.2840        0.9535
    658.2899        0.9537
    658.2957        0.9521
    658.3016        0.9473
    658.3074        0.9410
    658.3132        0.9389
    658.3191        0.9399
    658.3249        0.9397
    658.3307        0.9389
    658.3366        0.9380
    658.3424        0.9390
    658.3482        0.9470
    658.3541        0.9577
    658.3599        0.9623
    658.3658        0.9623
    658.3716        0.9608
    658.3774        0.9597
    658.3833        0.9637
    658.3891        0.9684
    658.3949        0.9672
    658.4008        0.9631
    658.4066        0.9598
    658.4124        0.9575
    658.4183        0.9574
    658.4241        0.9587
    658.4300        0.9602
    658.4358        0.9614
    658.4416        0.9614
    658.4475        0.9612
    658.4533        0.9623
    658.4591        0.9635
    658.4650        0.9636
    658.4708        0.9657
    658.4766        0.9725
    658.4825        0.9768
    658.4883        0.9732
    658.4942        0.9687
    658.5000        0.9673
    658.5058        0.9678
    658.5117        0.9706
    658.5175        0.9713
    658.5233        0.9667
    658.5292        0.9630
    658.5350        0.9632
    658.5408        0.9620
    658.5467        0.9570
    658.5525        0.9552
    658.5584        0.9597
    658.5642        0.9644
    658.5700        0.9675
    658.5759        0.9674
    658.5817        0.9621
    658.5875        0.9557
    658.5934        0.9492
    658.5992        0.9439
    658.6051        0.9409
    658.6109        0.9402
    658.6167        0.9423
    658.6226        0.9446
    658.6284        0.9471
    658.6342        0.9485
    658.6401        0.9482
    658.6459        0.9483
    658.6517        0.9493
    658.6576        0.9485
    658.6634        0.9458
    658.6693        0.9436
    658.6751        0.9422
    658.6809        0.9442
    658.6868        0.9507
    658.6926        0.9556
    658.6984        0.9586
    658.7043        0.9606
    658.7101        0.9609
    658.7159        0.9642
    658.7218        0.9702
    658.7276        0.9698
    658.7335        0.9633
    658.7393        0.9620
    658.7451        0.9654
    658.7510        0.9673
    658.7568        0.9680
    658.7626        0.9675
    658.7685        0.9660
    658.7743        0.9663
    658.7801        0.9684
    658.7860        0.9705
    658.7918        0.9723
    658.7977        0.9722
    658.8035        0.9709
    658.8093        0.9732
    658.8152        0.9765
    658.8210        0.9732
    658.8268        0.9663
    658.8327        0.9632
    658.8385        0.9627
    658.8443        0.9617
    658.8502        0.9609
    658.8560        0.9612
    658.8619        0.9628
    658.8677        0.9666
    658.8735        0.9705
    658.8794        0.9707
    658.8852        0.9695
    658.8910        0.9700
    658.8969        0.9723
    658.9027        0.9762
    658.9085        0.9822
    658.9144        0.9916
    658.9202        0.9965
    658.9261        0.9879
    658.9319        0.9774
    658.9377        0.9763
    658.9436        0.9781
    658.9494        0.9786
    658.9552        0.9776
    658.9611        0.9735
    658.9669        0.9703
    658.9727        0.9703
    658.9786        0.9729
    658.9844        0.9783
    658.9903        0.9796
    658.9961        0.9722
    659.0019        0.9661
    659.0078        0.9654
    659.0136        0.9673
    659.0194        0.9715
    659.0253        0.9756
    659.0311        0.9788
    659.0369        0.9805
    659.0428        0.9803
    659.0486        0.9785
    659.0545        0.9743
    659.0603        0.9730
    659.0661        0.9766
    659.0720        0.9791
    659.0778        0.9799
    659.0836        0.9776
    659.0895        0.9702
    659.0953        0.9697
    659.1011        0.9793
    659.1070        0.9833
    659.1128        0.9802
    659.1187        0.9796
    659.1245        0.9814
    659.1303        0.9817
    659.1362        0.9806
    659.1420        0.9806
    659.1478        0.9817
    659.1537        0.9826
    659.1595        0.9831
    659.1653        0.9788
    659.1712        0.9698
    659.1770        0.9678
    659.1829        0.9726
    659.1887        0.9772
    659.1945        0.9811
    659.2004        0.9802
    659.2062        0.9746
    659.2120        0.9716
    659.2179        0.9703
    659.2237        0.9669
    659.2295        0.9635
    659.2354        0.9664
    659.2412        0.9735
    659.2471        0.9780
    659.2529        0.9797
    659.2587        0.9780
    659.2646        0.9744
    659.2704        0.9737
    659.2762        0.9748
    659.2821        0.9753
    659.2879        0.9758
    659.2937        0.9770
    659.2996        0.9768
    659.3054        0.9721
    659.3113        0.9651
    659.3171        0.9586
    659.3229        0.9545
    659.3288        0.9543
    659.3346        0.9581
    659.3404        0.9663
    659.3463        0.9721
    659.3521        0.9695
    659.3579        0.9650
    659.3638        0.9650
    659.3696        0.9641
    659.3755        0.9587
    659.3813        0.9572
    659.3871        0.9656
    659.3930        0.9709
    659.3988        0.9652
    659.4046        0.9613
    659.4105        0.9652
    659.4163        0.9680
    659.4221        0.9669
    659.4280        0.9663
    659.4338        0.9673
    659.4397        0.9674
    659.4455        0.9661
    659.4513        0.9646
    659.4572        0.9632
    659.4630        0.9628
    659.4688        0.9633
    659.4747        0.9663
    659.4805        0.9726
    659.4863        0.9756
    659.4922        0.9737
    659.4980        0.9717
    659.5039        0.9695
    659.5097        0.9682
    659.5155        0.9687
    659.5214        0.9684
    659.5272        0.9675
    659.5330        0.9694
    659.5389        0.9742
    659.5447        0.9723
    659.5506        0.9638
    659.5564        0.9616
    659.5622        0.9655
    659.5681        0.9673
    659.5739        0.9676
    659.5797        0.9682
    659.5856        0.9693
    659.5914        0.9730
    659.5972        0.9790
    659.6031        0.9840
    659.6089        0.9866
    659.6148        0.9836
    659.6206        0.9764
    659.6264        0.9716
    659.6323        0.9684
    659.6381        0.9646
    659.6439        0.9611
    659.6498        0.9587
    659.6556        0.9586
    659.6614        0.9626
    659.6673        0.9679
    659.6731        0.9698
    659.6790        0.9705
    659.6848        0.9730
    659.6906        0.9754
    659.6965        0.9765
    659.7023        0.9763
    659.7081        0.9748
    659.7140        0.9729
    659.7198        0.9708
    659.7256        0.9701
    659.7315        0.9715
    659.7373        0.9738
    659.7432        0.9769
    659.7490        0.9760
    659.7548        0.9673
    659.7607        0.9607
    659.7665        0.9614
    659.7723        0.9658
    659.7782        0.9739
    659.7840        0.9802
    659.7898        0.9814
    659.7957        0.9824
    659.8015        0.9841
    659.8074        0.9839
    659.8132        0.9812
    659.8190        0.9784
    659.8249        0.9753
    659.8307        0.9750
    659.8365        0.9792
    659.8424        0.9790
    659.8482        0.9727
    659.8540        0.9694
    659.8599        0.9700
    659.8657        0.9696
    659.8716        0.9686
    659.8774        0.9712
    659.8832        0.9774
    659.8891        0.9791
    659.8949        0.9755
    659.9007        0.9705
    659.9066        0.9644
    659.9124        0.9640
    659.9182        0.9691
    659.9241        0.9701
    659.9299        0.9679
    659.9358        0.9679
    659.9416        0.9691
    659.9474        0.9688
    659.9533        0.9675
    659.9591        0.9671
    659.9649        0.9678
    659.9708        0.9705
    659.9766        0.9747
    659.9824        0.9789
    659.9883        0.9816
    659.9941        0.9795
    660.0000        0.9752
    660.0058        0.9733
    660.0116        0.9744
    660.0175        0.9801
    660.0233        0.9854
    660.0291        0.9839
    660.0350        0.9798
    660.0408        0.9781
    660.0466        0.9774
    660.0525        0.9767
    660.0583        0.9777
    660.0642        0.9819
    660.0700        0.9840
    660.0758        0.9803
    660.0817        0.9782
    660.0875        0.9823
    660.0933        0.9867
    660.0992        0.9888
    660.1050        0.9897
    660.1108        0.9899
    660.1167        0.9868
    660.1225        0.9789
    660.1284        0.9744
    660.1342        0.9762
    660.1400        0.9774
    660.1459        0.9769
    660.1517        0.9777
    660.1575        0.9801
    660.1634        0.9822
    660.1692        0.9834
    660.1750        0.9859
    660.1809        0.9906
    660.1867        0.9888
    660.1926        0.9792
    660.1984        0.9750
    660.2042        0.9767
    660.2101        0.9776
    660.2159        0.9781
    660.2217        0.9777
    660.2276        0.9764
    660.2334        0.9772
    660.2392        0.9794
    660.2451        0.9785
    660.2509        0.9756
    660.2568        0.9777
    660.2626        0.9839
    660.2684        0.9893
    660.2743        0.9919
    660.2801        0.9854
    660.2859        0.9757
    660.2918        0.9789
    660.2976        0.9886
    660.3034        0.9904
    660.3093        0.9884
    660.3151        0.9892
    660.3210        0.9897
    660.3268        0.9861
    660.3326        0.9817
    660.3385        0.9803
    660.3443        0.9821
    660.3501        0.9883
    660.3560        0.9932
    660.3618        0.9915
    660.3676        0.9897
    660.3735        0.9937
    660.3793        0.9958
    660.3852        0.9915
    660.3910        0.9863
    660.3968        0.9824
    660.4027        0.9816
    660.4085        0.9854
    660.4143        0.9893
    660.4202        0.9916
    660.4260        0.9918
    660.4319        0.9892
    660.4377        0.9867
    660.4435        0.9850
    660.4494        0.9855
    660.4552        0.9894
    660.4610        0.9905
    660.4669        0.9880
    660.4727        0.9849
    660.4785        0.9806
    660.4844        0.9833
    660.4902        0.9946
    660.4961        0.9966
    660.5019        0.9881
    660.5077        0.9863
    660.5136        0.9904
    660.5194        0.9890
    660.5252        0.9831
    660.5311        0.9813
    660.5369        0.9832
    660.5427        0.9871
    660.5486        0.9916
    660.5544        0.9893
    660.5603        0.9823
    660.5661        0.9804
    660.5719        0.9826
    660.5778        0.9853
    660.5836        0.9887
    660.5894        0.9921
    660.5953        0.9953
    660.6011        0.9984
    660.6069        1.0004
    660.6128        1.0002
    660.6186        0.9991
    660.6245        0.9997
    660.6303        0.9998
    660.6361        0.9967
    660.6420        0.9943
    660.6478        0.9959
    660.6536        0.9971
    660.6595        0.9946
    660.6653        0.9912
    660.6711        0.9885
    660.6770        0.9872
    660.6828        0.9881
    660.6887        0.9891
    660.6945        0.9892
    660.7003        0.9906
    660.7062        0.9942
    660.7120        0.9986
    660.7178        1.0040
    660.7237        1.0051
    660.7295        0.9992
    660.7353        0.9974
    660.7412        1.0027
    660.7470        1.0041
    660.7529        1.0003
    660.7587        0.9978
    660.7645        0.9969
    660.7704        0.9951
    660.7762        0.9928
    660.7820        0.9924
    660.7879        0.9942
    660.7937        0.9978
    660.7995        1.0031
    660.8054        1.0056
    660.8112        1.0053
    660.8171        1.0064
    660.8229        1.0068
    660.8287        0.9989
    660.8346        0.9865
    660.8404        0.9822
    660.8462        0.9851
    660.8521        0.9901
    660.8579        0.9971
    660.8637        1.0043
    660.8696        1.0083
    660.8754        1.0040
    660.8813        0.9973
    660.8871        0.9973
    660.8929        1.0004
    660.8988        1.0031
    660.9046        1.0048
    660.9104        1.0045
    660.9163        1.0019
    660.9221        0.9977
    660.9279        0.9942
    660.9338        0.9929
    660.9396        0.9955
    660.9455        1.0033
    660.9513        1.0088
    660.9571        1.0078
    660.9630        1.0054
    660.9688        1.0038
    660.9746        1.0003
    660.9805        0.9938
    660.9863        0.9919
    660.9921        0.9975
    660.9980        1.0004
    661.0038        0.9990
    661.0097        0.9978
    661.0155        0.9968
    661.0213        0.9962
    661.0272        0.9966
    661.0330        0.9946
    661.0388        0.9898
    661.0447        0.9923
    661.0505        1.0020
    661.0563        1.0034
    661.0622        0.9973
    661.0680        0.9993
    661.0739        1.0066
    661.0797        1.0057
    661.0855        0.9982
    661.0914        0.9924
    661.0972        0.9892
    661.1030        0.9928
    661.1089        1.0002
    661.1147        1.0020
    661.1205        0.9993
    661.1264        0.9948
    661.1322        0.9915
    661.1381        0.9944
    661.1439        1.0002
    661.1497        1.0046
    661.1556        1.0047
    661.1614        0.9960
    661.1672        0.9889
    661.1731        0.9942
    661.1789        1.0008
    661.1847        1.0012
    661.1906        1.0006
    661.1964        1.0018
    661.2023        1.0013
    661.2081        0.9971
    661.2139        0.9962
    661.2198        1.0021
    661.2256        1.0076
    661.2314        1.0107
    661.2373        1.0119
    661.2431        1.0104
    661.2489        1.0074
    661.2548        1.0028
    661.2606        0.9982
    661.2665        0.9942
    661.2723        0.9897
    661.2781        0.9849
    661.2840        0.9844
    661.2898        0.9887
    661.2956        0.9919
    661.3015        0.9937
    661.3073        0.9970
    661.3132        1.0010
    661.3190        1.0035
    661.3248        1.0038
    661.3307        1.0012
    661.3365        0.9964
    661.3423        0.9945
    661.3482        0.9945
    661.3540        0.9925
    661.3598        0.9907
    661.3657        0.9935
    661.3715        0.9989
    661.3774        1.0030
    661.3832        1.0056
    661.3890        1.0056
    661.3949        1.0047
    661.4007        1.0053
    661.4065        1.0047
    661.4124        1.0002
    661.4182        0.9967
    661.4240        0.9976
    661.4299        1.0016
    661.4357        1.0083
    661.4416        1.0126
    661.4474        1.0110
    661.4532        1.0079
    661.4591        1.0042
    661.4649        1.0015
    661.4707        1.0006
    661.4766        1.0001
    661.4824        0.9997
    661.4882        0.9989
    661.4941        0.9980
    661.4999        0.9969
    661.5058        0.9957
    661.5116        0.9971
    661.5174        1.0020
    661.5233        1.0046
    661.5291        1.0045
    661.5349        1.0085
    661.5408        1.0156
    661.5466        1.0149
    661.5524        1.0071
    661.5583        1.0018
    661.5641        0.9993
    661.5700        0.9988
    661.5758        1.0009
    661.5816        1.0039
    661.5875        1.0072
    661.5933        1.0101
    661.5991        1.0113
    661.6050        1.0096
    661.6108        1.0067
    661.6166        1.0058
    661.6225        1.0064
    661.6283        1.0075
    661.6342        1.0080
    661.6400        1.0066
    661.6458        1.0057
    661.6517        1.0082
    661.6575        1.0082
    661.6633        1.0014
    661.6692        0.9954
    661.6750        0.9942
    661.6808        0.9970
    661.6867        1.0041
    661.6925        1.0098
    661.6984        1.0117
    661.7042        1.0109
    661.7100        1.0074
    661.7159        1.0026
    661.7217        0.9967
    661.7275        0.9951
    661.7334        0.9992
    661.7392        1.0050
    661.7450        1.0128
    661.7509        1.0141
    661.7567        1.0073
    661.7626        1.0030
    661.7684        1.0013
    661.7742        1.0015
    661.7801        1.0038
    661.7859        1.0056
    661.7917        1.0068
    661.7976        1.0080
    661.8034        1.0088
    661.8092        1.0093
    661.8151        1.0085
    661.8209        1.0040
    661.8268        0.9994
    661.8326        1.0016
    661.8384        1.0069
    661.8443        1.0097
    661.8501        1.0104
    661.8559        1.0091
    661.8618        1.0067
    661.8676        1.0050
    661.8734        1.0035
    661.8793        1.0020
    661.8851        1.0022
    661.8910        1.0056
    661.8968        1.0080
    661.9026        1.0071
    661.9085        1.0071
    661.9143        1.0099
    661.9201        1.0105
    661.9260        1.0067
    661.9318        1.0068
    661.9376        1.0136
    661.9435        1.0146
    661.9493        1.0074
    661.9552        1.0035
    661.9610        1.0035
    661.9668        1.0035
    661.9727        1.0041
    661.9785        1.0066
    661.9843        1.0104
    661.9902        1.0115
    661.9960        1.0097
    662.0018        1.0076
    662.0077        1.0056
    662.0135        1.0068
    662.0194        1.0105
    662.0252        1.0129
    662.0310        1.0134
    662.0369        1.0111
    662.0427        1.0079
    662.0485        1.0088
    662.0544        1.0105
    662.0602        1.0075
    662.0660        1.0039
    662.0719        1.0045
    662.0777        1.0062
    662.0836        1.0062
    662.0894        1.0063
    662.0952        1.0074
    662.1011        1.0085
    662.1069        1.0088
    662.1127        1.0104
    662.1186        1.0144
    662.1244        1.0168
    662.1302        1.0154
    662.1361        1.0146
    662.1419        1.0158
    662.1478        1.0137
    662.1536        1.0074
    662.1594        1.0036
    662.1653        1.0037
    662.1711        1.0052
    662.1769        1.0088
    662.1828        1.0086
    662.1886        1.0041
    662.1944        1.0041
    662.2003        1.0079
    662.2061        1.0073
    662.2120        1.0036
    662.2178        1.0025
    662.2236        1.0041
    662.2295        1.0081
    662.2353        1.0132
    662.2411        1.0138
    662.2470        1.0121
    662.2528        1.0132
    662.2587        1.0156
    662.2645        1.0174
    662.2703        1.0170
    662.2762        1.0116
    662.2820        1.0066
    662.2878        1.0075
    662.2937        1.0095
    662.2995        1.0088
    662.3053        1.0085
    662.3112        1.0102
    662.3170        1.0111
    662.3229        1.0100
    662.3287        1.0079
    662.3345        1.0048
    662.3404        1.0039
    662.3462        1.0066
    662.3520        1.0090
    662.3579        1.0109
    662.3637        1.0112
    662.3695        1.0090
    662.3754        1.0100
    662.3812        1.0147
    662.3871        1.0158
    662.3929        1.0131
    662.3987        1.0117
    662.4046        1.0118
    662.4104        1.0129
    662.4162        1.0152
    662.4221        1.0166
    662.4279        1.0176
    662.4337        1.0204
    662.4396        1.0221
    662.4454        1.0153
    662.4513        1.0064
    662.4571        1.0079
    662.4629        1.0130
    662.4688        1.0112
    662.4746        1.0075
    662.4804        1.0081
    662.4863        1.0083
    662.4921        1.0043
    662.4979        1.0011
    662.5038        1.0023
    662.5096        1.0042
    662.5155        1.0043
    662.5213        1.0065
    662.5271        1.0128
    662.5330        1.0154
    662.5388        1.0112
    662.5446        1.0073
    662.5505        1.0050
    662.5563        1.0063
    662.5621        1.0129
    662.5680        1.0169
    662.5738        1.0174
    662.5797        1.0152
    662.5855        1.0098
    662.5913        1.0091
    662.5972        1.0133
    662.6030        1.0132
    662.6088        1.0108
    662.6147        1.0157
    662.6205        1.0236
    662.6263        1.0180
    662.6322        1.0042
    662.6380        0.9986
    662.6439        0.9994
    662.6497        1.0027
    662.6555        1.0062
    662.6614        1.0049
    662.6672        1.0030
    662.6730        1.0057
    662.6789        1.0117
    662.6847        1.0206
    662.6905        1.0256
    662.6964        1.0214
    662.7022        1.0164
    662.7081        1.0167
    662.7139        1.0151
    662.7197        1.0089
    662.7256        1.0053
    662.7314        1.0068
    662.7372        1.0097
    662.7431        1.0134
    662.7489        1.0170
    662.7547        1.0199
    662.7606        1.0203
    662.7664        1.0173
    662.7723        1.0147
    662.7781        1.0129
    662.7839        1.0104
    662.7898        1.0078
    662.7956        1.0074
    662.8014        1.0084
    662.8073        1.0053
    662.8131        1.0004
    662.8189        1.0015
    662.8248        1.0061
    662.8306        1.0063
    662.8365        1.0040
    662.8423        1.0030
    662.8481        1.0031
    662.8540        1.0049
    662.8598        1.0075
    662.8656        1.0093
    662.8715        1.0119
    662.8773        1.0170
    662.8831        1.0189
    662.8890        1.0131
    662.8948        1.0100
    662.9007        1.0153
    662.9065        1.0177
    662.9123        1.0120
    662.9182        1.0098
    662.9240        1.0151
    662.9298        1.0155
    662.9357        1.0080
    662.9415        1.0061
    662.9473        1.0119
    662.9532        1.0146
    662.9590        1.0140
    662.9649        1.0111
    662.9707        1.0054
    662.9765        1.0016
    662.9824        1.0006
    662.9882        1.0047
    662.9940        1.0117
    662.9999        1.0093
    663.0057        1.0014
    663.0115        1.0003
    663.0174        1.0038
    663.0232        1.0072
    663.0291        1.0090
    663.0349        1.0061
    663.0407        1.0019
    663.0466        1.0000
    663.0524        1.0018
    663.0582        1.0088
    663.0641        1.0147
    663.0699        1.0147
    663.0757        1.0118
    663.0816        1.0066
    663.0874        1.0046
    663.0933        1.0094
    663.0991        1.0118
    663.1049        1.0092
    663.1108        1.0071
    663.1166        1.0060
    663.1224        1.0080
    663.1283        1.0140
    663.1341        1.0166
    663.1400        1.0146
    663.1458        1.0108
    663.1516        1.0050
    663.1575        1.0031
    663.1633        1.0054
    663.1691        1.0087
    663.1750        1.0116
    663.1808        1.0085
    663.1866        1.0022
    663.1925        1.0013
    663.1983        1.0040
    663.2042        1.0060
    663.2100        1.0080
    663.2158        1.0105
    663.2217        1.0116
    663.2275        1.0099
    663.2333        1.0073
    663.2392        1.0059
    663.2450        1.0051
    663.2508        1.0050
    663.2567        1.0054
    663.2625        1.0063
    663.2684        1.0053
    663.2742        1.0017
    663.2800        0.9989
    663.2859        0.9978
    663.2917        0.9993
    663.2975        1.0042
    663.3034        1.0063
    663.3092        1.0048
    663.3150        1.0029
    663.3209        1.0005
    663.3267        0.9996
    663.3326        1.0006
    663.3384        1.0020
    663.3442        1.0031
    663.3501        1.0009
    663.3559        0.9966
    663.3617        0.9964
    663.3676        0.9997
    663.3734        1.0051
    663.3792        1.0088
    663.3851        1.0046
    663.3909        0.9973
    663.3968        0.9940
    663.4026        0.9955
    663.4084        1.0035
    663.4143        1.0100
    663.4201        1.0083
    663.4259        1.0048
    663.4318        1.0019
    663.4376        1.0022
    663.4434        1.0083
    663.4493        1.0093
    663.4551        1.0009
    663.4610        0.9971
    663.4668        1.0008
    663.4726        1.0032
    663.4785        1.0037
    663.4843        1.0045
    663.4901        1.0053
    663.4960        1.0052
    663.5018        1.0038
    663.5076        1.0012
    663.5135        0.9979
    663.5193        0.9963
    663.5252        0.9967
    663.5310        0.9987
    663.5368        1.0015
    663.5427        1.0042
    663.5485        1.0045
    663.5543        0.9989
    663.5602        0.9948
    663.5660        1.0021
    663.5718        1.0113
    663.5777        1.0138
    663.5835        1.0100
    663.5894        0.9991
    663.5952        0.9919
    663.6010        0.9955
    663.6069        1.0000
    663.6127        1.0015
    663.6185        1.0031
    663.6244        1.0049
    663.6302        1.0047
    663.6360        1.0018
    663.6419        1.0001
    663.6477        1.0000
    663.6536        0.9999
    663.6594        0.9999
    663.6652        0.9980
    663.6711        0.9945
    663.6769        0.9928
    663.6827        0.9931
    663.6886        0.9939
    663.6944        0.9962
    663.7002        1.0014
    663.7061        1.0069
    663.7119        1.0071
    663.7178        1.0047
    663.7236        1.0048
    663.7294        1.0046
    663.7353        1.0008
    663.7411        0.9971
    663.7469        0.9961
    663.7528        0.9973
    663.7586        1.0004
    663.7644        1.0028
    663.7703        1.0022
    663.7761        1.0041
    663.7820        1.0112
    663.7878        1.0130
    663.7936        1.0065
    663.7995        1.0007
    663.8053        0.9966
    663.8111        0.9961
    663.8170        1.0006
    663.8228        1.0038
    663.8286        1.0054
    663.8345        1.0063
    663.8403        1.0061
    663.8462        1.0073
    663.8520        1.0088
    663.8578        1.0066
    663.8637        1.0022
    663.8695        1.0011
    663.8753        1.0006
    663.8812        0.9962
    663.8870        0.9921
    663.8928        0.9944
    663.8987        0.9979
    663.9045        0.9973
    663.9104        0.9969
    663.9162        0.9998
    663.9220        0.9999
    663.9279        0.9929
    663.9337        0.9896
    663.9395        0.9952
    663.9454        0.9984
    663.9512        0.9959
    663.9570        0.9969
    663.9629        1.0030
    663.9687        1.0062
    663.9746        1.0055
    663.9804        1.0038
    663.9862        1.0008
    663.9921        0.9981
    663.9979        0.9965
    664.0037        0.9963
    664.0096        0.9987
    664.0154        1.0038
    664.0213        1.0099
    664.0271        1.0120
    664.0329        1.0107
    664.0388        1.0086
    664.0446        1.0048
    664.0504        0.9985
    664.0563        0.9941
    664.0621        0.9959
    664.0679        0.9992
    664.0738        1.0004
    664.0796        0.9989
    664.0855        0.9934
    664.0913        0.9918
    664.0971        0.9974
    664.1030        1.0022
    664.1088        1.0039
    664.1146        1.0037
    664.1205        1.0013
    664.1263        0.9961
    664.1321        0.9881
    664.1380        0.9895
    664.1438        1.0011
    664.1497        1.0049
    664.1555        1.0013
    664.1613        1.0008
    664.1672        1.0019
    664.1730        1.0024
    664.1788        1.0020
    664.1847        0.9987
    664.1905        0.9953
    664.1963        0.9970
    664.2022        0.9991
    664.2080        0.9945
    664.2139        0.9897
    664.2197        0.9906
    664.2255        0.9932
    664.2314        0.9950
    664.2372        0.9976
    664.2430        1.0020
    664.2489        1.0048
    664.2547        1.0045
    664.2605        1.0041
    664.2664        1.0040
    664.2722        1.0040
    664.2781        1.0040
    664.2839        1.0030
    664.2897        1.0007
    664.2956        0.9972
    664.3014        0.9933
    664.3072        0.9941
    664.3131        0.9993
    664.3189        1.0021
    664.3247        1.0025
    664.3306        1.0008
    664.3364        0.9971
    664.3423        0.9932
    664.3481        0.9899
    664.3539        0.9885
    664.3598        0.9887
    664.3656        0.9895
    664.3714        0.9907
    664.3773        0.9921
    664.3831        0.9925
    664.3889        0.9906
    664.3948        0.9918
    664.4006        0.9998
    664.4065        1.0037
    664.4123        0.9998
    664.4181        0.9951
    664.4240        0.9903
    664.4298        0.9892
    664.4356        0.9932
    664.4415        0.9995
    664.4473        1.0079
    664.4531        1.0103
    664.4590        1.0062
    664.4648        1.0023
    664.4707        0.9983
    664.4765        0.9938
    664.4823        0.9910
    664.4882        0.9938
    664.4940        0.9996
    664.4998        1.0038
    664.5057        1.0047
    664.5115        1.0008
    664.5173        0.9959
    664.5232        0.9937
    664.5290        0.9936
    664.5349        0.9954
    664.5407        0.9967
    664.5465        0.9963
    664.5524        0.9970
    664.5582        0.9992
    664.5640        1.0037
    664.5699        1.0118
    664.5757        1.0118
