    650.3607        0.9759
    650.3649        0.9752
    650.3690        0.9747
    650.3732        0.9759
    650.3773        0.9791
    650.3814        0.9827
    650.3856        0.9844
    650.3897        0.9831
    650.3939        0.9797
    650.3980        0.9766
    650.4022        0.9753
    650.4063        0.9751
    650.4105        0.9741
    650.4146        0.9721
    650.4188        0.9708
    650.4229        0.9728
    650.4271        0.9786
    650.4312        0.9857
    650.4353        0.9905
    650.4395        0.9922
    650.4436        0.9924
    650.4478        0.9941
    650.4519        0.9982
    650.4561        1.0025
    650.4602        1.0042
    650.4644        1.0031
    650.4685        1.0015
    650.4727        1.0017
    650.4768        1.0038
    650.4809        1.0054
    650.4851        1.0045
    650.4892        1.0020
    650.4934        1.0013
    650.4975        1.0038
    650.5017        1.0080
    650.5058        1.0102
    650.5100        1.0078
    650.5141        1.0013
    650.5183        0.9944
    650.5224        0.9904
    650.5266        0.9904
    650.5307        0.9933
    650.5348        0.9970
    650.5390        0.9995
    650.5431        1.0005
    650.5473        1.0010
    650.5514        1.0020
    650.5556        1.0039
    650.5597        1.0053
    650.5639        1.0050
    650.5680        1.0033
    650.5722        1.0010
    650.5763        0.9997
    650.5805        1.0002
    650.5846        1.0025
    650.5887        1.0049
    650.5929        1.0053
    650.5970        1.0034
    650.6012        1.0011
    650.6053        1.0009
    650.6095        1.0040
    650.6136        1.0095
    650.6178        1.0151
    650.6219        1.0185
    650.6261        1.0191
    650.6302        1.0182
    650.6343        1.0177
    650.6385        1.0175
    650.6426        1.0154
    650.6468        1.0098
    650.6509        1.0021
    650.6551        0.9960
    650.6592        0.9939
    650.6634        0.9955
    650.6675        0.9991
    650.6717        1.0028
    650.6758        1.0060
    650.6800        1.0081
    650.6841        1.0081
    650.6882        1.0063
    650.6924        1.0045
    650.6965        1.0049
    650.7007        1.0077
    650.7048        1.0108
    650.7090        1.0123
    650.7131        1.0116
    650.7173        1.0098
    650.7214        1.0087
    650.7256        1.0083
    650.7297        1.0070
    650.7338        1.0026
    650.7380        0.9945
    650.7421        0.9852
    650.7463        0.9783
    650.7504        0.9763
    650.7546        0.9786
    650.7587        0.9818
    650.7629        0.9834
    650.7670        0.9835
    650.7712        0.9847
    650.7753        0.9878
    650.7795        0.9919
    650.7836        0.9951
    650.7877        0.9967
    650.7919        0.9971
    650.7960        0.9977
    650.8002        0.9995
    650.8043        1.0035
    650.8085        1.0084
    650.8126        1.0125
    650.8168        1.0134
    650.8209        1.0102
    650.8251        1.0026
    650.8292        0.9913
    650.8334        0.9773
    650.8375        0.9623
    650.8416        0.9500
    650.8458        0.9437
    650.8499        0.9436
    650.8541        0.9462
    650.8582        0.9481
    650.8624        0.9489
    650.8665        0.9504
    650.8707        0.9539
    650.8748        0.9589
    650.8790        0.9629
    650.8831        0.9650
    650.8872        0.9666
    650.8914        0.9698
    650.8955        0.9752
    650.8997        0.9818
    650.9038        0.9877
    650.9080        0.9918
    650.9121        0.9940
    650.9163        0.9952
    650.9204        0.9974
    650.9246        1.0013
    650.9287        1.0059
    650.9329        1.0086
    650.9370        1.0069
    650.9411        1.0009
    650.9453        0.9939
    650.9494        0.9894
    650.9536        0.9890
    650.9577        0.9918
    650.9619        0.9951
    650.9660        0.9965
    650.9702        0.9949
    650.9743        0.9922
    650.9785        0.9913
    650.9826        0.9945
    650.9868        1.0011
    650.9909        1.0083
    650.9950        1.0139
    650.9992        1.0165
    651.0033        1.0163
    651.0075        1.0139
    651.0116        1.0102
    651.0158        1.0065
    651.0199        1.0035
    651.0241        1.0016
    651.0282        0.9996
    651.0324        0.9961
    651.0365        0.9913
    651.0406        0.9869
    651.0448        0.9851
    651.0489        0.9873
    651.0531        0.9921
    651.0572        0.9972
    651.0614        1.0008
    651.0655        1.0018
    651.0697        1.0001
    651.0738        0.9964
    651.0780        0.9928
    651.0821        0.9915
    651.0863        0.9933
    651.0904        0.9965
    651.0945        0.9998
    651.0987        1.0021
    651.1028        1.0037
    651.1070        1.0048
    651.1111        1.0048
    651.1153        1.0028
    651.1194        0.9989
    651.1236        0.9944
    651.1277        0.9914
    651.1319        0.9910
    651.1360        0.9936
    651.1401        0.9982
    651.1443        1.0026
    651.1484        1.0049
    651.1526        1.0033
    651.1567        0.9977
    651.1609        0.9907
    651.1650        0.9857
    651.1692        0.9840
    651.1733        0.9839
    651.1775        0.9826
    651.1816        0.9790
    651.1858        0.9743
    651.1899        0.9695
    651.1940        0.9648
    651.1982        0.9594
    651.2023        0.9530
    651.2065        0.9476
    651.2106        0.9447
    651.2148        0.9452
    651.2189        0.9482
    651.2231        0.9538
    651.2272        0.9611
    651.2314        0.9688
    651.2355        0.9749
    651.2397        0.9780
    651.2438        0.9788
    651.2479        0.9796
    651.2521        0.9828
    651.2562        0.9884
    651.2604        0.9951
    651.2645        1.0012
    651.2687        1.0062
    651.2728        1.0101
    651.2770        1.0133
    651.2811        1.0159
    651.2853        1.0180
    651.2894        1.0193
    651.2935        1.0196
    651.2977        1.0184
    651.3018        1.0157
    651.3060        1.0115
    651.3101        1.0064
    651.3143        1.0012
    651.3184        0.9963
    651.3226        0.9921
    651.3267        0.9889
    651.3309        0.9867
    651.3350        0.9857
    651.3392        0.9862
    651.3433        0.9876
    651.3474        0.9882
    651.3516        0.9872
    651.3557        0.9864
    651.3599        0.9879
    651.3640        0.9920
    651.3682        0.9966
    651.3723        1.0005
    651.3765        1.0033
    651.3806        1.0043
    651.3848        1.0025
    651.3889        0.9989
    651.3930        0.9954
    651.3972        0.9925
    651.4013        0.9895
    651.4055        0.9858
    651.4096        0.9822
    651.4138        0.9791
    651.4179        0.9758
    651.4221        0.9712
    651.4262        0.9646
    651.4304        0.9562
    651.4345        0.9466
    651.4387        0.9359
    651.4428        0.9244
    651.4469        0.9130
    651.4511        0.9034
    651.4552        0.8957
    651.4594        0.8887
    651.4635        0.8824
    651.4677        0.8783
    651.4718        0.8782
    651.4760        0.8825
    651.4801        0.8907
    651.4843        0.9026
    651.4884        0.9171
    651.4926        0.9324
    651.4967        0.9466
    651.5008        0.9588
    651.5050        0.9678
    651.5091        0.9733
    651.5133        0.9757
    651.5174        0.9765
    651.5216        0.9774
    651.5257        0.9791
    651.5299        0.9817
    651.5340        0.9846
    651.5382        0.9870
    651.5423        0.9876
    651.5464        0.9859
    651.5506        0.9820
    651.5547        0.9766
    651.5589        0.9698
    651.5630        0.9627
    651.5672        0.9569
    651.5713        0.9526
    651.5755        0.9484
    651.5796        0.9430
    651.5838        0.9384
    651.5879        0.9377
    651.5921        0.9421
    651.5962        0.9496
    651.6003        0.9562
    651.6045        0.9585
    651.6086        0.9559
    651.6128        0.9493
    651.6169        0.9386
    651.6211        0.9235
    651.6252        0.9040
    651.6294        0.8807
    651.6335        0.8545
    651.6377        0.8272
    651.6418        0.8023
    651.6460        0.7837
    651.6501        0.7740
    651.6542        0.7732
    651.6584        0.7800
    651.6625        0.7930
    651.6667        0.8103
    651.6708        0.8296
    651.6750        0.8478
    651.6791        0.8625
    651.6833        0.8728
    651.6874        0.8789
    651.6916        0.8814
    651.6957        0.8815
    651.6998        0.8824
    651.7040        0.8875
    651.7081        0.8968
    651.7123        0.9081
    651.7164        0.9198
    651.7206        0.9316
    651.7247        0.9451
    651.7289        0.9603
    651.7330        0.9755
    651.7372        0.9873
    651.7413        0.9944
    651.7455        0.9970
    651.7496        0.9968
    651.7537        0.9955
    651.7579        0.9942
    651.7620        0.9935
    651.7662        0.9923
    651.7703        0.9888
    651.7745        0.9822
    651.7786        0.9741
    651.7828        0.9669
    651.7869        0.9621
    651.7911        0.9589
    651.7952        0.9554
    651.7993        0.9520
    651.8035        0.9513
    651.8076        0.9553
    651.8118        0.9634
    651.8159        0.9732
    651.8201        0.9818
    651.8242        0.9872
    651.8284        0.9887
    651.8325        0.9882
    651.8367        0.9886
    651.8408        0.9915
    651.8450        0.9960
    651.8491        0.9995
    651.8532        0.9998
    651.8574        0.9965
    651.8615        0.9906
    651.8657        0.9847
    651.8698        0.9807
    651.8740        0.9795
    651.8781        0.9809
    651.8823        0.9832
    651.8864        0.9847
    651.8906        0.9838
    651.8947        0.9801
    651.8989        0.9741
    651.9030        0.9666
    651.9071        0.9582
    651.9113        0.9494
    651.9154        0.9411
    651.9196        0.9339
    651.9237        0.9285
    651.9279        0.9243
    651.9320        0.9206
    651.9362        0.9165
    651.9403        0.9120
    651.9445        0.9077
    651.9486        0.9054
    651.9527        0.9070
    651.9569        0.9144
    651.9610        0.9281
    651.9652        0.9461
    651.9693        0.9639
    651.9735        0.9767
    651.9776        0.9831
    651.9818        0.9851
    651.9859        0.9866
    651.9901        0.9898
    651.9942        0.9938
    651.9984        0.9973
    652.0025        1.0012
    652.0066        1.0064
    652.0108        1.0111
    652.0149        1.0121
    652.0191        1.0086
    652.0232        1.0028
    652.0274        0.9984
    652.0315        0.9976
    652.0357        0.9993
    652.0398        1.0011
    652.0440        1.0031
    652.0481        1.0061
    652.0523        1.0101
    652.0564        1.0140
    652.0605        1.0165
    652.0647        1.0169
    652.0688        1.0150
    652.0730        1.0111
    652.0771        1.0071
    652.0813        1.0050
    652.0854        1.0054
    652.0896        1.0077
    652.0937        1.0099
    652.0979        1.0104
    652.1020        1.0097
    652.1061        1.0092
    652.1103        1.0100
    652.1144        1.0119
    652.1186        1.0126
    652.1227        1.0107
    652.1269        1.0064
    652.1310        1.0013
    652.1352        0.9966
    652.1393        0.9931
    652.1435        0.9910
    652.1476        0.9912
    652.1518        0.9941
    652.1559        0.9987
    652.1600        1.0035
    652.1642        1.0068
    652.1683        1.0080
    652.1725        1.0077
    652.1766        1.0057
    652.1808        1.0016
    652.1849        0.9959
    652.1891        0.9900
    652.1932        0.9855
    652.1974        0.9839
    652.2015        0.9850
    652.2056        0.9875
    652.2098        0.9889
    652.2139        0.9871
    652.2181        0.9826
    652.2222        0.9783
    652.2264        0.9774
    652.2305        0.9816
    652.2347        0.9893
    652.2388        0.9967
    652.2430        1.0001
    652.2471        0.9986
    652.2513        0.9950
    652.2554        0.9936
    652.2595        0.9967
    652.2637        1.0021
    652.2678        1.0059
    652.2720        1.0055
    652.2761        1.0007
    652.2803        0.9931
    652.2844        0.9847
    652.2886        0.9775
    652.2927        0.9728
    652.2969        0.9716
    652.3010        0.9734
    652.3052        0.9768
    652.3093        0.9801
    652.3134        0.9817
    652.3176        0.9811
    652.3217        0.9784
    652.3259        0.9742
    652.3300        0.9699
    652.3342        0.9665
    652.3383        0.9641
    652.3425        0.9623
    652.3466        0.9598
    652.3508        0.9553
    652.3549        0.9479
    652.3590        0.9374
    652.3632        0.9253
    652.3673        0.9150
    652.3715        0.9100
    652.3756        0.9118
    652.3798        0.9179
    652.3839        0.9245
    652.3881        0.9297
    652.3922        0.9338
    652.3964        0.9389
    652.4005        0.9460
    652.4047        0.9542
    652.4088        0.9616
    652.4129        0.9669
    652.4171        0.9705
    652.4212        0.9740
    652.4254        0.9789
    652.4295        0.9849
    652.4337        0.9904
    652.4378        0.9936
    652.4420        0.9940
    652.4461        0.9931
    652.4503        0.9936
    652.4544        0.9970
    652.4586        1.0026
    652.4627        1.0087
    652.4668        1.0133
    652.4710        1.0157
    652.4751        1.0155
    652.4793        1.0128
    652.4834        1.0085
    652.4876        1.0045
    652.4917        1.0029
    652.4959        1.0042
    652.5000        1.0069
    652.5042        1.0088
    652.5083        1.0090
    652.5124        1.0085
    652.5166        1.0082
    652.5207        1.0064
    652.5249        1.0014
    652.5290        0.9946
    652.5332        0.9895
    652.5373        0.9888
    652.5415        0.9924
    652.5456        0.9970
    652.5498        0.9993
    652.5539        0.9978
    652.5581        0.9940
    652.5622        0.9897
    652.5663        0.9854
    652.5705        0.9812
    652.5746        0.9774
    652.5788        0.9761
    652.5829        0.9788
    652.5871        0.9844
    652.5912        0.9897
    652.5954        0.9934
    652.5995        0.9958
    652.6037        0.9975
    652.6078        0.9986
    652.6119        0.9989
    652.6161        0.9982
    652.6202        0.9968
    652.6244        0.9949
    652.6285        0.9925
    652.6327        0.9898
    652.6368        0.9879
    652.6410        0.9881
    652.6451        0.9902
    652.6493        0.9928
    652.6534        0.9953
    652.6576        0.9977
    652.6617        0.9997
    652.6658        1.0008
    652.6700        1.0005
    652.6741        1.0000
    652.6783        1.0015
    652.6824        1.0057
    652.6866        1.0097
    652.6907        1.0098
    652.6949        1.0052
    652.6990        0.9989
    652.7032        0.9941
    652.7073        0.9924
    652.7115        0.9932
    652.7156        0.9956
    652.7197        0.9993
    652.7239        1.0042
    652.7280        1.0093
    652.7322        1.0131
    652.7363        1.0146
    652.7405        1.0137
    652.7446        1.0113
    652.7488        1.0082
    652.7529        1.0052
    652.7571        1.0026
    652.7612        0.9999
    652.7653        0.9964
    652.7695        0.9931
    652.7736        0.9924
    652.7778        0.9957
    652.7819        1.0012
    652.7861        1.0063
    652.7902        1.0086
    652.7944        1.0089
    652.7985        1.0090
    652.8027        1.0099
    652.8068        1.0101
    652.8110        1.0080
    652.8151        1.0037
    652.8192        0.9982
    652.8234        0.9939
    652.8275        0.9927
    652.8317        0.9953
    652.8358        1.0006
    652.8400        1.0065
    652.8441        1.0103
    652.8483        1.0110
    652.8524        1.0094
    652.8566        1.0073
    652.8607        1.0066
    652.8649        1.0079
    652.8690        1.0104
    652.8731        1.0127
    652.8773        1.0137
    652.8814        1.0136
    652.8856        1.0124
    652.8897        1.0095
    652.8939        1.0052
    652.8980        1.0005
    652.9022        0.9973
    652.9063        0.9961
    652.9105        0.9969
    652.9146        0.9986
    652.9187        1.0006
    652.9229        1.0026
    652.9270        1.0042
    652.9312        1.0044
    652.9353        1.0029
    652.9395        1.0009
    652.9436        0.9991
    652.9478        0.9979
    652.9519        0.9979
    652.9561        1.0001
    652.9602        1.0035
    652.9644        1.0047
    652.9685        1.0026
    652.9726        0.9993
    652.9768        0.9981
    652.9809        1.0001
    652.9851        1.0039
    652.9892        1.0075
    652.9934        1.0085
    652.9975        1.0058
    653.0017        0.9994
    653.0058        0.9915
    653.0100        0.9851
    653.0141        0.9829
    653.0182        0.9842
    653.0224        0.9855
    653.0265        0.9838
    653.0307        0.9800
    653.0348        0.9760
    653.0390        0.9733
    653.0431        0.9718
    653.0473        0.9718
    653.0514        0.9730
    653.0556        0.9748
    653.0597        0.9756
    653.0639        0.9750
    653.0680        0.9737
    653.0721        0.9741
    653.0763        0.9774
    653.0804        0.9830
    653.0846        0.9888
    653.0887        0.9931
    653.0929        0.9959
    653.0970        0.9984
    653.1012        1.0018
    653.1053        1.0063
    653.1095        1.0109
    653.1136        1.0137
    653.1178        1.0138
    653.1219        1.0117
    653.1260        1.0091
    653.1302        1.0079
    653.1343        1.0084
    653.1385        1.0093
    653.1426        1.0095
    653.1468        1.0096
    653.1509        1.0102
    653.1551        1.0094
    653.1592        1.0059
    653.1634        1.0006
    653.1675        0.9962
    653.1716        0.9945
    653.1758        0.9952
    653.1799        0.9959
    653.1841        0.9945
    653.1882        0.9908
    653.1924        0.9859
    653.1965        0.9801
    653.2007        0.9720
    653.2048        0.9605
    653.2090        0.9454
    653.2131        0.9283
    653.2173        0.9121
    653.2214        0.8988
    653.2255        0.8894
    653.2297        0.8837
    653.2338        0.8818
    653.2380        0.8841
    653.2421        0.8915
    653.2463        0.9047
    653.2504        0.9231
    653.2546        0.9431
    653.2587        0.9606
    653.2629        0.9728
    653.2670        0.9795
    653.2712        0.9837
    653.2753        0.9881
    653.2794        0.9931
    653.2836        0.9977
    653.2877        1.0013
    653.2919        1.0038
    653.2960        1.0057
    653.3002        1.0073
    653.3043        1.0074
    653.3085        1.0060
    653.3126        1.0039
    653.3168        1.0027
    653.3209        1.0026
    653.3250        1.0038
    653.3292        1.0058
    653.3333        1.0074
    653.3375        1.0065
    653.3416        1.0015
    653.3458        0.9940
    653.3499        0.9870
    653.3541        0.9834
    653.3582        0.9833
    653.3624        0.9840
    653.3665        0.9824
    653.3707        0.9784
    653.3748        0.9740
    653.3789        0.9719
    653.3831        0.9721
    653.3872        0.9723
    653.3914        0.9697
    653.3955        0.9643
    653.3997        0.9577
    653.4038        0.9513
    653.4080        0.9463
    653.4121        0.9442
    653.4163        0.9465
    653.4204        0.9525
    653.4245        0.9602
    653.4287        0.9669
    653.4328        0.9713
    653.4370        0.9731
    653.4411        0.9735
    653.4453        0.9741
    653.4494        0.9759
    653.4536        0.9782
    653.4577        0.9795
    653.4619        0.9792
    653.4660        0.9779
    653.4702        0.9767
    653.4743        0.9769
    653.4784        0.9787
    653.4826        0.9814
    653.4867        0.9839
    653.4909        0.9851
    653.4950        0.9845
    653.4992        0.9831
    653.5033        0.9827
    653.5075        0.9849
    653.5116        0.9893
    653.5158        0.9945
    653.5199        0.9989
    653.5241        1.0023
    653.5282        1.0049
    653.5323        1.0072
    653.5365        1.0089
    653.5406        1.0090
    653.5448        1.0067
    653.5489        1.0025
    653.5531        0.9991
    653.5572        0.9988
    653.5614        1.0026
    653.5655        1.0083
    653.5697        1.0128
    653.5738        1.0144
    653.5779        1.0124
    653.5821        1.0080
    653.5862        1.0022
    653.5904        0.9963
    653.5945        0.9920
    653.5987        0.9907
    653.6028        0.9923
    653.6070        0.9956
    653.6111        0.9990
    653.6153        1.0015
    653.6194        1.0018
    653.6236        0.9984
    653.6277        0.9915
    653.6318        0.9823
    653.6360        0.9731
    653.6401        0.9665
    653.6443        0.9637
    653.6484        0.9643
    653.6526        0.9668
    653.6567        0.9693
    653.6609        0.9714
    653.6650        0.9732
    653.6692        0.9742
    653.6733        0.9743
    653.6775        0.9742
    653.6816        0.9749
    653.6857        0.9765
    653.6899        0.9785
    653.6940        0.9802
    653.6982        0.9813
    653.7023        0.9829
    653.7065        0.9851
    653.7106        0.9877
    653.7148        0.9899
    653.7189        0.9925
    653.7231        0.9960
    653.7272        0.9999
    653.7313        1.0029
    653.7355        1.0051
    653.7396        1.0070
    653.7438        1.0087
    653.7479        1.0095
    653.7521        1.0091
    653.7562        1.0073
    653.7604        1.0038
    653.7645        0.9997
    653.7687        0.9969
    653.7728        0.9971
    653.7770        1.0007
    653.7811        1.0062
    653.7852        1.0120
    653.7894        1.0170
    653.7935        1.0196
    653.7977        1.0192
    653.8018        1.0160
    653.8060        1.0115
    653.8101        1.0065
    653.8143        1.0023
    653.8184        1.0004
    653.8226        1.0019
    653.8267        1.0051
    653.8308        1.0066
    653.8350        1.0045
    653.8391        0.9995
    653.8433        0.9940
    653.8474        0.9898
    653.8516        0.9873
    653.8557        0.9856
    653.8599        0.9845
    653.8640        0.9848
    653.8682        0.9862
    653.8723        0.9877
    653.8765        0.9891
    653.8806        0.9904
    653.8847        0.9925
    653.8889        0.9954
    653.8930        0.9988
    653.8972        1.0014
    653.9013        1.0024
    653.9055        1.0019
    653.9096        1.0009
    653.9138        1.0006
    653.9179        1.0004
    653.9221        0.9995
    653.9262        0.9981
    653.9304        0.9968
    653.9345        0.9953
    653.9386        0.9930
    653.9428        0.9906
    653.9469        0.9893
    653.9511        0.9897
    653.9552        0.9920
    653.9594        0.9957
    653.9635        1.0000
    653.9677        1.0027
    653.9718        1.0022
    653.9760        0.9996
    653.9801        0.9973
    653.9842        0.9958
    653.9884        0.9945
    653.9925        0.9936
    653.9967        0.9935
    654.0008        0.9945
    654.0050        0.9953
    654.0091        0.9946
    654.0133        0.9919
    654.0174        0.9892
    654.0216        0.9882
    654.0257        0.9889
    654.0299        0.9899
    654.0340        0.9900
    654.0381        0.9889
    654.0423        0.9877
    654.0464        0.9872
    654.0506        0.9876
    654.0547        0.9885
    654.0589        0.9895
    654.0630        0.9902
    654.0672        0.9903
    654.0713        0.9891
    654.0755        0.9873
    654.0796        0.9862
    654.0837        0.9868
    654.0879        0.9891
    654.0920        0.9918
    654.0962        0.9930
    654.1003        0.9918
    654.1045        0.9885
    654.1086        0.9841
    654.1128        0.9805
    654.1169        0.9794
    654.1211        0.9819
    654.1252        0.9872
    654.1294        0.9934
    654.1335        0.9986
    654.1376        1.0013
    654.1418        1.0013
    654.1459        0.9996
    654.1501        0.9988
    654.1542        1.0006
    654.1584        1.0041
    654.1625        1.0070
    654.1667        1.0080
    654.1708        1.0079
    654.1750        1.0071
    654.1791        1.0061
    654.1833        1.0047
    654.1874        1.0032
    654.1915        1.0010
    654.1957        0.9970
    654.1998        0.9908
    654.2040        0.9823
    654.2081        0.9725
    654.2123        0.9621
    654.2164        0.9519
    654.2206        0.9432
    654.2247        0.9379
    654.2289        0.9377
    654.2330        0.9421
    654.2371        0.9496
    654.2413        0.9581
    654.2454        0.9664
    654.2496        0.9722
    654.2537        0.9750
    654.2579        0.9760
    654.2620        0.9776
    654.2662        0.9812
    654.2703        0.9863
    654.2745        0.9913
    654.2786        0.9942
    654.2828        0.9941
    654.2869        0.9916
    654.2910        0.9883
    654.2952        0.9864
    654.2993        0.9866
    654.3035        0.9891
    654.3076        0.9938
    654.3118        0.9999
    654.3159        1.0058
    654.3201        1.0098
    654.3242        1.0111
    654.3284        1.0101
    654.3325        1.0068
    654.3367        1.0015
    654.3408        0.9951
    654.3449        0.9886
    654.3491        0.9824
    654.3532        0.9757
    654.3574        0.9668
    654.3615        0.9532
    654.3657        0.9339
    654.3698        0.9099
    654.3740        0.8853
    654.3781        0.8645
    654.3823        0.8494
    654.3864        0.8403
    654.3905        0.8386
    654.3947        0.8459
    654.3988        0.8630
    654.4030        0.8869
    654.4071        0.9112
    654.4113        0.9300
    654.4154        0.9411
    654.4196        0.9473
    654.4237        0.9521
    654.4279        0.9581
    654.4320        0.9656
    654.4362        0.9736
    654.4403        0.9812
    654.4444        0.9877
    654.4486        0.9920
    654.4527        0.9933
    654.4569        0.9923
    654.4610        0.9899
    654.4652        0.9874
    654.4693        0.9856
    654.4735        0.9851
    654.4776        0.9857
    654.4818        0.9863
    654.4859        0.9858
    654.4900        0.9840
    654.4942        0.9822
    654.4983        0.9820
    654.5025        0.9838
    654.5066        0.9869
    654.5108        0.9900
    654.5149        0.9927
    654.5191        0.9954
    654.5232        0.9981
    654.5274        1.0001
    654.5315        1.0003
    654.5357        0.9985
    654.5398        0.9945
    654.5439        0.9889
    654.5481        0.9833
    654.5522        0.9792
    654.5564        0.9771
    654.5605        0.9754
    654.5647        0.9726
    654.5688        0.9679
    654.5730        0.9631
    654.5771        0.9601
    654.5813        0.9597
    654.5854        0.9620
    654.5896        0.9673
    654.5937        0.9747
    654.5978        0.9820
    654.6020        0.9868
    654.6061        0.9889
    654.6103        0.9899
    654.6144        0.9906
    654.6186        0.9908
    654.6227        0.9904
    654.6269        0.9884
    654.6310        0.9848
    654.6352        0.9808
    654.6393        0.9786
    654.6434        0.9803
    654.6476        0.9857
    654.6517        0.9921
    654.6559        0.9967
    654.6600        0.9988
    654.6642        0.9999
    654.6683        1.0015
    654.6725        1.0022
    654.6766        1.0004
    654.6808        0.9965
    654.6849        0.9922
    654.6891        0.9889
    654.6932        0.9864
    654.6973        0.9846
    654.7015        0.9837
    654.7056        0.9843
    654.7098        0.9861
    654.7139        0.9879
    654.7181        0.9886
    654.7222        0.9895
    654.7264        0.9914
    654.7305        0.9936
    654.7347        0.9931
    654.7388        0.9868
    654.7430        0.9748
    654.7471        0.9609
    654.7512        0.9491
    654.7554        0.9405
    654.7595        0.9334
    654.7637        0.9269
    654.7678        0.9217
    654.7720        0.9200
    654.7761        0.9231
    654.7803        0.9294
    654.7844        0.9367
    654.7886        0.9441
    654.7927        0.9518
    654.7968        0.9590
    654.8010        0.9647
    654.8051        0.9676
    654.8093        0.9680
    654.8134        0.9678
    654.8176        0.9681
    654.8217        0.9684
    654.8259        0.9666
    654.8300        0.9618
    654.8342        0.9532
    654.8383        0.9414
    654.8425        0.9268
    654.8466        0.9108
    654.8507        0.8950
    654.8549        0.8820
    654.8590        0.8745
    654.8632        0.8740
    654.8673        0.8804
    654.8715        0.8919
    654.8756        0.9062
    654.8798        0.9217
    654.8839        0.9357
    654.8881        0.9458
    654.8922        0.9498
    654.8963        0.9484
    654.9005        0.9442
    654.9046        0.9412
    654.9088        0.9427
    654.9129        0.9498
    654.9171        0.9607
    654.9212        0.9718
    654.9254        0.9797
    654.9295        0.9826
    654.9337        0.9815
    654.9378        0.9796
    654.9420        0.9789
    654.9461        0.9796
    654.9502        0.9808
    654.9544        0.9822
    654.9585        0.9843
    654.9627        0.9881
    654.9668        0.9928
    654.9710        0.9966
    654.9751        0.9984
    654.9793        0.9983
    654.9834        0.9972
    654.9876        0.9954
    654.9917        0.9930
    654.9959        0.9904
    655.0000        0.9884
    655.0041        0.9874
    655.0083        0.9877
    655.0124        0.9888
    655.0166        0.9905
    655.0207        0.9926
    655.0249        0.9947
    655.0290        0.9958
    655.0332        0.9951
    655.0373        0.9922
    655.0415        0.9884
    655.0456        0.9860
    655.0497        0.9863
    655.0539        0.9890
    655.0580        0.9927
    655.0622        0.9954
    655.0663        0.9965
    655.0705        0.9958
    655.0746        0.9941
    655.0788        0.9917
    655.0829        0.9887
    655.0871        0.9859
    655.0912        0.9840
    655.0954        0.9832
    655.0995        0.9835
    655.1036        0.9842
    655.1078        0.9852
    655.1119        0.9862
    655.1161        0.9879
    655.1202        0.9901
    655.1244        0.9916
    655.1285        0.9918
    655.1327        0.9912
    655.1368        0.9919
    655.1410        0.9945
    655.1451        0.9983
    655.1493        1.0015
    655.1534        1.0026
    655.1575        1.0021
    655.1617        1.0004
    655.1658        0.9981
    655.1700        0.9950
    655.1741        0.9907
    655.1783        0.9859
    655.1824        0.9810
    655.1866        0.9766
    655.1907        0.9735
    655.1949        0.9722
    655.1990        0.9725
    655.2031        0.9732
    655.2073        0.9731
    655.2114        0.9719
    655.2156        0.9702
    655.2197        0.9681
    655.2239        0.9651
    655.2280        0.9597
    655.2322        0.9513
    655.2363        0.9398
    655.2405        0.9255
    655.2446        0.9088
    655.2488        0.8912
    655.2529        0.8745
    655.2570        0.8613
    655.2612        0.8544
    655.2653        0.8555
    655.2695        0.8641
    655.2736        0.8776
    655.2778        0.8931
    655.2819        0.9096
    655.2861        0.9267
    655.2902        0.9435
    655.2944        0.9569
    655.2985        0.9636
    655.3026        0.9626
    655.3068        0.9573
    655.3109        0.9529
    655.3151        0.9527
    655.3192        0.9571
    655.3234        0.9640
    655.3275        0.9706
    655.3317        0.9752
    655.3358        0.9775
    655.3400        0.9790
    655.3441        0.9801
    655.3483        0.9790
    655.3524        0.9742
    655.3565        0.9662
    655.3607        0.9574
    655.3648        0.9506
    655.3690        0.9475
    655.3731        0.9480
    655.3773        0.9511
    655.3814        0.9552
    655.3856        0.9604
    655.3897        0.9668
    655.3939        0.9733
    655.3980        0.9765
    655.4022        0.9749
    655.4063        0.9718
    655.4104        0.9709
    655.4146        0.9740
    655.4187        0.9799
    655.4229        0.9871
    655.4270        0.9939
    655.4312        0.9994
    655.4353        1.0032
    655.4395        1.0059
    655.4436        1.0078
    655.4478        1.0089
    655.4519        1.0095
    655.4560        1.0101
    655.4602        1.0108
    655.4643        1.0113
    655.4685        1.0118
    655.4726        1.0137
    655.4768        1.0181
    655.4809        1.0245
    655.4851        1.0301
    655.4892        1.0320
    655.4934        1.0300
    655.4975        1.0265
    655.5017        1.0248
    655.5058        1.0254
    655.5099        1.0279
    655.5141        1.0318
    655.5182        1.0374
    655.5224        1.0450
    655.5265        1.0541
    655.5307        1.0634
    655.5348        1.0721
    655.5390        1.0804
    655.5431        1.0882
    655.5473        1.0946
    655.5514        1.0985
    655.5556        1.0996
    655.5597        1.0980
    655.5638        1.0951
    655.5680        1.0927
    655.5721        1.0928
    655.5763        1.0955
    655.5804        1.0997
    655.5846        1.1047
    655.5887        1.1108
    655.5929        1.1190
    655.5970        1.1292
    655.6012        1.1398
    655.6053        1.1482
    655.6094        1.1538
    655.6136        1.1576
    655.6177        1.1615
    655.6219        1.1667
    655.6260        1.1728
    655.6302        1.1784
    655.6343        1.1826
    655.6385        1.1858
    655.6426        1.1899
    655.6468        1.1974
    655.6509        1.2083
    655.6551        1.2195
    655.6592        1.2273
    655.6633        1.2293
    655.6675        1.2274
    655.6716        1.2253
    655.6758        1.2255
    655.6799        1.2277
    655.6841        1.2301
    655.6882        1.2309
    655.6924        1.2294
    655.6965        1.2264
    655.7007        1.2230
    655.7048        1.2199
    655.7089        1.2168
    655.7131        1.2144
    655.7172        1.2150
    655.7214        1.2214
    655.7255        1.2341
    655.7297        1.2507
    655.7338        1.2678
    655.7380        1.2835
    655.7421        1.2982
    655.7463        1.3133
    655.7504        1.3281
    655.7546        1.3410
    655.7587        1.3502
    655.7628        1.3555
    655.7670        1.3581
    655.7711        1.3594
    655.7753        1.3613
    655.7794        1.3633
    655.7836        1.3636
    655.7877        1.3607
    655.7919        1.3560
    655.7960        1.3516
    655.8002        1.3476
    655.8043        1.3430
    655.8085        1.3382
    655.8126        1.3356
    655.8167        1.3382
    655.8209        1.3473
    655.8250        1.3610
    655.8292        1.3753
    655.8333        1.3860
    655.8375        1.3925
    655.8416        1.3985
    655.8458        1.4078
    655.8499        1.4206
    655.8541        1.4332
    655.8582        1.4422
    655.8623        1.4466
    655.8665        1.4483
    655.8706        1.4502
    655.8748        1.4536
    655.8789        1.4586
    655.8831        1.4647
    655.8872        1.4715
    655.8914        1.4784
    655.8955        1.4846
    655.8997        1.4887
    655.9038        1.4899
    655.9080        1.4884
    655.9121        1.4862
    655.9162        1.4861
    655.9204        1.4888
    655.9245        1.4933
    655.9287        1.4971
    655.9328        1.4990
    655.9370        1.4983
    655.9411        1.4961
    655.9453        1.4944
    655.9494        1.4957
    655.9536        1.4996
    655.9577        1.5022
    655.9619        1.5000
    655.9660        1.4924
    655.9701        1.4819
    655.9743        1.4716
    655.9784        1.4629
    655.9826        1.4559
    655.9867        1.4504
    655.9909        1.4472
    655.9950        1.4453
    655.9992        1.4424
    656.0033        1.4371
    656.0075        1.4299
    656.0116        1.4219
    656.0157        1.4131
    656.0199        1.4024
    656.0240        1.3891
    656.0282        1.3740
    656.0323        1.3597
    656.0365        1.3492
    656.0406        1.3445
    656.0448        1.3445
    656.0489        1.3469
    656.0531        1.3500
    656.0572        1.3536
    656.0614        1.3580
    656.0655        1.3633
    656.0696        1.3694
    656.0738        1.3761
    656.0779        1.3807
    656.0821        1.3803
    656.0862        1.3740
    656.0904        1.3635
    656.0945        1.3522
    656.0987        1.3429
    656.1028        1.3371
    656.1070        1.3344
    656.1111        1.3330
    656.1152        1.3322
    656.1194        1.3330
    656.1235        1.3371
    656.1277        1.3434
    656.1318        1.3491
    656.1360        1.3515
    656.1401        1.3499
    656.1443        1.3453
    656.1484        1.3396
    656.1526        1.3356
    656.1567        1.3344
    656.1609        1.3342
    656.1650        1.3324
    656.1691        1.3290
    656.1733        1.3263
    656.1774        1.3270
    656.1816        1.3316
    656.1857        1.3383
    656.1899        1.3446
    656.1940        1.3491
    656.1982        1.3506
    656.2023        1.3481
    656.2065        1.3415
    656.2106        1.3335
    656.2148        1.3275
    656.2189        1.3249
    656.2230        1.3250
    656.2272        1.3253
    656.2313        1.3242
    656.2355        1.3223
    656.2396        1.3214
    656.2438        1.3222
    656.2479        1.3245
    656.2521        1.3272
    656.2562        1.3300
    656.2604        1.3335
    656.2645        1.3376
    656.2686        1.3418
    656.2728        1.3451
    656.2769        1.3474
    656.2811        1.3496
    656.2852        1.3526
    656.2894        1.3557
    656.2935        1.3568
    656.2977        1.3557
    656.3018        1.3535
    656.3060        1.3531
    656.3101        1.3549
    656.3143        1.3575
    656.3184        1.3584
    656.3225        1.3564
    656.3267        1.3517
    656.3308        1.3453
    656.3350        1.3377
    656.3391        1.3297
    656.3433        1.3225
    656.3474        1.3175
    656.3516        1.3157
    656.3557        1.3177
    656.3599        1.3240
    656.3640        1.3338
    656.3681        1.3449
    656.3723        1.3546
    656.3764        1.3611
    656.3806        1.3644
    656.3847        1.3652
    656.3889        1.3628
    656.3930        1.3553
    656.3972        1.3414
    656.4013        1.3233
    656.4055        1.3060
    656.4096        1.2941
    656.4138        1.2888
    656.4179        1.2888
    656.4220        1.2927
    656.4262        1.3010
    656.4303        1.3144
    656.4345        1.3323
    656.4386        1.3534
    656.4428        1.3748
    656.4469        1.3945
    656.4511        1.4107
    656.4552        1.4237
    656.4594        1.4346
    656.4635        1.4456
    656.4677        1.4568
    656.4718        1.4672
    656.4759        1.4757
    656.4801        1.4827
    656.4842        1.4898
    656.4884        1.4973
    656.4925        1.5044
    656.4967        1.5112
    656.5008        1.5169
    656.5050        1.5202
    656.5091        1.5210
    656.5133        1.5218
    656.5174        1.5247
    656.5215        1.5285
    656.5257        1.5291
    656.5298        1.5242
    656.5340        1.5156
    656.5381        1.5075
    656.5423        1.5024
    656.5464        1.4988
    656.5506        1.4942
    656.5547        1.4886
    656.5589        1.4833
    656.5630        1.4785
    656.5672        1.4740
    656.5713        1.4700
    656.5754        1.4671
    656.5796        1.4649
    656.5837        1.4619
    656.5879        1.4569
    656.5920        1.4492
    656.5962        1.4398
    656.6003        1.4310
    656.6045        1.4249
    656.6086        1.4214
    656.6128        1.4183
    656.6169        1.4141
    656.6211        1.4097
    656.6252        1.4064
    656.6293        1.4041
    656.6335        1.4015
    656.6376        1.3980
    656.6418        1.3935
    656.6459        1.3889
    656.6501        1.3847
    656.6542        1.3812
    656.6584        1.3780
    656.6625        1.3748
    656.6667        1.3713
    656.6708        1.3668
    656.6749        1.3619
    656.6791        1.3580
    656.6832        1.3564
    656.6874        1.3568
    656.6915        1.3575
    656.6957        1.3556
    656.6998        1.3488
    656.7040        1.3370
    656.7081        1.3229
    656.7123        1.3104
    656.7164        1.3017
    656.7206        1.2957
    656.7247        1.2900
    656.7288        1.2835
    656.7330        1.2766
    656.7371        1.2706
    656.7413        1.2658
    656.7454        1.2619
    656.7496        1.2587
    656.7537        1.2558
    656.7579        1.2519
    656.7620        1.2462
    656.7662        1.2397
    656.7703        1.2336
    656.7744        1.2261
    656.7786        1.2154
    656.7827        1.2023
    656.7869        1.1896
    656.7910        1.1795
    656.7952        1.1716
    656.7993        1.1654
    656.8035        1.1611
    656.8076        1.1607
    656.8118        1.1647
    656.8159        1.1697
    656.8201        1.1707
    656.8242        1.1649
    656.8283        1.1544
    656.8325        1.1441
    656.8366        1.1376
    656.8408        1.1347
    656.8449        1.1324
    656.8491        1.1285
    656.8532        1.1220
    656.8574        1.1128
    656.8615        1.1018
    656.8657        1.0900
    656.8698        1.0786
    656.8740        1.0681
    656.8781        1.0596
    656.8822        1.0547
    656.8864        1.0535
    656.8905        1.0542
    656.8947        1.0549
    656.8988        1.0545
    656.9030        1.0535
    656.9071        1.0524
    656.9113        1.0519
    656.9154        1.0522
    656.9196        1.0529
    656.9237        1.0525
    656.9278        1.0499
    656.9320        1.0452
    656.9361        1.0391
    656.9403        1.0340
    656.9444        1.0314
    656.9486        1.0322
    656.9527        1.0344
    656.9569        1.0352
    656.9610        1.0332
    656.9652        1.0297
    656.9693        1.0267
    656.9735        1.0254
    656.9776        1.0259
    656.9817        1.0273
    656.9859        1.0286
    656.9900        1.0298
    656.9942        1.0302
    656.9983        1.0296
    657.0025        1.0276
    657.0066        1.0240
    657.0108        1.0206
    657.0149        1.0191
    657.0191        1.0207
    657.0232        1.0244
    657.0274        1.0275
    657.0315        1.0275
    657.0356        1.0252
    657.0398        1.0221
    657.0439        1.0192
    657.0481        1.0167
    657.0522        1.0149
    657.0564        1.0144
    657.0605        1.0156
    657.0647        1.0183
    657.0688        1.0218
    657.0730        1.0240
    657.0771        1.0234
    657.0812        1.0199
    657.0854        1.0159
    657.0895        1.0143
    657.0937        1.0158
    657.0978        1.0182
    657.1020        1.0192
    657.1061        1.0173
    657.1103        1.0132
    657.1144        1.0081
    657.1186        1.0028
    657.1227        0.9984
    657.1269        0.9966
    657.1310        0.9983
    657.1351        1.0025
    657.1393        1.0073
    657.1434        1.0117
    657.1476        1.0151
    657.1517        1.0166
    657.1559        1.0148
    657.1600        1.0092
    657.1642        1.0015
    657.1683        0.9941
    657.1725        0.9880
    657.1766        0.9816
    657.1807        0.9736
    657.1849        0.9638
    657.1890        0.9528
    657.1932        0.9411
    657.1973        0.9296
    657.2015        0.9196
    657.2056        0.9125
    657.2098        0.9094
    657.2139        0.9113
    657.2181        0.9184
    657.2222        0.9305
    657.2264        0.9451
    657.2305        0.9592
    657.2346        0.9699
    657.2388        0.9763
    657.2429        0.9794
    657.2471        0.9806
    657.2512        0.9807
    657.2554        0.9811
    657.2595        0.9827
    657.2637        0.9872
    657.2678        0.9944
    657.2720        1.0029
    657.2761        1.0096
    657.2803        1.0120
    657.2844        1.0095
    657.2885        1.0046
    657.2927        0.9998
    657.2968        0.9969
    657.3010        0.9961
    657.3051        0.9966
    657.3093        0.9979
    657.3134        0.9993
    657.3176        1.0008
    657.3217        1.0015
    657.3259        1.0015
    657.3300        1.0007
    657.3341        1.0002
    657.3383        1.0010
    657.3424        1.0024
    657.3466        1.0019
    657.3507        0.9984
    657.3549        0.9933
    657.3590        0.9884
    657.3632        0.9838
    657.3673        0.9792
    657.3715        0.9756
    657.3756        0.9754
    657.3798        0.9797
    657.3839        0.9864
    657.3880        0.9914
    657.3922        0.9915
    657.3963        0.9874
    657.4005        0.9820
    657.4046        0.9778
    657.4088        0.9759
    657.4129        0.9763
    657.4171        0.9781
    657.4212        0.9811
    657.4254        0.9839
    657.4295        0.9848
    657.4337        0.9827
    657.4378        0.9783
    657.4419        0.9734
    657.4461        0.9692
    657.4502        0.9653
    657.4544        0.9600
    657.4585        0.9510
    657.4627        0.9371
    657.4668        0.9196
    657.4710        0.9017
    657.4751        0.8863
    657.4793        0.8748
    657.4834        0.8683
    657.4875        0.8672
    657.4917        0.8712
    657.4958        0.8788
    657.5000        0.8887
    657.5041        0.9002
    657.5083        0.9123
    657.5124        0.9255
    657.5166        0.9412
    657.5207        0.9588
    657.5249        0.9752
    657.5290        0.9860
    657.5332        0.9900
    657.5373        0.9900
    657.5414        0.9902
    657.5456        0.9930
    657.5497        0.9961
    657.5539        0.9964
    657.5580        0.9929
    657.5622        0.9881
    657.5663        0.9854
    657.5705        0.9869
    657.5746        0.9913
    657.5788        0.9949
    657.5829        0.9943
    657.5870        0.9886
    657.5912        0.9811
    657.5953        0.9759
    657.5995        0.9747
    657.6036        0.9760
    657.6078        0.9777
    657.6119        0.9783
    657.6161        0.9784
    657.6202        0.9791
    657.6244        0.9814
    657.6285        0.9847
    657.6327        0.9882
    657.6368        0.9908
    657.6409        0.9920
    657.6451        0.9916
    657.6492        0.9902
    657.6534        0.9898
    657.6575        0.9926
    657.6617        0.9980
    657.6658        1.0027
    657.6700        1.0033
    657.6741        0.9999
    657.6783        0.9948
    657.6824        0.9910
    657.6866        0.9910
    657.6907        0.9945
    657.6948        0.9999
    657.6990        1.0044
    657.7031        1.0057
    657.7073        1.0031
    657.7114        0.9988
    657.7156        0.9953
    657.7197        0.9936
    657.7239        0.9929
    657.7280        0.9933
    657.7322        0.9951
    657.7363        0.9989
    657.7404        1.0030
    657.7446        1.0051
    657.7487        1.0033
    657.7529        0.9988
    657.7570        0.9942
    657.7612        0.9919
    657.7653        0.9918
    657.7695        0.9914
    657.7736        0.9893
    657.7778        0.9872
    657.7819        0.9876
    657.7861        0.9914
    657.7902        0.9963
    657.7943        0.9995
    657.7985        0.9998
    657.8026        0.9984
    657.8068        0.9961
    657.8109        0.9921
    657.8151        0.9863
    657.8192        0.9810
    657.8234        0.9792
    657.8275        0.9820
    657.8317        0.9868
    657.8358        0.9902
    657.8400        0.9914
    657.8441        0.9920
    657.8482        0.9932
    657.8524        0.9935
    657.8565        0.9910
    657.8607        0.9860
    657.8648        0.9810
    657.8690        0.9790
    657.8731        0.9807
    657.8773        0.9846
    657.8814        0.9889
    657.8856        0.9929
    657.8897        0.9964
    657.8938        0.9994
    657.8980        1.0015
    657.9021        1.0023
    657.9063        1.0009
    657.9104        0.9976
    657.9146        0.9940
    657.9187        0.9917
    657.9229        0.9920
    657.9270        0.9941
    657.9312        0.9962
    657.9353        0.9967
    657.9395        0.9952
    657.9436        0.9918
    657.9477        0.9867
    657.9519        0.9808
    657.9560        0.9769
    657.9602        0.9775
    657.9643        0.9814
    657.9685        0.9862
    657.9726        0.9900
    657.9768        0.9932
    657.9809        0.9967
    657.9851        1.0009
    657.9892        1.0039
    657.9933        1.0049
    657.9975        1.0042
    658.0016        1.0033
    658.0058        1.0021
    658.0099        1.0004
    658.0141        0.9985
    658.0182        0.9973
    658.0224        0.9973
    658.0265        0.9993
    658.0307        1.0027
    658.0348        1.0056
    658.0390        1.0055
    658.0431        1.0022
    658.0472        0.9977
    658.0514        0.9932
    658.0555        0.9885
    658.0597        0.9834
    658.0638        0.9784
    658.0680        0.9742
    658.0721        0.9698
    658.0763        0.9643
    658.0804        0.9574
    658.0846        0.9512
    658.0887        0.9488
    658.0929        0.9512
    658.0970        0.9574
    658.1011        0.9653
    658.1053        0.9730
    658.1094        0.9789
    658.1136        0.9835
    658.1177        0.9893
    658.1219        0.9973
    658.1260        1.0053
    658.1302        1.0094
    658.1343        1.0095
    658.1385        1.0079
    658.1426        1.0072
    658.1467        1.0074
    658.1509        1.0062
    658.1550        1.0026
    658.1592        0.9988
    658.1633        0.9980
    658.1675        1.0005
    658.1716        1.0045
    658.1758        1.0077
    658.1799        1.0088
    658.1841        1.0091
    658.1882        1.0104
    658.1924        1.0130
    658.1965        1.0160
    658.2006        1.0176
    658.2048        1.0166
    658.2089        1.0133
    658.2131        1.0089
    658.2172        1.0045
    658.2214        1.0005
    658.2255        0.9969
    658.2297        0.9924
    658.2338        0.9875
    658.2380        0.9842
    658.2421        0.9849
    658.2463        0.9889
    658.2504        0.9927
    658.2545        0.9949
    658.2587        0.9960
    658.2628        0.9975
    658.2670        0.9992
    658.2711        1.0002
    658.2753        0.9996
    658.2794        0.9976
    658.2836        0.9948
    658.2877        0.9922
    658.2919        0.9908
    658.2960        0.9903
    658.3001        0.9905
    658.3043        0.9904
    658.3084        0.9896
    658.3126        0.9882
    658.3167        0.9870
    658.3209        0.9861
    658.3250        0.9852
    658.3292        0.9840
    658.3333        0.9821
    658.3375        0.9792
    658.3416        0.9762
    658.3458        0.9748
    658.3499        0.9753
    658.3540        0.9767
    658.3582        0.9780
    658.3623        0.9795
    658.3665        0.9821
    658.3706        0.9868
    658.3748        0.9924
    658.3789        0.9974
    658.3831        0.9999
    658.3872        1.0004
    658.3914        0.9999
    658.3955        1.0002
    658.3996        1.0014
    658.4038        1.0030
    658.4079        1.0033
    658.4121        1.0013
    658.4162        0.9981
    658.4204        0.9958
    658.4245        0.9966
    658.4287        1.0006
    658.4328        1.0053
    658.4370        1.0071
    658.4411        1.0044
    658.4453        0.9986
    658.4494        0.9940
    658.4535        0.9939
    658.4577        0.9982
    658.4618        1.0035
    658.4660        1.0073
    658.4701        1.0090
    658.4743        1.0101
    658.4784        1.0116
    658.4826        1.0132
    658.4867        1.0136
    658.4909        1.0118
    658.4950        1.0082
    658.4992        1.0041
    658.5033        1.0011
    658.5074        0.9994
    658.5116        0.9989
    658.5157        0.9997
    658.5199        1.0023
    658.5240        1.0058
    658.5282        1.0082
    658.5323        1.0078
    658.5365        1.0053
    658.5406        1.0034
    658.5448        1.0035
    658.5489        1.0040
    658.5530        1.0035
    658.5572        1.0022
    658.5613        1.0010
    658.5655        1.0000
    658.5696        0.9999
    658.5738        1.0015
    658.5779        1.0058
    658.5821        1.0121
    658.5862        1.0184
    658.5904        1.0233
    658.5945        1.0265
    658.5987        1.0291
    658.6028        1.0311
    658.6069        1.0321
    658.6111        1.0311
    658.6152        1.0279
    658.6194        1.0224
    658.6235        1.0144
    658.6277        1.0033
    658.6318        0.9898
    658.6360        0.9773
    658.6401        0.9688
    658.6443        0.9655
    658.6484        0.9665
    658.6526        0.9699
    658.6567        0.9738
    658.6608        0.9772
    658.6650        0.9790
    658.6691        0.9793
    658.6733        0.9789
    658.6774        0.9802
    658.6816        0.9841
    658.6857        0.9893
    658.6899        0.9937
    658.6940        0.9971
    658.6982        1.0001
    658.7023        1.0039
    658.7064        1.0079
    658.7106        1.0101
    658.7147        1.0085
    658.7189        1.0043
    658.7230        1.0015
    658.7272        1.0039
    658.7313        1.0115
    658.7355        1.0201
    658.7396        1.0257
    658.7438        1.0275
    658.7479        1.0274
    658.7521        1.0277
    658.7562        1.0296
    658.7603        1.0325
    658.7645        1.0353
    658.7686        1.0369
    658.7728        1.0365
    658.7769        1.0337
    658.7811        1.0286
    658.7852        1.0225
    658.7894        1.0177
    658.7935        1.0163
    658.7977        1.0185
    658.8018        1.0230
    658.8059        1.0286
    658.8101        1.0339
    658.8142        1.0365
    658.8184        1.0353
    658.8225        1.0311
    658.8267        1.0267
    658.8308        1.0243
    658.8350        1.0239
    658.8391        1.0245
    658.8433        1.0255
    658.8474        1.0267
    658.8516        1.0275
    658.8557        1.0259
    658.8598        1.0219
    658.8640        1.0179
    658.8681        1.0166
    658.8723        1.0183
    658.8764        1.0210
    658.8806        1.0230
    658.8847        1.0236
    658.8889        1.0242
    658.8930        1.0258
    658.8972        1.0282
    658.9013        1.0303
    658.9055        1.0310
    658.9096        1.0298
    658.9137        1.0275
    658.9179        1.0248
    658.9220        1.0221
    658.9262        1.0193
    658.9303        1.0162
    658.9345        1.0134
    658.9386        1.0115
    658.9428        1.0106
    658.9469        1.0106
    658.9511        1.0113
    658.9552        1.0131
    658.9593        1.0170
    658.9635        1.0226
    658.9676        1.0278
    658.9718        1.0301
    658.9759        1.0280
    658.9801        1.0226
    658.9842        1.0170
    658.9884        1.0141
    658.9925        1.0139
    658.9967        1.0143
    659.0008        1.0141
    659.0050        1.0131
    659.0091        1.0121
    659.0132        1.0116
    659.0174        1.0114
    659.0215        1.0121
    659.0257        1.0148
    659.0298        1.0197
    659.0340        1.0247
    659.0381        1.0278
    659.0423        1.0292
    659.0464        1.0300
    659.0506        1.0305
    659.0547        1.0301
    659.0588        1.0280
    659.0630        1.0249
    659.0671        1.0224
    659.0713        1.0222
    659.0754        1.0247
    659.0796        1.0290
    659.0837        1.0341
    659.0879        1.0384
    659.0920        1.0402
    659.0962        1.0376
    659.1003        1.0301
    659.1045        1.0203
    659.1086        1.0119
    659.1127        1.0081
    659.1169        1.0096
    659.1210        1.0150
    659.1252        1.0208
    659.1293        1.0239
    659.1335        1.0231
    659.1376        1.0207
    659.1418        1.0190
    659.1459        1.0175
    659.1501        1.0158
    659.1542        1.0154
    659.1584        1.0185
    659.1625        1.0241
    659.1666        1.0291
    659.1708        1.0299
    659.1749        1.0260
    659.1791        1.0203
    659.1832        1.0163
    659.1874        1.0156
    659.1915        1.0173
    659.1957        1.0198
    659.1998        1.0228
    659.2040        1.0258
    659.2081        1.0284
    659.2122        1.0296
    659.2164        1.0281
    659.2205        1.0242
    659.2247        1.0204
    659.2288        1.0187
    659.2330        1.0190
    659.2371        1.0193
    659.2413        1.0189
    659.2454        1.0184
    659.2496        1.0191
    659.2537        1.0213
    659.2579        1.0235
    659.2620        1.0237
    659.2661        1.0212
    659.2703        1.0171
    659.2744        1.0138
    659.2786        1.0126
    659.2827        1.0125
    659.2869        1.0117
    659.2910        1.0101
    659.2952        1.0085
    659.2993        1.0069
    659.3035        1.0052
    659.3076        1.0042
    659.3118        1.0048
    659.3159        1.0068
    659.3200        1.0098
    659.3242        1.0127
    659.3283        1.0146
    659.3325        1.0135
    659.3366        1.0089
    659.3408        1.0028
    659.3449        0.9987
    659.3491        0.9997
    659.3532        1.0045
    659.3574        1.0093
    659.3615        1.0107
    659.3656        1.0091
    659.3698        1.0067
    659.3739        1.0057
    659.3781        1.0061
    659.3822        1.0073
    659.3864        1.0097
    659.3905        1.0140
    659.3947        1.0195
    659.3988        1.0240
    659.4030        1.0254
    659.4071        1.0232
    659.4113        1.0187
    659.4154        1.0139
    659.4195        1.0107
    659.4237        1.0087
    659.4278        1.0057
    659.4320        1.0000
    659.4361        0.9921
    659.4403        0.9852
    659.4444        0.9821
    659.4486        0.9842
    659.4527        0.9892
    659.4569        0.9952
    659.4610        1.0011
    659.4651        1.0075
    659.4693        1.0142
    659.4734        1.0187
    659.4776        1.0187
    659.4817        1.0147
    659.4859        1.0104
    659.4900        1.0087
    659.4942        1.0096
    659.4983        1.0110
    659.5025        1.0117
    659.5066        1.0114
    659.5108        1.0105
    659.5149        1.0102
    659.5190        1.0115
    659.5232        1.0147
    659.5273        1.0194
    659.5315        1.0246
    659.5356        1.0291
    659.5398        1.0314
    659.5439        1.0308
    659.5481        1.0276
    659.5522        1.0227
    659.5564        1.0171
    659.5605        1.0114
    659.5647        1.0073
    659.5688        1.0058
    659.5729        1.0068
    659.5771        1.0081
    659.5812        1.0074
    659.5854        1.0043
    659.5895        1.0014
    659.5937        1.0011
    659.5978        1.0029
    659.6020        1.0056
    659.6061        1.0083
    659.6103        1.0109
    659.6144        1.0134
    659.6185        1.0147
    659.6227        1.0141
    659.6268        1.0122
    659.6310        1.0105
    659.6351        1.0101
    659.6393        1.0107
    659.6434        1.0119
    659.6476        1.0135
    659.6517        1.0152
    659.6559        1.0163
    659.6600        1.0159
    659.6642        1.0132
    659.6683        1.0089
    659.6724        1.0041
    659.6766        0.9993
    659.6807        0.9954
    659.6849        0.9948
    659.6890        0.9983
    659.6932        1.0039
    659.6973        1.0082
    659.7015        1.0091
    659.7056        1.0071
    659.7098        1.0036
    659.7139        1.0010
    659.7181        1.0008
    659.7222        1.0034
    659.7263        1.0072
    659.7305        1.0096
    659.7346        1.0088
    659.7388        1.0054
    659.7429        1.0021
    659.7471        1.0017
    659.7512        1.0051
    659.7554        1.0097
    659.7595        1.0117
    659.7637        1.0096
    659.7678        1.0052
    659.7719        1.0021
    659.7761        1.0022
    659.7802        1.0050
    659.7844        1.0082
    659.7885        1.0101
    659.7927        1.0102
    659.7968        1.0086
    659.8010        1.0057
    659.8051        1.0021
    659.8093        0.9987
    659.8134        0.9964
    659.8176        0.9960
    659.8217        0.9973
    659.8258        0.9990
    659.8300        0.9999
    659.8341        0.9999
    659.8383        1.0000
    659.8424        1.0014
    659.8466        1.0038
    659.8507        1.0062
    659.8549        1.0078
    659.8590        1.0081
    659.8632        1.0069
    659.8673        1.0053
    659.8714        1.0043
    659.8756        1.0046
    659.8797        1.0052
    659.8839        1.0060
    659.8880        1.0074
    659.8922        1.0088
    659.8963        1.0084
    659.9005        1.0054
    659.9046        1.0008
    659.9088        0.9958
    659.9129        0.9906
    659.9171        0.9856
    659.9212        0.9809
    659.9253        0.9766
    659.9295        0.9728
    659.9336        0.9696
    659.9378        0.9684
    659.9419        0.9706
    659.9461        0.9760
    659.9502        0.9821
    659.9544        0.9860
    659.9585        0.9878
    659.9627        0.9896
    659.9668        0.9924
    659.9710        0.9956
    659.9751        0.9970
    659.9792        0.9957
    659.9834        0.9934
    659.9875        0.9929
    659.9917        0.9958
    659.9958        1.0010
    660.0000        1.0055
    660.0041        1.0072
    660.0083        1.0065
    660.0124        1.0057
    660.0166        1.0069
    660.0207        1.0089
    660.0248        1.0090
    660.0290        1.0066
    660.0331        1.0038
    660.0373        1.0025
    660.0414        1.0025
    660.0456        1.0029
    660.0497        1.0044
    660.0539        1.0075
    660.0580        1.0117
    660.0622        1.0147
    660.0663        1.0139
    660.0705        1.0091
    660.0746        1.0023
    660.0787        0.9964
    660.0829        0.9940
    660.0870        0.9953
    660.0912        0.9990
    660.0953        1.0035
    660.0995        1.0085
    660.1036        1.0147
    660.1078        1.0229
    660.1119        1.0315
    660.1161        1.0378
    660.1202        1.0387
    660.1244        1.0344
    660.1285        1.0270
    660.1326        1.0206
    660.1368        1.0179
    660.1409        1.0188
    660.1451        1.0211
    660.1492        1.0220
    660.1534        1.0196
    660.1575        1.0136
    660.1617        1.0056
    660.1658        0.9988
    660.1700        0.9962
    660.1741        0.9981
    660.1782        1.0014
    660.1824        1.0014
    660.1865        0.9964
    660.1907        0.9886
    660.1948        0.9818
    660.1990        0.9773
    660.2031        0.9742
    660.2073        0.9718
    660.2114        0.9713
    660.2156        0.9737
    660.2197        0.9795
    660.2239        0.9876
    660.2280        0.9955
    660.2321        1.0004
    660.2363        1.0014
    660.2404        1.0004
    660.2446        1.0001
    660.2487        1.0016
    660.2529        1.0043
    660.2570        1.0065
    660.2612        1.0065
    660.2653        1.0042
    660.2695        1.0007
    660.2736        0.9984
    660.2777        0.9985
    660.2819        1.0002
    660.2860        1.0016
    660.2902        1.0015
    660.2943        1.0004
    660.2985        1.0005
    660.3026        1.0023
    660.3068        1.0053
    660.3109        1.0082
    660.3151        1.0098
    660.3192        1.0097
    660.3234        1.0077
    660.3275        1.0056
    660.3316        1.0046
    660.3358        1.0046
    660.3399        1.0047
    660.3441        1.0039
    660.3482        1.0025
    660.3524        1.0012
    660.3565        1.0012
    660.3607        1.0031
    660.3648        1.0061
    660.3690        1.0088
    660.3731        1.0100
    660.3773        1.0105
    660.3814        1.0111
    660.3855        1.0121
    660.3897        1.0127
    660.3938        1.0118
    660.3980        1.0095
    660.4021        1.0073
    660.4063        1.0050
    660.4104        1.0024
    660.4146        1.0000
    660.4187        0.9992
    660.4229        0.9994
    660.4270        0.9995
    660.4311        0.9998
    660.4353        1.0019
    660.4394        1.0061
    660.4436        1.0107
    660.4477        1.0137
    660.4519        1.0142
    660.4560        1.0131
    660.4602        1.0106
    660.4643        1.0073
    660.4685        1.0032
    660.4726        0.9998
    660.4768        0.9977
    660.4809        0.9957
    660.4850        0.9932
    660.4892        0.9905
    660.4933        0.9890
    660.4975        0.9892
    660.5016        0.9907
    660.5058        0.9918
    660.5099        0.9913
    660.5141        0.9896
    660.5182        0.9876
    660.5224        0.9861
    660.5265        0.9851
    660.5307        0.9847
    660.5348        0.9855
    660.5389        0.9875
    660.5431        0.9880
    660.5472        0.9853
    660.5514        0.9815
    660.5555        0.9804
    660.5597        0.9832
    660.5638        0.9889
    660.5680        0.9963
    660.5721        1.0043
    660.5763        1.0117
    660.5804        1.0175
    660.5845        1.0209
    660.5887        1.0219
    660.5928        1.0213
    660.5970        1.0190
    660.6011        1.0153
    660.6053        1.0112
    660.6094        1.0078
    660.6136        1.0061
    660.6177        1.0055
    660.6219        1.0044
    660.6260        1.0027
    660.6302        1.0012
    660.6343        1.0012
    660.6384        1.0015
    660.6426        1.0001
    660.6467        0.9957
    660.6509        0.9895
    660.6550        0.9839
    660.6592        0.9806
    660.6633        0.9808
    660.6675        0.9839
    660.6716        0.9888
    660.6758        0.9937
    660.6799        0.9978
    660.6840        1.0005
    660.6882        1.0016
    660.6923        1.0015
    660.6965        1.0010
    660.7006        1.0009
    660.7048        1.0007
    660.7089        0.9997
    660.7131        0.9968
    660.7172        0.9922
    660.7214        0.9870
    660.7255        0.9821
    660.7297        0.9783
    660.7338        0.9761
    660.7379        0.9753
    660.7421        0.9757
    660.7462        0.9761
    660.7504        0.9773
    660.7545        0.9796
    660.7587        0.9828
    660.7628        0.9856
    660.7670        0.9886
    660.7711        0.9921
    660.7753        0.9948
    660.7794        0.9945
    660.7836        0.9921
    660.7877        0.9897
    660.7918        0.0000
