    645.1109        1.0037
    645.1235        1.0052
    645.1361        1.0063
    645.1488        1.0064
    645.1614        1.0065
    645.1740        1.0065
    645.1866        1.0067
    645.1993        1.0073
    645.2119        1.0079
    645.2245        1.0085
    645.2372        1.0090
    645.2498        1.0087
    645.2624        1.0084
    645.2750        1.0081
    645.2877        1.0082
    645.3003        1.0092
    645.3129        1.0102
    645.3256        1.0112
    645.3382        1.0120
    645.3508        1.0123
    645.3635        1.0127
    645.3761        1.0129
    645.3887        1.0127
    645.4013        1.0111
    645.4140        1.0094
    645.4266        1.0078
    645.4392        1.0064
    645.4519        1.0061
    645.4645        1.0058
    645.4771        1.0055
    645.4898        1.0052
    645.5024        1.0048
    645.5150        1.0045
    645.5276        1.0042
    645.5403        1.0043
    645.5529        1.0056
    645.5655        1.0070
    645.5782        1.0083
    645.5908        1.0090
    645.6034        1.0080
    645.6160        1.0070
    645.6287        1.0061
    645.6413        1.0048
    645.6539        1.0030
    645.6666        1.0011
    645.6792        0.9993
    645.6918        0.9983
    645.7045        0.9993
    645.7171        1.0004
    645.7297        1.0013
    645.7423        1.0021
    645.7550        1.0021
    645.7676        1.0022
    645.7802        1.0022
    645.7929        1.0018
    645.8055        1.0006
    645.8181        0.9994
    645.8308        0.9982
    645.8434        0.9973
    645.8560        0.9973
    645.8686        0.9973
    645.8813        0.9973
    645.8939        0.9974
    645.9065        0.9981
    645.9192        0.9987
    645.9318        0.9993
    645.9444        0.9996
    645.9570        0.9996
    645.9697        0.9996
    645.9823        0.9996
    645.9949        0.9997
    646.0076        1.0000
    646.0202        1.0003
    646.0328        1.0008
    646.0455        1.0008
    646.0581        1.0004
    646.0707        0.9999
    646.0833        0.9995
    646.0960        0.9990
    646.1086        0.9983
    646.1212        0.9978
    646.1339        0.9972
    646.1465        0.9963
    646.1591        0.9951
    646.1717        0.9937
    646.1844        0.9925
    646.1970        0.9926
    646.2096        0.9957
    646.2223        0.9987
    646.2349        1.0018
    646.2475        1.0039
    646.2602        1.0038
    646.2728        1.0036
    646.2854        1.0035
    646.2980        1.0029
    646.3107        1.0012
    646.3233        0.9997
    646.3359        0.9981
    646.3486        0.9972
    646.3612        0.9978
    646.3738        0.9984
    646.3865        0.9990
    646.3991        0.9993
    646.4117        0.9988
    646.4243        0.9983
    646.4370        0.9979
    646.4496        0.9977
    646.4622        0.9978
    646.4749        0.9981
    646.4875        0.9983
    646.5001        0.9990
    646.5127        1.0006
    646.5254        1.0022
    646.5380        1.0038
    646.5506        1.0045
    646.5633        1.0035
    646.5759        1.0025
    646.5885        1.0014
    646.6012        1.0000
    646.6138        0.9975
    646.6264        0.9950
    646.6390        0.9927
    646.6517        0.9916
    646.6643        0.9932
    646.6769        0.9947
    646.6896        0.9961
    646.7022        0.9967
    646.7148        0.9955
    646.7275        0.9943
    646.7401        0.9931
    646.7527        0.9922
    646.7653        0.9916
    646.7780        0.9910
    646.7906        0.9906
    646.8032        0.9908
    646.8159        0.9925
    646.8285        0.9943
    646.8411        0.9959
    646.8537        0.9964
    646.8664        0.9945
    646.8790        0.9927
    646.8916        0.9911
    646.9043        0.9904
    646.9169        0.9920
    646.9295        0.9937
    646.9422        0.9952
    646.9548        0.9964
    646.9674        0.9967
    646.9800        0.9970
    646.9927        0.9973
    647.0053        0.9979
    647.0179        0.9989
    647.0306        0.9998
    647.0432        1.0007
    647.0558        1.0011
    647.0684        1.0002
    647.0811        0.9994
    647.0937        0.9987
    647.1063        0.9986
    647.1190        0.9995
    647.1316        1.0002
    647.1442        1.0010
    647.1569        1.0011
    647.1695        0.9998
    647.1821        0.9985
    647.1947        0.9972
    647.2074        0.9963
    647.2200        0.9960
    647.2326        0.9957
    647.2453        0.9953
    647.2579        0.9943
    647.2705        0.9920
    647.2832        0.9898
    647.2958        0.9877
    647.3084        0.9868
    647.3210        0.9884
    647.3337        0.9898
    647.3463        0.9912
    647.3589        0.9925
    647.3716        0.9933
    647.3842        0.9941
    647.3968        0.9946
    647.4094        0.9929
    647.4221        0.9872
    647.4347        0.9816
    647.4473        0.9762
    647.4600        0.9716
    647.4726        0.9686
    647.4852        0.9657
    647.4979        0.9629
    647.5105        0.9607
    647.5231        0.9597
    647.5357        0.9587
    647.5484        0.9578
    647.5610        0.9581
    647.5736        0.9601
    647.5863        0.9621
    647.5989        0.9643
    647.6115        0.9667
    647.6241        0.9698
    647.6368        0.9727
    647.6494        0.9758
    647.6620        0.9788
    647.6747        0.9817
    647.6873        0.9848
    647.6999        0.9878
    647.7126        0.9907
    647.7252        0.9936
    647.7378        0.9965
    647.7504        0.9992
    647.7631        1.0006
    647.7757        0.9999
    647.7883        0.9993
    647.8010        0.9987
    647.8136        0.9988
    647.8262        0.9999
    647.8389        1.0012
    647.8515        1.0021
    647.8641        1.0016
    647.8767        0.9991
    647.8894        0.9964
    647.9020        0.9936
    647.9146        0.9895
    647.9273        0.9835
    647.9399        0.9776
    647.9525        0.9721
    647.9651        0.9697
    647.9778        0.9720
    647.9904        0.9743
    648.0030        0.9765
    648.0157        0.9780
    648.0283        0.9786
    648.0409        0.9792
    648.0536        0.9800
    648.0662        0.9817
    648.0788        0.9846
    648.0914        0.9876
    648.1041        0.9904
    648.1167        0.9920
    648.1293        0.9918
    648.1420        0.9917
    648.1546        0.9917
    648.1672        0.9924
    648.1799        0.9942
    648.1925        0.9959
    648.2051        0.9974
    648.2177        0.9972
    648.2304        0.9945
    648.2430        0.9919
    648.2556        0.9891
    648.2683        0.9859
    648.2809        0.9821
    648.2935        0.9782
    648.3061        0.9745
    648.3188        0.9716
    648.3314        0.9697
    648.3440        0.9678
    648.3567        0.9662
    648.3693        0.9657
    648.3819        0.9669
    648.3946        0.9680
    648.4072        0.9692
    648.4198        0.9705
    648.4324        0.9721
    648.4451        0.9737
    648.4577        0.9753
    648.4703        0.9775
    648.4830        0.9803
    648.4956        0.9831
    648.5082        0.9857
    648.5208        0.9877
    648.5335        0.9888
    648.5461        0.9899
    648.5587        0.9909
    648.5714        0.9915
    648.5840        0.9915
    648.5966        0.9915
    648.6093        0.9915
    648.6219        0.9910
    648.6345        0.9902
    648.6471        0.9893
    648.6598        0.9886
    648.6724        0.9887
    648.6850        0.9898
    648.6977        0.9908
    648.7103        0.9918
    648.7229        0.9928
    648.7356        0.9937
    648.7482        0.9946
    648.7608        0.9954
    648.7734        0.9957
    648.7861        0.9953
    648.7987        0.9948
    648.8113        0.9944
    648.8240        0.9939
    648.8366        0.9931
    648.8492        0.9925
    648.8618        0.9920
    648.8745        0.9923
    648.8871        0.9932
    648.8997        0.9943
    648.9124        0.9951
    648.9250        0.9944
    648.9376        0.9922
    648.9503        0.9900
    648.9629        0.9878
    648.9755        0.9860
    648.9881        0.9846
    649.0008        0.9831
    649.0134        0.9820
    649.0260        0.9819
    649.0387        0.9830
    649.0513        0.9840
    649.0639        0.9850
    649.0766        0.9859
    649.0892        0.9868
    649.1018        0.9876
    649.1144        0.9883
    649.1271        0.9884
    649.1397        0.9879
    649.1523        0.9874
    649.1650        0.9871
    649.1776        0.9875
    649.1902        0.9886
    649.2028        0.9895
    649.2155        0.9901
    649.2281        0.9884
    649.2407        0.9848
    649.2534        0.9813
    649.2660        0.9783
    649.2786        0.9780
    649.2913        0.9800
    649.3039        0.9821
    649.3165        0.9841
    649.3291        0.9860
    649.3418        0.9877
    649.3544        0.9895
    649.3670        0.9912
    649.3797        0.9927
    649.3923        0.9940
    649.4049        0.9953
    649.4175        0.9965
    649.4302        0.9969
    649.4428        0.9967
    649.4554        0.9965
    649.4681        0.9963
    649.4807        0.9957
    649.4933        0.9949
    649.5060        0.9942
    649.5186        0.9936
    649.5312        0.9934
    649.5438        0.9936
    649.5565        0.9938
    649.5691        0.9939
    649.5817        0.9942
    649.5944        0.9944
    649.6070        0.9946
    649.6196        0.9945
    649.6323        0.9928
    649.6449        0.9899
    649.6575        0.9869
    649.6701        0.9848
    649.6828        0.9853
    649.6954        0.9880
    649.7080        0.9906
    649.7207        0.9929
    649.7333        0.9941
    649.7459        0.9943
    649.7585        0.9947
    649.7712        0.9950
    649.7838        0.9959
    649.7964        0.9971
    649.8091        0.9983
    649.8217        0.9997
    649.8343        1.0018
    649.8470        1.0045
    649.8596        1.0071
    649.8722        1.0096
    649.8848        1.0112
    649.8975        1.0123
    649.9101        1.0133
    649.9227        1.0141
    649.9354        1.0141
    649.9480        1.0136
    649.9606        1.0131
    649.9732        1.0124
    649.9859        1.0118
    649.9985        1.0110
    650.0111        1.0102
    650.0238        1.0092
    650.0364        1.0077
    650.0490        1.0057
    650.0617        1.0037
    650.0743        1.0021
    650.0869        1.0019
    650.0995        1.0025
    650.1122        1.0032
    650.1248        1.0037
    650.1374        1.0038
    650.1501        1.0037
    650.1627        1.0036
    650.1753        1.0035
    650.1880        1.0040
    650.2006        1.0046
    650.2132        1.0052
    650.2258        1.0055
    650.2385        1.0045
    650.2511        1.0028
    650.2637        1.0010
    650.2764        0.9996
    650.2890        0.9990
    650.3016        0.9988
    650.3142        0.9987
    650.3269        0.9984
    650.3395        0.9976
    650.3521        0.9966
    650.3648        0.9957
    650.3774        0.9948
    650.3900        0.9945
    650.4027        0.9946
    650.4153        0.9947
    650.4279        0.9948
    650.4405        0.9954
    650.4532        0.9960
    650.4658        0.9967
    650.4784        0.9972
    650.4911        0.9965
    650.5037        0.9954
    650.5163        0.9944
    650.5290        0.9932
    650.5416        0.9921
    650.5542        0.9911
    650.5668        0.9901
    650.5795        0.9893
    650.5921        0.9899
    650.6047        0.9910
    650.6174        0.9922
    650.6300        0.9934
    650.6426        0.9948
    650.6552        0.9962
    650.6679        0.9977
    650.6805        0.9987
    650.6931        0.9980
    650.7058        0.9968
    650.7184        0.9955
    650.7310        0.9945
    650.7437        0.9939
    650.7563        0.9935
    650.7689        0.9931
    650.7815        0.9926
    650.7942        0.9922
    650.8068        0.9916
    650.8194        0.9910
    650.8321        0.9905
    650.8447        0.9900
    650.8573        0.9895
    650.8699        0.9890
    650.8826        0.9885
    650.8952        0.9881
    650.9078        0.9876
    650.9205        0.9872
    650.9331        0.9871
    650.9457        0.9885
    650.9584        0.9902
    650.9710        0.9920
    650.9836        0.9937
    650.9962        0.9949
    651.0089        0.9959
    651.0215        0.9970
    651.0341        0.9981
    651.0468        0.9999
    651.0594        1.0019
    651.0720        1.0038
    651.0847        1.0051
    651.0973        1.0045
    651.1099        1.0034
    651.1225        1.0023
    651.1352        1.0009
    651.1478        0.9987
    651.1604        0.9965
    651.1731        0.9942
    651.1857        0.9920
    651.1983        0.9900
    651.2109        0.9880
    651.2236        0.9861
    651.2362        0.9848
    651.2488        0.9857
    651.2615        0.9871
    651.2741        0.9885
    651.2867        0.9899
    651.2994        0.9917
    651.3120        0.9936
    651.3246        0.9955
    651.3372        0.9969
    651.3499        0.9971
    651.3625        0.9970
    651.3751        0.9970
    651.3878        0.9959
    651.4004        0.9917
    651.4130        0.9868
    651.4257        0.9820
    651.4383        0.9781
    651.4509        0.9772
    651.4635        0.9767
    651.4762        0.9764
    651.4888        0.9757
    651.5014        0.9744
    651.5141        0.9730
    651.5267        0.9716
    651.5393        0.9695
    651.5519        0.9659
    651.5646        0.9620
    651.5772        0.9580
    651.5898        0.9546
    651.6025        0.9529
    651.6151        0.9514
    651.6277        0.9500
    651.6404        0.9492
    651.6530        0.9509
    651.6656        0.9528
    651.6782        0.9547
    651.6909        0.9563
    651.7035        0.9570
    651.7161        0.9576
    651.7288        0.9582
    651.7414        0.9602
    651.7540        0.9668
    651.7666        0.9735
    651.7793        0.9804
    651.7919        0.9853
    651.8045        0.9843
    651.8172        0.9829
    651.8298        0.9816
    651.8424        0.9800
    651.8551        0.9779
    651.8677        0.9757
    651.8803        0.9735
    651.8929        0.9723
    651.9056        0.9742
    651.9182        0.9762
    651.9308        0.9781
    651.9435        0.9798
    651.9561        0.9802
    651.9687        0.9807
    651.9814        0.9811
    651.9940        0.9816
    652.0066        0.9818
    652.0192        0.9822
    652.0319        0.9825
    652.0445        0.9831
    652.0571        0.9845
    652.0698        0.9859
    652.0824        0.9874
    652.0950        0.9888
    652.1076        0.9903
    652.1203        0.9917
    652.1329        0.9932
    652.1455        0.9943
    652.1582        0.9945
    652.1708        0.9946
    652.1834        0.9946
    652.1961        0.9948
    652.2087        0.9948
    652.2213        0.9948
    652.2339        0.9947
    652.2466        0.9941
    652.2592        0.9916
    652.2718        0.9893
    652.2845        0.9869
    652.2971        0.9843
    652.3097        0.9815
    652.3223        0.9787
    652.3350        0.9760
    652.3476        0.9746
    652.3602        0.9764
    652.3729        0.9784
    652.3855        0.9801
    652.3981        0.9812
    652.4108        0.9804
    652.4234        0.9798
    652.4360        0.9791
    652.4486        0.9794
    652.4613        0.9816
    652.4739        0.9839
    652.4865        0.9860
    652.4992        0.9877
    652.5118        0.9882
    652.5244        0.9888
    652.5371        0.9893
    652.5497        0.9900
    652.5623        0.9911
    652.5749        0.9922
    652.5876        0.9931
    652.6002        0.9935
    652.6128        0.9929
    652.6255        0.9923
    652.6381        0.9916
    652.6507        0.9916
    652.6633        0.9925
    652.6760        0.9934
    652.6886        0.9943
    652.7012        0.9947
    652.7139        0.9942
    652.7265        0.9937
    652.7391        0.9933
    652.7518        0.9926
    652.7644        0.9916
    652.7770        0.9906
    652.7896        0.9897
    652.8023        0.9895
    652.8149        0.9905
    652.8275        0.9915
    652.8402        0.9923
    652.8528        0.9924
    652.8654        0.9911
    652.8781        0.9899
    652.8907        0.9888
    652.9033        0.9882
    652.9159        0.9884
    652.9286        0.9887
    652.9412        0.9889
    652.9538        0.9888
    652.9665        0.9881
    652.9791        0.9874
    652.9917        0.9867
    653.0043        0.9867
    653.0170        0.9876
    653.0296        0.9885
    653.0422        0.9891
    653.0549        0.9887
    653.0675        0.9867
    653.0801        0.9848
    653.0928        0.9830
    653.1054        0.9820
    653.1180        0.9822
    653.1306        0.9823
    653.1433        0.9822
    653.1559        0.9807
    653.1685        0.9772
    653.1812        0.9738
    653.1938        0.9706
    653.2064        0.9687
    653.2190        0.9686
    653.2317        0.9686
    653.2443        0.9687
    653.2569        0.9695
    653.2696        0.9712
    653.2822        0.9729
    653.2948        0.9743
    653.3075        0.9744
    653.3201        0.9729
    653.3327        0.9713
    653.3453        0.9701
    653.3580        0.9699
    653.3706        0.9711
    653.3832        0.9723
    653.3959        0.9734
    653.4085        0.9737
    653.4211        0.9734
    653.4338        0.9730
    653.4464        0.9726
    653.4590        0.9723
    653.4716        0.9721
    653.4843        0.9719
    653.4969        0.9720
    653.5095        0.9737
    653.5222        0.9768
    653.5348        0.9800
    653.5474        0.9825
    653.5600        0.9821
    653.5727        0.9789
    653.5853        0.9758
    653.5979        0.9730
    653.6106        0.9716
    653.6232        0.9715
    653.6358        0.9715
    653.6485        0.9713
    653.6611        0.9703
    653.6737        0.9684
    653.6863        0.9667
    653.6990        0.9654
    653.7116        0.9660
    653.7242        0.9685
    653.7369        0.9708
    653.7495        0.9729
    653.7621        0.9738
    653.7748        0.9737
    653.7874        0.9735
    653.8000        0.9733
    653.8126        0.9731
    653.8253        0.9728
    653.8379        0.9726
    653.8505        0.9725
    653.8632        0.9728
    653.8758        0.9733
    653.8884        0.9739
    653.9010        0.9743
    653.9137        0.9746
    653.9263        0.9746
    653.9389        0.9745
    653.9516        0.9742
    653.9642        0.9724
    653.9768        0.9696
    653.9895        0.9668
    654.0021        0.9645
    654.0147        0.9643
    654.0273        0.9653
    654.0400        0.9663
    654.0526        0.9672
    654.0652        0.9678
    654.0779        0.9679
    654.0905        0.9682
    654.1031        0.9681
    654.1157        0.9667
    654.1284        0.9645
    654.1410        0.9623
    654.1536        0.9608
    654.1663        0.9612
    654.1789        0.9628
    654.1915        0.9645
    654.2042        0.9658
    654.2168        0.9660
    654.2294        0.9658
    654.2420        0.9656
    654.2547        0.9651
    654.2673        0.9635
    654.2799        0.9614
    654.2926        0.9592
    654.3052        0.9568
    654.3178        0.9529
    654.3305        0.9485
    654.3431        0.9442
    654.3557        0.9408
    654.3683        0.9416
    654.3810        0.9440
    654.3936        0.9463
    654.4062        0.9484
    654.4189        0.9490
    654.4315        0.9491
    654.4441        0.9492
    654.4567        0.9497
    654.4694        0.9518
    654.4820        0.9543
    654.4946        0.9569
    654.5073        0.9589
    654.5199        0.9586
    654.5325        0.9575
    654.5452        0.9564
    654.5578        0.9554
    654.5704        0.9548
    654.5830        0.9544
    654.5957        0.9539
    654.6083        0.9537
    654.6209        0.9544
    654.6336        0.9554
    654.6462        0.9563
    654.6588        0.9567
    654.6714        0.9548
    654.6841        0.9523
    654.6967        0.9498
    654.7093        0.9472
    654.7220        0.9438
    654.7346        0.9405
    654.7472        0.9371
    654.7599        0.9339
    654.7725        0.9317
    654.7851        0.9298
    654.7977        0.9278
    654.8104        0.9262
    654.8230        0.9253
    654.8356        0.9246
    654.8483        0.9240
    654.8609        0.9238
    654.8735        0.9252
    654.8862        0.9268
    654.8988        0.9284
    654.9114        0.9298
    654.9240        0.9302
    654.9367        0.9305
    654.9493        0.9308
    654.9619        0.9309
    654.9746        0.9307
    654.9872        0.9304
    654.9998        0.9302
    655.0124        0.9300
    655.0251        0.9301
    655.0377        0.9302
    655.0503        0.9303
    655.0630        0.9302
    655.0756        0.9293
    655.0882        0.9284
    655.1009        0.9276
    655.1135        0.9262
    655.1261        0.9238
    655.1387        0.9213
    655.1514        0.9189
    655.1640        0.9161
    655.1766        0.9122
    655.1893        0.9082
    655.2019        0.9042
    655.2145        0.9010
    655.2272        0.9003
    655.2398        0.8998
    655.2524        0.8992
    655.2650        0.8984
    655.2777        0.8964
    655.2903        0.8945
    655.3029        0.8926
    655.3156        0.8910
    655.3282        0.8898
    655.3408        0.8886
    655.3534        0.8876
    655.3661        0.8869
    655.3787        0.8876
    655.3913        0.8884
    655.4040        0.8892
    655.4166        0.8896
    655.4292        0.8892
    655.4419        0.8888
    655.4545        0.8883
    655.4671        0.8881
    655.4797        0.8883
    655.4924        0.8886
    655.5050        0.8888
    655.5176        0.8886
    655.5303        0.8871
    655.5429        0.8857
    655.5555        0.8842
    655.5681        0.8831
    655.5808        0.8829
    655.5934        0.8826
    655.6060        0.8825
    655.6187        0.8831
    655.6313        0.8858
    655.6439        0.8883
    655.6566        0.8909
    655.6692        0.8927
    655.6818        0.8932
    655.6944        0.8936
    655.7071        0.8942
    655.7197        0.8956
    655.7323        0.8988
    655.7450        0.9019
    655.7576        0.9051
    655.7702        0.9084
    655.7829        0.9118
    655.7955        0.9152
    655.8081        0.9187
    655.8207        0.9231
    655.8334        0.9290
    655.8460        0.9348
    655.8586        0.9406
    655.8713        0.9460
    655.8839        0.9508
    655.8965        0.9555
    655.9091        0.9604
    655.9218        0.9663
    655.9344        0.9741
    655.9470        0.9818
    655.9597        0.9895
    655.9723        0.9968
    655.9849        1.0033
    655.9976        1.0099
    656.0102        1.0162
    656.0228        1.0212
    656.0354        1.0241
    656.0481        1.0272
    656.0607        1.0300
    656.0733        1.0320
    656.0860        1.0330
    656.0986        1.0340
    656.1112        1.0344
    656.1239        1.0322
    656.1365        1.0263
    656.1491        1.0204
    656.1617        1.0143
    656.1744        1.0074
    656.1870        0.9994
    656.1996        0.9915
    656.2123        0.9837
    656.2249        0.9770
    656.2375        0.9713
    656.2501        0.9657
    656.2628        0.9599
    656.2754        0.9534
    656.2880        0.9460
    656.3007        0.9387
    656.3133        0.9313
    656.3259        0.9241
    656.3386        0.9171
    656.3512        0.9101
    656.3638        0.9034
    656.3764        0.8980
    656.3891        0.8939
    656.4017        0.8898
    656.4143        0.8864
    656.4270        0.8865
    656.4396        0.8897
    656.4522        0.8929
    656.4648        0.8961
    656.4775        0.8990
    656.4901        0.9015
    656.5027        0.9041
    656.5154        0.9066
    656.5280        0.9094
    656.5406        0.9121
    656.5533        0.9150
    656.5659        0.9183
    656.5785        0.9237
    656.5911        0.9310
    656.6038        0.9382
    656.6164        0.9455
    656.6290        0.9528
    656.6417        0.9603
    656.6543        0.9676
    656.6669        0.9753
    656.6796        0.9835
    656.6922        0.9923
    656.7048        1.0010
    656.7174        1.0094
    656.7301        1.0164
    656.7427        1.0225
    656.7553        1.0287
    656.7680        1.0345
    656.7806        1.0392
    656.7932        1.0431
    656.8058        1.0471
    656.8185        1.0503
    656.8311        1.0511
    656.8437        1.0504
    656.8564        1.0497
    656.8690        1.0486
    656.8816        1.0459
    656.8943        1.0424
    656.9069        1.0388
    656.9195        1.0353
    656.9321        1.0314
    656.9448        1.0275
    656.9574        1.0236
    656.9700        1.0197
    656.9827        1.0157
    656.9953        1.0115
    657.0079        1.0075
    657.0205        1.0033
    657.0332        0.9989
    657.0458        0.9943
    657.0584        0.9897
    657.0711        0.9846
    657.0837        0.9775
    657.0963        0.9698
    657.1090        0.9621
    657.1216        0.9549
    657.1342        0.9495
    657.1468        0.9448
    657.1595        0.9401
    657.1721        0.9363
    657.1847        0.9358
    657.1974        0.9363
    657.2100        0.9367
    657.2226        0.9364
    657.2353        0.9331
    657.2479        0.9290
    657.2605        0.9248
    657.2731        0.9210
    657.2858        0.9181
    657.2984        0.9154
    657.3110        0.9127
    657.3237        0.9102
    657.3363        0.9085
    657.3489        0.9068
    657.3615        0.9052
    657.3742        0.9040
    657.3868        0.9037
    657.3994        0.9038
    657.4121        0.9039
    657.4247        0.9035
    657.4373        0.9021
    657.4500        0.9005
    657.4626        0.8988
    657.4752        0.8980
    657.4878        0.8999
    657.5005        0.9021
    657.5131        0.9043
    657.5257        0.9061
    657.5384        0.9063
    657.5510        0.9065
    657.5636        0.9067
    657.5763        0.9081
    657.5889        0.9133
    657.6015        0.9188
    657.6141        0.9244
    657.6268        0.9288
    657.6394        0.9296
    657.6520        0.9302
    657.6647        0.9309
    657.6773        0.9312
    657.6899        0.9309
    657.7025        0.9305
    657.7152        0.9302
    657.7278        0.9302
    657.7404        0.9310
    657.7531        0.9319
    657.7657        0.9328
    657.7783        0.9335
    657.7910        0.9334
    657.8036        0.9335
    657.8162        0.9335
    657.8288        0.9338
    657.8415        0.9351
    657.8541        0.9363
    657.8667        0.9376
    657.8794        0.9388
    657.8920        0.9396
    657.9046        0.9406
    657.9172        0.9414
    657.9299        0.9415
    657.9425        0.9399
    657.9551        0.9384
    657.9678        0.9369
    657.9804        0.9364
    657.9930        0.9379
    658.0057        0.9394
    658.0183        0.9410
    658.0309        0.9421
    658.0435        0.9426
    658.0562        0.9430
    658.0688        0.9435
    658.0814        0.9437
    658.0941        0.9436
    658.1067        0.9436
    658.1193        0.9436
    658.1320        0.9436
    658.1446        0.9435
    658.1572        0.9436
    658.1698        0.9437
    658.1825        0.9447
    658.1951        0.9471
    658.2077        0.9496
    658.2204        0.9518
    658.2330        0.9529
    658.2456        0.9517
    658.2582        0.9506
    658.2709        0.9494
    658.2835        0.9481
    658.2961        0.9464
    658.3088        0.9447
    658.3214        0.9432
    658.3340        0.9433
    658.3467        0.9455
    658.3593        0.9477
    658.3719        0.9499
    658.3845        0.9519
    658.3972        0.9539
    658.4098        0.9558
    658.4224        0.9575
    658.4351        0.9582
    658.4477        0.9575
    658.4603        0.9568
    658.4730        0.9563
    658.4856        0.9568
    658.4982        0.9588
    658.5108        0.9607
    658.5235        0.9623
    658.5361        0.9622
    658.5487        0.9601
    658.5614        0.9581
    658.5740        0.9564
    658.5866        0.9565
    658.5992        0.9582
    658.6119        0.9599
    658.6245        0.9614
    658.6371        0.9623
    658.6498        0.9624
    658.6624        0.9625
    658.6750        0.9626
    658.6877        0.9625
    658.7003        0.9622
    658.7129        0.9619
    658.7255        0.9619
    658.7382        0.9631
    658.7508        0.9653
    658.7634        0.9675
    658.7761        0.9694
    658.7887        0.9702
    658.8013        0.9701
    658.8139        0.9700
    658.8266        0.9700
    658.8392        0.9710
    658.8518        0.9726
    658.8645        0.9743
    658.8771        0.9755
    658.8897        0.9755
    658.9024        0.9745
    658.9150        0.9735
    658.9276        0.9725
    658.9402        0.9714
    658.9529        0.9701
    658.9655        0.9690
    658.9781        0.9682
    658.9908        0.9691
    659.0034        0.9711
    659.0160        0.9731
    659.0287        0.9747
    659.0413        0.9749
    659.0539        0.9745
    659.0665        0.9741
    659.0792        0.9740
    659.0918        0.9756
    659.1044        0.9778
    659.1171        0.9801
    659.1297        0.9817
    659.1423        0.9816
    659.1549        0.9807
    659.1676        0.9798
    659.1802        0.9787
    659.1928        0.9767
    659.2055        0.9744
    659.2181        0.9721
    659.2307        0.9706
    659.2434        0.9718
    659.2560        0.9739
    659.2686        0.9760
    659.2812        0.9776
    659.2939        0.9777
    659.3065        0.9773
    659.3191        0.9769
    659.3318        0.9765
    659.3444        0.9763
    659.3570        0.9761
    659.3696        0.9758
    659.3823        0.9760
    659.3949        0.9776
    659.4075        0.9795
    659.4202        0.9814
    659.4328        0.9829
    659.4454        0.9830
    659.4581        0.9829
    659.4707        0.9828
    659.4833        0.9825
    659.4959        0.9816
    659.5086        0.9806
    659.5212        0.9797
    659.5338        0.9789
    659.5465        0.9787
    659.5591        0.9785
    659.5717        0.9784
    659.5844        0.9782
    659.5970        0.9780
    659.6096        0.9779
    659.6222        0.9778
    659.6349        0.9780
    659.6475        0.9792
    659.6601        0.9806
    659.6728        0.9818
    659.6854        0.9830
    659.6980        0.9833
    659.7106        0.9836
    659.7233        0.9840
    659.7359        0.9837
    659.7485        0.9815
    659.7612        0.9794
    659.7738        0.9772
    659.7864        0.9758
    659.7991        0.9768
    659.8117        0.9777
    659.8243        0.9787
    659.8369        0.9791
    659.8496        0.9783
    659.8622        0.9774
    659.8748        0.9765
    659.8875        0.9753
    659.9001        0.9731
    659.9127        0.9709
    659.9254        0.9689
    659.9380        0.9677
    659.9506        0.9684
    659.9632        0.9693
    659.9759        0.9701
    659.9885        0.9713
    660.0011        0.9735
    660.0138        0.9757
    660.0264        0.9777
    660.0390        0.9786
    660.0516        0.9772
    660.0643        0.9759
    660.0769        0.9747
    660.0895        0.9745
    660.1022        0.9760
    660.1148        0.9776
    660.1274        0.9789
    660.1401        0.9792
    660.1527        0.9776
    660.1653        0.9761
    660.1779        0.9747
    660.1906        0.9749
    660.2032        0.9773
    660.2158        0.9797
    660.2285        0.9817
    660.2411        0.9824
    660.2537        0.9810
    660.2663        0.9796
    660.2790        0.9782
    660.2916        0.9774
    660.3042        0.9772
    660.3169        0.9770
    660.3295        0.9768
    660.3421        0.9770
    660.3548        0.9774
    660.3674        0.9779
    660.3800        0.9783
    660.3926        0.9782
    660.4053        0.9774
    660.4179        0.9767
    660.4305        0.9764
    660.4432        0.9783
    660.4558        0.9823
    660.4684        0.9864
    660.4811        0.9899
    660.4937        0.9914
    660.5063        0.9909
    660.5189        0.9903
    660.5316        0.9898
    660.5442        0.9893
    660.5568        0.9890
    660.5695        0.9886
    660.5821        0.9881
    660.5947        0.9875
    660.6073        0.9867
    660.6200        0.9859
    660.6326        0.9853
    660.6452        0.9858
    660.6579        0.9873
    660.6705        0.9886
    660.6831        0.9895
    660.6958        0.9882
    660.7084        0.9855
    660.7210        0.9828
    660.7336        0.9807
    660.7463        0.9810
    660.7589        0.9828
    660.7715        0.9847
    660.7842        0.9862
    660.7968        0.9867
    660.8094        0.9865
    660.8221        0.9863
    660.8347        0.9863
    660.8473        0.9871
    660.8599        0.9884
    660.8726        0.9895
    660.8852        0.9902
    660.8978        0.9887
    660.9105        0.9863
    660.9231        0.9839
    660.9357        0.9821
    660.9483        0.9825
    660.9610        0.9838
    660.9736        0.9852
    660.9862        0.9859
    660.9989        0.9847
    661.0115        0.9827
    661.0241        0.9808
    661.0368        0.9798
    661.0494        0.9820
    661.0620        0.9853
    661.0746        0.9886
    661.0873        0.9911
    661.0999        0.9912
    661.1125        0.9907
    661.1252        0.9901
    661.1378        0.9896
    661.1504        0.9889
    661.1630        0.9883
    661.1757        0.9878
    661.1883        0.9874
    661.2009        0.9875
    661.2136        0.9878
    661.2262        0.9881
    661.2388        0.9881
    661.2515        0.9878
    661.2641        0.9873
    661.2767        0.9869
    661.2893        0.9866
    661.3020        0.9866
    661.3146        0.9866
    661.3272        0.9867
    661.3399        0.9874
    661.3525        0.9900
    661.3651        0.9929
    661.3778        0.9957
    661.3904        0.9972
    661.4030        0.9945
    661.4156        0.9915
    661.4283        0.9885
    661.4409        0.9863
    661.4535        0.9862
    661.4662        0.9861
    661.4788        0.9861
    661.4914        0.9858
    661.5040        0.9848
    661.5167        0.9838
    661.5293        0.9829
    661.5419        0.9828
    661.5546        0.9852
    661.5672        0.9876
    661.5798        0.9899
    661.5925        0.9918
    661.6051        0.9923
    661.6177        0.9927
    661.6303        0.9933
    661.6430        0.9937
    661.6556        0.9939
    661.6682        0.9939
    661.6809        0.9941
    661.6935        0.9939
    661.7061        0.9930
    661.7187        0.9921
    661.7314        0.9912
    661.7440        0.9904
    661.7566        0.9896
    661.7693        0.9889
    661.7819        0.9882
    661.7945        0.9873
    661.8072        0.9863
    661.8198        0.9854
    661.8324        0.9845
    661.8450        0.9840
    661.8577        0.9842
    661.8703        0.9844
    661.8829        0.9846
    661.8956        0.9850
    661.9082        0.9859
    661.9208        0.9867
    661.9335        0.9875
    661.9461        0.9882
    661.9587        0.9888
    661.9713        0.9894
    661.9840        0.9899
    661.9966        0.9899
    662.0092        0.9895
    662.0219        0.9891
    662.0345        0.9887
    662.0471        0.9886
    662.0597        0.9888
    662.0724        0.9889
    662.0850        0.9890
    662.0976        0.9887
    662.1103        0.9880
    662.1229        0.9872
    662.1355        0.9867
    662.1482        0.9867
    662.1608        0.9874
    662.1734        0.9881
    662.1860        0.9886
    662.1987        0.9880
    662.2113        0.9866
    662.2239        0.9850
    662.2366        0.9837
    662.2492        0.9832
    662.2618        0.9832
    662.2745        0.9833
    662.2871        0.9836
    662.2997        0.9846
    662.3123        0.9863
    662.3250        0.9880
    662.3376        0.9895
    662.3502        0.9904
    662.3629        0.9909
    662.3755        0.9915
    662.3881        0.9917
    662.4007        0.9906
    662.4134        0.9887
    662.4260        0.9870
    662.4386        0.9858
    662.4513        0.9868
    662.4639        0.9889
    662.4765        0.9910
    662.4892        0.9925
    662.5018        0.9917
    662.5144        0.9899
    662.5270        0.9881
    662.5397        0.9867
    662.5523        0.9869
    662.5649        0.9876
    662.5776        0.9884
    662.5902        0.9890
    662.6028        0.9889
    662.6154        0.9886
    662.6281        0.9881
    662.6407        0.9875
    662.6533        0.9859
    662.6660        0.9842
    662.6786        0.9824
    662.6912        0.9813
    662.7039        0.9826
    662.7165        0.9844
    662.7291        0.9863
    662.7417        0.9880
    662.7544        0.9888
    662.7670        0.9895
    662.7796        0.9902
    662.7923        0.9908
    662.8049        0.9913
    662.8175        0.9918
    662.8302        0.9922
    662.8428        0.9927
    662.8554        0.9934
    662.8680        0.9940
    662.8807        0.9946
    662.8933        0.9955
    662.9059        0.9975
    662.9186        0.9996
    662.9312        1.0017
    662.9438        1.0024
    662.9564        0.9991
    662.9691        0.9957
    662.9817        0.9923
    662.9943        0.9896
    663.0070        0.9890
    663.0196        0.9885
    663.0322        0.9879
    663.0449        0.9873
    663.0575        0.9871
    663.0701        0.9868
    663.0827        0.9866
    663.0954        0.9866
    663.1080        0.9871
    663.1206        0.9875
    663.1333        0.9880
    663.1459        0.9880
    663.1585        0.9869
    663.1712        0.9858
    663.1838        0.9848
    663.1964        0.9838
    663.2090        0.9833
    663.2217        0.9828
    663.2343        0.9824
    663.2469        0.9829
    663.2596        0.9849
    663.2722        0.9870
    663.2848        0.9890
    663.2974        0.9903
    663.3101        0.9905
    663.3227        0.9907
    663.3353        0.9908
    663.3480        0.9903
    663.3606        0.9887
    663.3732        0.9872
    663.3859        0.9859
    663.3985        0.9863
    663.4111        0.9891
    663.4237        0.9919
    663.4364        0.9946
    663.4490        0.9967
    663.4616        0.9978
    663.4743        0.9991
    663.4869        1.0001
    663.4995        0.9998
    663.5121        0.9979
    663.5248        0.9960
    663.5374        0.9941
    663.5500        0.9931
    663.5627        0.9929
    663.5753        0.9927
    663.5879        0.9927
    663.6006        0.9934
    663.6132        0.9947
    663.6258        0.9961
    663.6384        0.9972
    663.6511        0.9974
    663.6637        0.9966
    663.6763        0.9958
    663.6890        0.9952
    663.7016        0.9950
    663.7142        0.9952
    663.7269        0.9953
    663.7395        0.9953
    663.7521        0.9947
    663.7647        0.9937
    663.7774        0.9928
    663.7900        0.9920
    663.8026        0.9916
    663.8153        0.9914
    663.8279        0.9914
    663.8405        0.9914
    663.8531        0.9917
    663.8658        0.9921
    663.8784        0.9925
    663.8910        0.9926
    663.9037        0.9920
    663.9163        0.9912
    663.9289        0.9903
    663.9416        0.9898
    663.9542        0.9904
    663.9668        0.9915
    663.9794        0.9926
    663.9921        0.9937
    664.0047        0.9944
    664.0173        0.9949
    664.0300        0.9954
    664.0426        0.9952
    664.0552        0.9931
    664.0678        0.9902
    664.0805        0.9874
    664.0931        0.9854
    664.1057        0.9862
    664.1184        0.9877
    664.1310        0.9892
    664.1436        0.9906
    664.1563        0.9918
    664.1689        0.9930
    664.1815        0.9940
    664.1941        0.9948
    664.2068        0.9944
    664.2194        0.9938
    664.2320        0.9932
    664.2447        0.9921
    664.2573        0.9898
    664.2699        0.9874
    664.2826        0.9849
    664.2952        0.9834
    664.3078        0.9849
    664.3204        0.9865
    664.3331        0.9882
    664.3457        0.9892
    664.3583        0.9878
    664.3710        0.9862
    664.3836        0.9848
    664.3962        0.9842
    664.4088        0.9860
    664.4215        0.9878
    664.4341        0.9896
    664.4467        0.9912
    664.4594        0.9920
    664.4720        0.9929
    664.4846        0.9937
    664.4973        0.9942
    664.5099        0.9939
    664.5225        0.9935
    664.5351        0.9931
    664.5478        0.9928
    664.5604        0.9927
    664.5730        0.9926
    664.5857        0.9925
    664.5983        0.9919
    664.6109        0.9908
    664.6236        0.9896
    664.6362        0.9886
    664.6488        0.9881
    664.6614        0.9887
    664.6741        0.9894
    664.6867        0.9900
    664.6993        0.9906
    664.7120        0.9910
    664.7246        0.9915
    664.7372        0.9920
    664.7498        0.9931
    664.7625        0.9951
    664.7751        0.9970
    664.7877        0.9988
    664.8004        0.9993
    664.8130        0.9982
    664.8256        0.9972
    664.8383        0.9961
    664.8509        0.9955
    664.8635        0.9953
    664.8761        0.9951
    664.8888        0.9947
    664.9014        0.9930
    664.9140        0.9902
    664.9267        0.9874
    664.9393        0.9851
    664.9519        0.9847
    664.9645        0.9861
    664.9772        0.9875
    664.9898        0.9888
    665.0024        0.9899
    665.0151        0.9907
    665.0277        0.9917
    665.0403        0.9926
    665.0530        0.9933
    665.0656        0.9940
    665.0782        0.9948
    665.0908        0.9955
    665.1035        0.9963
    665.1161        0.9972
    665.1287        0.9981
    665.1414        0.9987
    665.1540        0.9986
    665.1666        0.9981
    665.1793        0.9976
    665.1919        0.9972
    665.2045        0.9966
    665.2171        0.9962
    665.2298        0.9958
    665.2424        0.9953
    665.2550        0.9941
    665.2677        0.9928
    665.2803        0.9915
    665.2929        0.9908
    665.3055        0.9923
    665.3182        0.9946
    665.3308        0.9968
    665.3434        0.9984
    665.3561        0.9977
    665.3687        0.9962
    665.3813        0.9948
    665.3940        0.9936
    665.4066        0.9931
    665.4192        0.9927
    665.4318        0.9924
    665.4445        0.9924
    665.4571        0.9939
    665.4697        0.9956
    665.4824        0.9973
    665.4950        0.9985
    665.5076        0.9984
    665.5203        0.9980
    665.5329        0.9977
    665.5455        0.9975
    665.5581        0.9972
    665.5708        0.9970
    665.5834        0.9968
    665.5960        0.9968
    665.6087        0.9974
    665.6213        0.9981
    665.6339        0.9987
    665.6465        0.9991
    665.6592        0.9982
    665.6718        0.9975
    665.6844        0.9969
    665.6971        0.9970
    665.7097        0.9994
    665.7223        1.0017
    665.7350        1.0040
    665.7476        1.0049
    665.7602        1.0026
    665.7728        1.0002
    665.7855        0.9981
    665.7981        0.9976
    665.8107        1.0007
    665.8234        1.0037
    665.8360        1.0065
    665.8486        1.0084
    665.8612        1.0083
    665.8739        1.0082
    665.8865        1.0079
    665.8991        1.0066
    665.9118        1.0037
    665.9244        1.0007
    665.9370        0.9980
    665.9497        0.9961
    665.9623        0.9958
    665.9749        0.9954
    665.9875        0.9952
    666.0002        0.9959
    666.0128        0.9980
    666.0254        0.9999
    666.0381        1.0017
    666.0507        1.0025
    666.0633        1.0020
    666.0760        1.0014
    666.0886        1.0010
    666.1012        1.0005
    666.1138        1.0000
    666.1265        0.9994
    666.1391        0.9990
    666.1517        0.9987
    666.1644        0.9986
    666.1770        0.9983
    666.1896        0.9984
    666.2022        0.9994
    666.2149        1.0012
    666.2275        1.0029
    666.2401        1.0043
    666.2528        1.0036
    666.2654        1.0015
    666.2780        0.9994
    666.2907        0.9977
    666.3033        0.9977
    666.3159        0.9988
    666.3285        0.9998
    666.3412        1.0010
    666.3538        1.0024
    666.3664        1.0039
    666.3791        1.0055
    666.3917        1.0065
    666.4043        1.0059
    666.4169        1.0043
    666.4296        1.0029
    666.4422        1.0013
    666.4548        0.9998
    666.4675        0.9983
    666.4801        0.9968
    666.4927        0.9956
    666.5054        0.9955
    666.5180        0.9959
    666.5306        0.9962
    666.5432        0.9967
    666.5559        0.9975
    666.5685        0.9985
    666.5811        0.9994
    666.5938        0.9999
    666.6064        0.9990
    666.6190        0.9977
    666.6317        0.9965
    666.6443        0.9956
    666.6569        0.9962
    666.6695        0.9969
    666.6822        0.9977
    666.6948        0.9978
    666.7074        0.9961
    666.7201        0.9940
    666.7327        0.9919
    666.7453        0.9908
    666.7579        0.9924
    666.7706        0.9942
    666.7832        0.9961
    666.7958        0.9972
    666.8085        0.9962
    666.8211        0.9952
    666.8337        0.9943
    666.8464        0.9937
    666.8590        0.9946
    666.8716        0.9955
    666.8842        0.9964
    666.8969        0.9971
    666.9095        0.9972
    666.9221        0.9973
    666.9348        0.9974
    666.9474        0.9979
    666.9600        0.9992
    666.9727        1.0006
    666.9853        1.0018
    666.9979        1.0026
    667.0105        1.0024
    667.0232        1.0022
    667.0358        1.0020
    667.0484        1.0022
    667.0611        1.0031
    667.0737        1.0039
    667.0863        1.0047
    667.0989        1.0048
    667.1116        1.0041
    667.1242        1.0034
    667.1368        1.0025
    667.1495        1.0016
    667.1621        1.0003
    667.1747        0.9991
    667.1874        0.9979
    667.2000        0.9977
    667.2126        0.9983
    667.2252        0.9990
    667.2379        0.9995
    667.2505        0.9993
    667.2631        0.9981
    667.2758        0.9971
    667.2884        0.9961
    667.3010        0.9949
    667.3136        0.9938
    667.3263        0.9925
    667.3389        0.9916
    667.3515        0.9914
    667.3642        0.9917
    667.3768        0.9921
    667.3894        0.9923
    667.4021        0.9919
    667.4147        0.9909
    667.4273        0.9897
    667.4399        0.9888
    667.4526        0.9880
    667.4652        0.9875
    667.4778        0.9869
    667.4905        0.9864
    667.5031        0.9866
    667.5157        0.9870
    667.5284        0.9874
    667.5410        0.9876
    667.5536        0.9870
    667.5662        0.9860
    667.5789        0.9850
    667.5915        0.9842
    667.6041        0.9842
    667.6168        0.9845
    667.6294        0.9848
    667.6420        0.9844
    667.6546        0.9818
    667.6673        0.9786
    667.6799        0.9753
    667.6925        0.9729
    667.7052        0.9734
    667.7178        0.9746
    667.7304        0.9758
    667.7431        0.9767
    667.7557        0.9766
    667.7683        0.9761
    667.7809        0.9758
    667.7936        0.9756
    667.8062        0.9757
    667.8188        0.9758
    667.8315        0.9757
    667.8441        0.9758
    667.8567        0.9758
    667.8694        0.9757
    667.8820        0.9757
    667.8946        0.9750
    667.9072        0.9725
    667.9199        0.9701
    667.9325        0.9678
    667.9451        0.9662
    667.9578        0.9672
    667.9704        0.9682
    667.9830        0.9691
    667.9956        0.9691
    668.0083        0.9666
    668.0209        0.9641
    668.0335        0.9617
    668.0462        0.9603
    668.0588        0.9607
    668.0714        0.9611
    668.0841        0.9617
    668.0967        0.9631
    668.1093        0.9659
    668.1219        0.9687
    668.1346        0.9712
    668.1472        0.9725
    668.1598        0.9713
    668.1725        0.9701
    668.1851        0.9691
    668.1977        0.9686
    668.2103        0.9689
    668.2230        0.9692
    668.2356        0.9695
    668.2482        0.9703
    668.2609        0.9717
    668.2735        0.9729
    668.2861        0.9744
    668.2988        0.9769
    668.3114        0.9804
    668.3240        0.9839
    668.3366        0.9872
    668.3493        0.9895
    668.3619        0.9908
    668.3745        0.9921
    668.3872        0.9934
    668.3998        0.9945
    668.4124        0.9955
    668.4251        0.9966
    668.4377        0.9973
    668.4503        0.9970
    668.4629        0.9957
    668.4756        0.9946
    668.4882        0.9938
    668.5008        0.9950
    668.5135        0.9973
    668.5261        0.9996
    668.5387        1.0016
    668.5513        1.0029
    668.5640        1.0039
    668.5766        1.0048
    668.5892        1.0057
    668.6019        1.0065
    668.6145        1.0073
    668.6271        1.0080
    668.6398        1.0089
    668.6524        1.0103
    668.6650        1.0118
    668.6776        1.0133
    668.6903        1.0143
    668.7029        1.0136
    668.7155        1.0125
    668.7282        1.0112
    668.7408        1.0099
    668.7534        1.0086
    668.7660        1.0072
    668.7787        1.0058
    668.7913        1.0051
    668.8039        1.0062
    668.8166        1.0078
    668.8292        1.0092
    668.8418        1.0105
    668.8545        1.0109
    668.8671        1.0113
    668.8797        1.0117
    668.8923        1.0118
    668.9050        1.0105
    668.9176        1.0093
    668.9302        1.0080
    668.9429        1.0073
    668.9555        1.0082
    668.9681        1.0090
    668.9808        1.0098
    668.9934        1.0105
    669.0060        1.0107
    669.0186        1.0109
    669.0313        1.0112
    669.0439        1.0114
    669.0565        1.0117
    669.0692        1.0119
    669.0818        1.0122
    669.0944        1.0125
    669.1070        1.0127
    669.1197        1.0130
    669.1323        1.0131
    669.1449        1.0129
    669.1576        1.0118
    669.1702        1.0107
    669.1828        1.0099
    669.1955        1.0102
    669.2081        1.0123
    669.2207        1.0145
    669.2333        1.0164
    669.2460        1.0174
    669.2586        1.0168
    669.2712        1.0164
    669.2839        1.0160
    669.2965        1.0156
    669.3091        1.0155
    669.3218        1.0154
    669.3344        1.0152
    669.3470        1.0143
    669.3596        1.0131
    669.3723        1.0117
    669.3849        1.0107
    669.3975        1.0115
    669.4102        1.0138
    669.4228        1.0162
    669.4354        1.0181
    669.4480        1.0186
    669.4607        1.0180
    669.4733        1.0175
    669.4859        1.0170
    669.4986        1.0166
    669.5112        1.0163
    669.5238        1.0159
    669.5365        1.0154
    669.5491        1.0143
    669.5617        1.0128
    669.5743        1.0114
    669.5870        1.0100
    669.5996        1.0091
    669.6122        1.0083
    669.6249        1.0075
    669.6375        1.0075
    669.6501        1.0103
    669.6627        1.0140
    669.6754        1.0176
    669.6880        1.0205
    669.7006        1.0206
    669.7133        1.0200
    669.7259        1.0193
    669.7385        1.0187
    669.7512        1.0185
    669.7638        1.0183
    669.7764        1.0180
    669.7890        1.0176
    669.8017        1.0167
    669.8143        1.0159
    669.8269        1.0149
    669.8396        1.0143
    669.8522        1.0145
    669.8648        1.0147
    669.8775        1.0150
    669.8901        1.0150
    669.9027        1.0142
    669.9153        1.0135
    669.9280        1.0128
    669.9406        1.0130
    669.9532        1.0161
    669.9659        1.0191
    669.9785        1.0222
    669.9911        0.0000
