    651.2924        3.0316
    651.3010        1.3059
    651.3095        1.0896
    651.3181        1.0725
    651.3267        1.0153
    651.3352        1.0022
    651.3438        0.9977
    651.3523        1.0081
    651.3609        1.0214
    651.3695        1.0346
    651.3780        1.0270
    651.3866        1.0202
    651.3951        1.0136
    651.4037        1.0310
    651.4123        1.0167
    651.4208        0.9956
    651.4294        1.0191
    651.4379        0.9961
    651.4465        0.9781
    651.4551        0.9591
    651.4636        0.9113
    651.4722        0.9050
    651.4807        0.9142
    651.4893        0.9052
    651.4979        0.9431
    651.5064        0.9837
    651.5150        1.0064
    651.5235        0.9705
    651.5321        0.9891
    651.5407        1.0136
    651.5492        0.9820
    651.5578        1.0198
    651.5664        0.9968
    651.5749        0.9612
    651.5835        0.9603
    651.5920        0.9665
    651.6006        0.9261
    651.6092        0.9382
    651.6177        0.9634
    651.6263        0.9417
    651.6348        0.9153
    651.6434        0.8625
    651.6520        0.8032
    651.6605        0.7965
    651.6691        0.8511
    651.6776        0.8898
    651.6862        0.8713
    651.6948        0.8924
    651.7033        0.9380
    651.7119        0.9334
    651.7204        0.9356
    651.7290        0.9592
    651.7376        0.9386
    651.7461        0.9955
    651.7547        1.0311
    651.7632        1.0378
    651.7718        1.0264
    651.7804        0.9912
    651.7889        0.9760
    651.7975        0.9594
    651.8061        0.9907
    651.8146        0.9585
    651.8232        0.9588
    651.8317        1.0099
    651.8403        1.0092
    651.8489        0.9807
    651.8574        1.0060
    651.8660        1.0318
    651.8745        0.9993
    651.8831        0.9866
    651.8917        0.9793
    651.9002        0.9565
    651.9088        0.9774
    651.9173        0.9903
    651.9259        0.9619
    651.9345        0.9610
    651.9430        0.9666
    651.9516        0.9277
    651.9601        0.9414
    651.9687        0.9820
    651.9773        0.9943
    651.9858        1.0042
    651.9944        1.0191
    652.0029        1.0236
    652.0115        1.0298
    652.0201        1.0411
    652.0286        1.0267
    652.0372        1.0136
    652.0458        1.0395
    652.0543        1.0459
    652.0629        1.0185
    652.0714        1.0561
    652.0800        1.0621
    652.0886        1.0353
    652.0971        1.0412
    652.1057        1.0363
    652.1142        1.0276
    652.1228        1.0117
    652.1314        1.0401
    652.1399        1.0444
    652.1485        1.0365
    652.1570        1.0276
    652.1656        1.0290
    652.1742        1.0021
    652.1827        0.9969
    652.1913        1.0298
    652.1998        1.0037
    652.2084        1.0018
    652.2170        1.0125
    652.2255        1.0211
    652.2341        0.9757
    652.2427        1.0072
    652.2512        1.0333
    652.2598        1.0081
    652.2683        1.0066
    652.2769        1.0027
    652.2855        1.0480
    652.2940        1.0375
    652.3026        0.9908
    652.3111        0.9897
    652.3197        0.9965
    652.3283        1.0066
    652.3368        1.0051
    652.3454        1.0064
    652.3539        0.9873
    652.3625        0.9341
    652.3711        0.9261
    652.3796        0.9169
    652.3882        0.8975
    652.3967        0.9178
    652.4053        0.9400
    652.4139        0.9807
    652.4224        0.9949
    652.4310        0.9993
    652.4395        1.0142
    652.4481        1.0125
    652.4567        1.0230
    652.4652        1.0296
    652.4738        1.0116
    652.4824        0.9914
    652.4909        1.0288
    652.4995        0.9987
    652.5080        0.9947
    652.5166        0.9853
    652.5252        1.0044
    652.5337        1.0311
    652.5423        1.0105
    652.5508        0.9925
    652.5594        0.9892
    652.5680        0.9916
    652.5765        0.9964
    652.5851        0.9905
    652.5936        0.9773
    652.6022        0.9919
    652.6108        1.0140
    652.6193        1.0150
    652.6279        0.9756
    652.6364        0.9967
    652.6450        1.0125
    652.6536        0.9855
    652.6621        1.0174
    652.6707        0.9977
    652.6792        0.9933
    652.6878        1.0383
    652.6964        1.0376
    652.7049        1.0269
    652.7135        1.0372
    652.7221        1.0205
    652.7306        1.0040
    652.7392        1.0213
    652.7477        0.9980
    652.7563        1.0070
    652.7649        1.0048
    652.7734        0.9881
    652.7820        0.9952
    652.7905        1.0011
    652.7991        0.9878
    652.8077        0.9927
    652.8162        1.0203
    652.8248        1.0039
    652.8333        0.9934
    652.8419        1.0186
    652.8505        1.0285
    652.8590        0.9865
    652.8676        1.0197
    652.8761        1.0251
    652.8847        1.0005
    652.8933        1.0095
    652.9018        1.0138
    652.9104        1.0176
    652.9189        1.0129
    652.9275        1.0239
    652.9361        1.0416
    652.9446        1.0074
    652.9532        1.0024
    652.9618        1.0017
    652.9703        0.9868
    652.9789        0.9984
    652.9874        1.0137
    652.9960        1.0005
    653.0046        1.0045
    653.0131        1.0170
    653.0217        1.0058
    653.0302        0.9989
    653.0388        1.0060
    653.0474        0.9848
    653.0559        0.9660
    653.0645        1.0048
    653.0730        1.0169
    653.0816        0.9694
    653.0902        0.9704
    653.0987        1.0258
    653.1073        1.0329
    653.1158        0.9929
    653.1244        1.0230
    653.1330        1.0036
    653.1415        0.9969
    653.1501        1.0262
    653.1587        0.9884
    653.1672        1.0193
    653.1758        1.0172
    653.1843        1.0130
    653.1929        0.9927
    653.2015        0.9908
    653.2100        0.9689
    653.2186        0.8976
    653.2271        0.9120
    653.2357        0.9141
    653.2443        0.9150
    653.2528        0.9549
    653.2614        0.9871
    653.2699        0.9912
    653.2785        0.9645
    653.2871        1.0010
    653.2956        1.0357
    653.3042        0.9988
    653.3127        1.0065
    653.3213        1.0148
    653.3299        1.0119
    653.3384        1.0192
    653.3470        1.0120
    653.3555        1.0045
    653.3641        1.0188
    653.3727        1.0006
    653.3812        0.9871
    653.3898        0.9499
    653.3984        0.9643
    653.4069        0.9973
    653.4155        0.9838
    653.4240        0.9535
    653.4326        0.9884
    653.4412        0.9721
    653.4497        0.9735
    653.4583        0.9966
    653.4668        1.0284
    653.4754        0.9909
    653.4840        0.9963
    653.4925        0.9931
    653.5011        0.9914
    653.5096        1.0159
    653.5182        0.9898
    653.5268        0.9974
    653.5353        1.0218
    653.5439        1.0247
    653.5524        1.0320
    653.5610        1.0154
    653.5696        0.9985
    653.5781        0.9730
    653.5867        0.9906
    653.5952        1.0180
    653.6038        1.0207
    653.6124        1.0218
    653.6209        1.0258
    653.6295        1.0040
    653.6381        0.9828
    653.6466        0.9639
    653.6552        0.9809
    653.6637        0.9864
    653.6723        0.9905
    653.6809        1.0182
    653.6894        1.0012
    653.6980        0.9911
    653.7065        1.0036
    653.7151        1.0378
    653.7237        1.0275
    653.7322        0.9793
    653.7408        0.9929
    653.7493        0.9987
    653.7579        0.9858
    653.7665        1.0113
    653.7750        1.0148
    653.7836        0.9972
    653.7921        1.0068
    653.8007        1.0432
    653.8093        1.0300
    653.8178        0.9975
    653.8264        1.0192
    653.8349        1.0189
    653.8435        1.0329
    653.8521        1.0325
    653.8606        1.0292
    653.8692        1.0351
    653.8778        1.0061
    653.8863        1.0089
    653.8949        1.0284
    653.9034        1.0463
    653.9120        1.0334
    653.9206        1.0187
    653.9291        1.0291
    653.9377        1.0112
    653.9462        1.0176
    653.9548        1.0374
    653.9634        1.0066
    653.9719        1.0066
    653.9805        1.0555
    653.9890        1.0407
    653.9976        1.0018
    654.0062        1.0475
    654.0147        1.0612
    654.0233        0.9997
    654.0318        1.0139
    654.0404        1.0419
    654.0490        1.0155
    654.0575        1.0231
    654.0661        1.0588
    654.0746        1.0177
    654.0832        0.9912
    654.0918        1.0388
    654.1003        1.0423
    654.1089        1.0617
    654.1175        1.0369
    654.1260        1.0279
    654.1346        1.0694
    654.1431        1.0721
    654.1517        1.0448
    654.1603        1.0555
    654.1688        1.0043
    654.1774        1.0414
    654.1859        1.0266
    654.1945        1.0135
    654.2031        1.0254
    654.2116        0.9747
    654.2202        0.9658
    654.2287        1.0143
    654.2373        0.9849
    654.2459        0.9999
    654.2544        1.0058
    654.2630        1.0454
    654.2715        1.0369
    654.2801        1.0442
    654.2887        1.0529
    654.2972        1.0267
    654.3058        0.9934
    654.3144        1.0189
    654.3229        1.0406
    654.3315        1.0136
    654.3400        1.0070
    654.3486        1.0178
    654.3572        0.9996
    654.3657        0.9343
    654.3743        0.9074
    654.3828        0.8959
    654.3914        0.8629
    654.4000        0.9082
    654.4085        0.9745
    654.4171        1.0136
    654.4256        1.0384
    654.4342        1.0705
    654.4428        1.0384
    654.4513        1.0300
    654.4599        1.0467
    654.4684        1.0461
    654.4770        1.0320
    654.4856        1.0296
    654.4941        1.0354
    654.5027        1.0251
    654.5112        1.0427
    654.5198        1.0588
    654.5284        1.0512
    654.5369        1.0388
    654.5455        1.0377
    654.5541        1.0098
    654.5626        1.0236
    654.5712        1.0071
    654.5797        0.9993
    654.5883        1.0246
    654.5969        1.0286
    654.6054        1.0619
    654.6140        1.0601
    654.6225        1.0513
    654.6311        1.0550
    654.6397        1.0266
    654.6482        1.0617
    654.6568        1.0624
    654.6653        1.0497
    654.6739        1.0492
    654.6825        1.0455
    654.6910        1.0682
    654.6996        1.0603
    654.7081        1.0210
    654.7167        1.0691
    654.7253        1.0507
    654.7338        1.0138
    654.7424        1.0369
    654.7509        0.9830
    654.7595        1.0012
    654.7681        0.9984
    654.7766        0.9840
    654.7852        1.0506
    654.7938        1.0524
    654.8023        1.0587
    654.8109        1.0626
    654.8194        1.0612
    654.8280        1.0383
    654.8366        1.0069
    654.8451        0.9865
    654.8537        0.9522
    654.8622        0.9408
    654.8708        0.9728
    654.8794        1.0026
    654.8879        1.0393
    654.8965        1.0613
    654.9050        1.0691
    654.9136        1.0771
    654.9222        1.0904
    654.9307        1.1096
    654.9393        1.1056
    654.9478        1.1076
    654.9564        1.0714
    654.9650        1.1041
    654.9735        1.1002
    654.9821        1.0922
    654.9906        1.0881
    654.9992        1.1147
    655.0078        1.0844
    655.0163        1.0912
    655.0249        1.1439
    655.0335        1.1113
    655.0420        1.0717
    655.0506        1.0838
    655.0591        1.0997
    655.0677        1.1356
    655.0763        1.1212
    655.0848        1.1052
    655.0934        1.1196
    655.1019        1.0935
    655.1105        1.1409
    655.1191        1.1443
    655.1276        1.1293
    655.1362        1.1183
    655.1447        1.1180
    655.1533        1.1390
    655.1619        1.1290
    655.1704        1.1303
    655.1790        1.1370
    655.1875        1.1231
    655.1961        1.1069
    655.2047        1.1077
    655.2132        1.1371
    655.2218        1.1595
    655.2304        1.1339
    655.2389        1.0597
    655.2475        1.0174
    655.2560        0.9877
    655.2646        1.0263
    655.2732        1.0849
    655.2817        1.1117
    655.2903        1.1634
    655.2988        1.1953
    655.3074        1.2329
    655.3160        1.2179
    655.3245        1.2456
    655.3331        1.2407
    655.3416        1.2628
    655.3502        1.2380
    655.3588        1.2125
    655.3673        1.2031
    655.3759        1.2085
    655.3844        1.2369
    655.3930        1.1981
    655.4016        1.2191
    655.4101        1.2794
    655.4187        1.2759
    655.4272        1.3094
    655.4358        1.3272
    655.4444        1.3307
    655.4529        1.3353
    655.4615        1.3411
    655.4701        1.3427
    655.4786        1.3334
    655.4872        1.3203
    655.4957        1.3757
    655.5043        1.4168
    655.5129        1.3950
    655.5214        1.4095
    655.5300        1.4023
    655.5385        1.4049
    655.5471        1.4163
    655.5557        1.4206
    655.5642        1.4395
    655.5728        1.4636
    655.5813        1.4747
    655.5899        1.4974
    655.5985        1.5004
    655.6070        1.5500
    655.6156        1.5641
    655.6241        1.5633
    655.6327        1.5835
    655.6413        1.5676
    655.6498        1.5960
    655.6584        1.6266
    655.6669        1.6109
    655.6755        1.6738
    655.6841        1.6295
    655.6926        1.6083
    655.7012        1.6112
    655.7098        1.5868
    655.7183        1.6041
    655.7269        1.6451
    655.7354        1.7083
    655.7440        1.7375
    655.7526        1.7736
    655.7611        1.8119
    655.7697        1.8165
    655.7782        1.8012
    655.7868        1.8013
    655.7954        1.8225
    655.8039        1.8238
    655.8125        1.8539
    655.8210        1.8863
    655.8296        1.9236
    655.8382        1.9852
    655.8467        2.0129
    655.8553        2.0639
    655.8638        2.0915
    655.8724        2.1169
    655.8810        2.1439
    655.8895        2.1906
    655.8981        2.1940
    655.9066        2.2521
    655.9152        2.3029
    655.9238        2.2402
    655.9323        2.3251
    655.9409        2.3400
    655.9495        2.3938
    655.9580        2.4293
    655.9666        2.4511
    655.9751        2.4765
    655.9837        2.4842
    655.9923        2.5418
    656.0008        2.5680
    656.0094        2.6018
    656.0179        2.6406
    656.0265        2.6181
    656.0351        2.6354
    656.0436        2.6463
    656.0522        2.7034
    656.0607        2.7865
    656.0693        2.8526
    656.0779        2.8877
    656.0864        2.8648
    656.0950        2.8733
    656.1035        2.8679
    656.1121        2.8654
    656.1207        2.9045
    656.1292        2.8737
    656.1378        2.8703
    656.1463        2.9064
    656.1549        2.8666
    656.1635        2.8153
    656.1720        2.7986
    656.1806        2.7582
    656.1892        2.6806
    656.1977        2.7010
    656.2063        2.6981
    656.2148        2.6083
    656.2234        2.5941
    656.2320        2.5867
    656.2405        2.5586
    656.2491        2.5300
    656.2576        2.5516
    656.2662        2.5326
    656.2748        2.5382
    656.2833        2.5241
    656.2919        2.5249
    656.3004        2.4862
    656.3090        2.5235
    656.3176        2.5132
    656.3261        2.4493
    656.3347        2.4440
    656.3432        2.4548
    656.3518        2.4842
    656.3604        2.4850
    656.3689        2.4962
    656.3775        2.5093
    656.3861        2.5144
    656.3946        2.4904
    656.4032        2.4040
    656.4117        2.3594
    656.4203        2.4173
    656.4289        2.5396
    656.4374        2.6768
    656.4460        2.7771
    656.4545        2.8222
    656.4631        2.8568
    656.4717        2.9456
    656.4802        2.9870
    656.4888        3.0185
    656.4973        3.0785
    656.5059        3.1265
    656.5145        3.1324
    656.5230        3.1170
    656.5316        3.1527
    656.5401        3.0939
    656.5487        3.0893
    656.5573        3.0992
    656.5658        3.1158
    656.5744        3.1196
    656.5829        3.0452
    656.5915        3.0274
    656.6001        2.9894
    656.6086        2.9405
    656.6172        2.9023
    656.6258        2.8683
    656.6343        2.7894
    656.6429        2.8001
    656.6514        2.7675
    656.6600        2.7126
    656.6686        2.6969
    656.6771        2.6536
    656.6857        2.6015
    656.6942        2.5589
    656.7028        2.5492
    656.7114        2.5227
    656.7199        2.4549
    656.7285        2.3823
    656.7370        2.3360
    656.7456        2.3191
    656.7542        2.2497
    656.7627        2.2151
    656.7713        2.2072
    656.7798        2.1347
    656.7884        2.0952
    656.7970        2.0636
    656.8055        2.0348
    656.8141        1.9933
    656.8226        1.9715
    656.8312        1.9332
    656.8398        1.8597
    656.8483        1.8407
    656.8569        1.7890
    656.8655        1.7426
    656.8740        1.7351
    656.8826        1.6973
    656.8911        1.6835
    656.8997        1.6547
    656.9083        1.6419
    656.9168        1.6535
    656.9254        1.6376
    656.9339        1.5893
    656.9425        1.5933
    656.9511        1.5752
    656.9596        1.5764
    656.9682        1.5815
    656.9767        1.5444
    656.9853        1.5430
    656.9939        1.5163
    657.0024        1.4659
    657.0110        1.5066
    657.0195        1.4833
    657.0281        1.4386
    657.0367        1.4323
    657.0452        1.4486
    657.0538        1.4036
    657.0623        1.3839
    657.0709        1.3805
    657.0795        1.3878
    657.0880        1.3716
    657.0966        1.3776
    657.1052        1.3667
    657.1137        1.3431
    657.1223        1.3528
    657.1308        1.3563
    657.1394        1.3619
    657.1480        1.3415
    657.1565        1.3094
    657.1651        1.3007
    657.1736        1.2873
    657.1822        1.2729
    657.1908        1.2367
    657.1993        1.1543
    657.2079        1.1098
    657.2164        1.1387
    657.2250        1.2010
    657.2336        1.2570
    657.2421        1.2607
    657.2507        1.2403
    657.2592        1.2600
    657.2678        1.2767
    657.2764        1.2397
    657.2849        1.2035
    657.2935        1.2058
    657.3021        1.2233
    657.3106        1.2339
    657.3192        1.2113
    657.3277        1.1765
    657.3363        1.2037
    657.3449        1.1859
    657.3534        1.1541
    657.3620        1.1686
    657.3705        1.1742
    657.3791        1.1543
    657.3877        1.1812
    657.3962        1.1900
    657.4048        1.1619
    657.4133        1.1570
    657.4219        1.1610
    657.4305        1.1270
    657.4390        1.1363
    657.4476        1.1427
    657.4561        1.0802
    657.4647        1.0607
    657.4733        0.9991
    657.4818        0.9251
    657.4904        0.9628
    657.4989        1.0012
    657.5075        1.0540
    657.5161        1.0815
    657.5246        1.1074
    657.5332        1.1156
    657.5418        1.1196
    657.5503        1.1194
    657.5589        1.1067
    657.5674        1.0966
    657.5760        1.1076
    657.5846        1.1114
    657.5931        1.0822
    657.6017        1.0634
    657.6102        1.0856
    657.6188        1.0934
    657.6274        1.1086
    657.6359        1.1014
    657.6445        1.0801
    657.6530        1.0748
    657.6616        1.0754
    657.6702        1.0801
    657.6787        1.0850
    657.6873        1.0876
    657.6958        1.0932
    657.7044        1.0870
    657.7130        1.0648
    657.7215        1.1038
    657.7301        1.0997
    657.7386        1.0562
    657.7472        1.0542
    657.7558        1.0728
    657.7643        1.0648
    657.7729        1.0805
    657.7815        1.0576
    657.7900        1.0442
    657.7986        1.0553
    657.8071        1.0564
    657.8157        1.0527
    657.8243        1.0483
    657.8328        1.0358
    657.8414        1.0337
    657.8499        1.0273
    657.8585        0.9948
    657.8671        1.0694
    657.8756        1.0431
    657.8842        1.0128
    657.8927        1.0431
    657.9013        1.0239
    657.9099        1.0239
    657.9184        1.0303
    657.9270        1.0133
    657.9355        1.0213
    657.9441        1.0220
    657.9527        1.0316
    657.9612        1.0441
    657.9698        1.0386
    657.9783        1.0291
    657.9869        1.0198
    657.9955        1.0260
    658.0040        1.0261
    658.0126        1.0013
    658.0212        1.0552
    658.0297        1.0314
    658.0383        1.0084
    658.0468        1.0393
    658.0554        1.0384
    658.0640        1.0201
    658.0725        0.9744
    658.0811        0.9774
    658.0896        0.9942
    658.0982        0.9849
    658.1068        1.0194
    658.1153        1.0163
    658.1239        1.0098
    658.1324        1.0318
    658.1410        1.0090
    658.1496        1.0098
    658.1581        1.0148
    658.1667        1.0080
    658.1752        1.0313
    658.1838        1.0352
    658.1924        1.0449
    658.2009        1.0491
    658.2095        1.0172
    658.2180        1.0251
    658.2266        1.0344
    658.2352        1.0394
    658.2437        1.0095
    658.2523        1.0316
    658.2609        1.0293
    658.2694        1.0169
    658.2780        1.0180
    658.2865        0.9897
    658.2951        1.0295
    658.3037        1.0067
    658.3122        1.0366
    658.3208        1.0143
    658.3293        0.9688
    658.3379        0.9841
    658.3465        0.9567
    658.3550        0.9472
    658.3636        1.0149
    658.3721        1.0095
    658.3807        0.9867
    658.3893        0.9981
    658.3978        1.0421
    658.4064        0.9705
    658.4149        1.0104
    658.4235        1.0378
    658.4321        1.0402
    658.4406        1.0292
    658.4492        1.0119
    658.4578        1.0053
    658.4663        1.0311
    658.4749        1.0453
    658.4834        1.0358
    658.4920        1.0298
    658.5006        1.0287
    658.5091        1.0587
    658.5177        1.0415
    658.5262        1.0164
    658.5348        1.0204
    658.5434        1.0480
    658.5519        1.0116
    658.5605        1.0326
    658.5690        1.0149
    658.5776        0.9878
    658.5862        1.0189
    658.5947        0.9904
    658.6033        0.9980
    658.6118        1.0350
    658.6204        1.0480
    658.6290        1.0269
    658.6375        0.9863
    658.6461        0.9672
    658.6546        0.9267
    658.6632        0.9590
    658.6718        0.9943
    658.6803        0.9662
    658.6889        1.0058
    658.6975        1.0264
    658.7060        1.0266
    658.7146        1.0174
    658.7231        1.0003
    658.7317        1.0189
    658.7403        1.0285
    658.7488        1.0409
    658.7574        1.0366
    658.7659        1.0196
    658.7745        1.0043
    658.7831        0.9896
    658.7916        1.0012
    658.8002        0.9712
    658.8087        0.9989
    658.8173        1.0101
    658.8259        1.0121
    658.8344        1.0205
    658.8430        0.9913
    658.8515        0.9795
    658.8601        1.0123
    658.8687        1.0170
    658.8772        1.0137
    658.8858        1.0243
    658.8943        1.0221
    658.9029        1.0662
    658.9115        1.0119
    658.9200        1.0202
    658.9286        0.9994
    658.9372        0.9973
    658.9457        1.0530
    658.9543        1.0478
    658.9628        1.0135
    658.9714        1.0107
    658.9800        1.0406
    658.9885        1.0532
    658.9971        1.0212
    659.0056        1.0207
    659.0142        1.0540
    659.0228        1.0190
    659.0313        1.0152
    659.0399        1.0395
    659.0484        1.0306
    659.0570        1.0235
    659.0656        1.0124
    659.0741        1.0363
    659.0827        1.0236
    659.0912        1.0611
    659.0998        1.0487
    659.1084        1.0168
    659.1169        1.0285
    659.1255        1.0273
    659.1340        1.0563
    659.1426        1.0457
    659.1512        1.0383
    659.1597        1.0116
    659.1683        1.0214
    659.1769        1.0506
    659.1854        1.0225
    659.1940        0.9971
    659.2025        1.0345
    659.2111        1.0531
    659.2197        1.0110
    659.2282        1.0214
    659.2368        1.0489
    659.2453        1.0473
    659.2539        1.0228
    659.2625        1.0035
    659.2710        1.0002
    659.2796        0.9892
    659.2881        1.0127
    659.2967        0.9932
    659.3053        0.9799
    659.3138        1.0235
    659.3224        1.0200
    659.3309        0.9981
    659.3395        0.9970
    659.3481        1.0171
    659.3566        1.0185
    659.3652        0.9989
    659.3738        1.0025
    659.3823        1.0139
    659.3909        1.0050
    659.3994        1.0297
    659.4080        0.9923
    659.4166        0.9780
    659.4251        0.9981
    659.4337        0.9835
    659.4422        0.9810
    659.4508        0.9909
    659.4594        0.9990
    659.4679        1.0078
    659.4765        0.9922
    659.4850        1.0500
    659.4936        1.0060
    659.5022        1.0058
    659.5107        1.0225
    659.5193        0.9985
    659.5278        1.0076
    659.5364        1.0286
    659.5450        0.9702
    659.5535        1.0154
    659.5621        1.0491
    659.5706        0.9926
    659.5792        0.9962
    659.5878        1.0101
    659.5963        1.0222
    659.6049        1.0001
    659.6135        0.9834
    659.6220        0.9823
    659.6306        1.0207
    659.6391        0.9831
    659.6477        1.0006
    659.6563        0.9986
    659.6648        1.0167
    659.6734        0.9901
    659.6819        1.0014
    659.6905        1.0315
    659.6991        0.9897
    659.7076        0.9801
    659.7162        0.9943
    659.7247        0.9976
    659.7333        0.9922
    659.7419        1.0428
    659.7504        0.9958
    659.7590        1.0085
    659.7675        1.0282
    659.7761        0.9843
    659.7847        1.0096
    659.7932        0.9780
    659.8018        1.0055
    659.8103        1.0212
    659.8189        0.9690
    659.8275        0.9913
    659.8360        1.0250
    659.8446        0.9863
    659.8532        0.9859
    659.8617        1.0144
    659.8703        1.0145
    659.8788        0.9794
    659.8874        0.9672
    659.8960        0.9954
    659.9045        1.0167
    659.9131        0.9935
    659.9216        0.9743
    659.9302        0.9509
    659.9388        0.9415
    659.9473        0.9691
    659.9559        1.0195
    659.9644        1.0083
    659.9730        0.9804
    659.9816        1.0052
    659.9901        1.0216
    659.9987        1.0231
    660.0072        0.9946
    660.0158        1.0082
    660.0244        1.0111
    660.0329        0.9642
    660.0415        1.0075
    660.0500        1.0509
    660.0586        1.0311
    660.0672        0.9904
    660.0757        0.9775
    660.0843        0.9953
    660.0929        1.0260
    660.1014        1.0376
    660.1100        0.9993
    660.1185        1.0109
    660.1271        1.0175
    660.1357        1.0243
    660.1442        1.0197
    660.1528        1.0244
    660.1613        1.0043
    660.1699        1.0099
    660.1785        1.0307
    660.1870        0.9974
    660.1956        0.9821
    660.2041        0.9919
    660.2127        0.9474
    660.2213        0.9560
    660.2298        1.0007
    660.2384        0.9758
    660.2469        0.9871
    660.2555        0.9587
    660.2641        1.0049
    660.2726        1.0185
    660.2812        0.9983
    660.2897        1.0380
    660.2983        1.0163
    660.3069        0.9782
    660.3154        1.0070
    660.3240        0.9856
    660.3326        0.9985
    660.3411        0.9906
    660.3497        1.0117
    660.3582        1.0113
    660.3668        1.0047
    660.3754        1.0288
    660.3839        1.0170
    660.3925        1.0260
    660.4010        0.9845
    660.4096        0.9981
    660.4182        0.9872
    660.4267        1.0105
    660.4353        1.0242
    660.4438        0.9710
    660.4524        1.0128
    660.4610        1.0057
    660.4695        1.0461
    660.4781        1.0093
    660.4866        0.9935
    660.4952        1.0186
    660.5038        0.9553
    660.5123        0.9877
    660.5209        1.0176
    660.5295        1.0038
    660.5380        1.0091
    660.5466        0.9595
    660.5551        0.9870
    660.5637        0.9464
    660.5723        0.9945
    660.5808        1.0423
    660.5894        1.0327
    660.5979        1.0126
    660.6065        1.0059
    660.6151        1.0035
    660.6236        1.0106
    660.6322        1.0230
    660.6407        0.9860
    660.6493        1.0116
    660.6579        0.9844
    660.6664        0.9838
    660.6750        0.9795
    660.6835        0.9704
    660.6921        0.9883
    660.7007        0.9932
    660.7092        1.0142
    660.7178        0.9876
    660.7263        1.0358
    660.7349        1.0102
    660.7435        1.0167
    660.7520        1.0369
    660.7606        0.9856
    660.7692        0.9841
    660.7777        0.9834
    660.7863        0.9968
    660.7948        0.9920
    660.8034        1.0154
    660.8120        1.0294
    660.8205        0.9855
    660.8291        0.9991
    660.8376        0.9999
    660.8462        0.9986
    660.8548        0.9820
    660.8633        1.0194
    660.8719        0.9964
    660.8804        1.0259
    660.8890        0.9892
    660.8976        0.9810
    660.9061        1.0070
    660.9147        1.0110
    660.9232        1.0013
    660.9318        1.0100
    660.9404        0.9827
    660.9489        0.9775
    660.9575        0.9929
    660.9660        0.9714
    660.9746        0.9631
    660.9832        0.9916
    660.9917        1.0020
    661.0003        1.0181
    661.0089        1.0067
    661.0174        0.9913
    661.0260        0.9834
    661.0345        0.9844
    661.0431        0.9843
    661.0517        0.9877
    661.0602        0.9844
    661.0688        0.9763
    661.0773        0.9787
    661.0859        0.9984
    661.0945        0.9859
    661.1030        0.9858
    661.1116        1.0120
    661.1201        1.0131
    661.1287        0.9868
    661.1373        0.9754
    661.1458        0.9876
    661.1544        0.9834
    661.1629        0.9862
    661.1715        0.9696
    661.1801        0.9882
    661.1886        0.9985
    661.1972        0.9749
    661.2057        0.9614
    661.2143        0.9685
    661.2229        0.9738
    661.2314        0.9784
    661.2400        0.9908
    661.2486        0.9910
    661.2571        0.9600
    661.2657        0.9357
    661.2742        0.9770
    661.2828        0.9983
    661.2914        0.9706
    661.2999        0.9807
    661.3085        0.9747
    661.3170        1.0045
    661.3256        1.0241
    661.3342        0.9905
    661.3427        0.9758
    661.3513        0.9843
    661.3598        0.9950
    661.3684        1.0003
    661.3770        1.0031
    661.3855        1.0026
    661.3941        0.9735
    661.4026        0.9764
    661.4112        0.9785
    661.4198        0.9812
    661.4283        0.9853
    661.4369        0.9939
    661.4455        0.9652
    661.4540        0.9890
    661.4626        1.0112
    661.4711        0.9870
    661.4797        1.0040
    661.4883        1.0004
    661.4968        0.9719
    661.5054        0.9932
    661.5139        1.0066
    661.5225        0.9727
    661.5311        0.9677
    661.5396        0.9811
    661.5482        0.9978
    661.5567        0.9853
    661.5653        0.9652
    661.5739        0.9834
    661.5824        1.0126
    661.5910        0.9690
    661.5995        0.9554
    661.6081        1.0310
    661.6167        1.0143
    661.6252        0.9923
    661.6338        1.0112
    661.6423        1.0035
    661.6509        1.0179
    661.6595        1.0066
    661.6680        1.0197
    661.6766        1.0199
    661.6852        0.9957
    661.6937        1.0086
    661.7023        1.0123
    661.7108        1.0144
    661.7194        1.0185
    661.7280        1.0458
    661.7365        1.0621
    661.7451        0.9676
    661.7536        0.9845
    661.7622        1.0059
    661.7708        0.9379
    661.7793        0.9552
    661.7879        0.9819
    661.7964        0.9814
    661.8050        0.9723
    661.8136        1.0101
    661.8221        1.0095
    661.8307        0.9788
    661.8392        0.9956
    661.8478        1.0053
    661.8564        0.9606
    661.8649        0.9484
    661.8735        0.9913
    661.8820        0.9585
    661.8906        0.9780
    661.8992        1.0097
    661.9077        0.9825
    661.9163        0.9749
    661.9249        0.9984
    661.9334        1.0124
    661.9420        1.0011
    661.9505        1.0107
    661.9591        1.0226
    661.9677        0.9662
    661.9762        0.9577
    661.9848        0.9984
    661.9933        0.9517
    662.0019        0.9584
    662.0105        0.9762
    662.0190        0.9714
    662.0276        0.9833
    662.0361        0.9748
    662.0447        0.9801
    662.0533        0.9774
    662.0618        1.0005
    662.0704        1.0140
    662.0789        0.9985
    662.0875        1.0065
    662.0961        0.9992
    662.1046        1.0175
    662.1132        0.9963
    662.1217        0.9925
    662.1303        1.0122
    662.1389        0.9990
    662.1474        1.0072
    662.1560        0.9915
    662.1646        0.9877
    662.1731        1.0118
    662.1817        1.0105
    662.1902        0.9923
    662.1988        0.9844
    662.2074        0.9864
    662.2159        0.9895
    662.2245        0.9804
    662.2330        0.9855
    662.2416        0.9617
    662.2502        0.9848
    662.2587        0.9880
    662.2673        0.9945
    662.2758        1.0035
    662.2844        0.9915
    662.2930        0.9891
    662.3015        1.0099
    662.3101        0.9996
    662.3186        1.0060
    662.3272        1.0007
    662.3358        0.9971
    662.3443        1.0236
    662.3529        1.0242
    662.3614        1.0254
    662.3700        0.9791
    662.3786        0.9744
    662.3871        0.9867
    662.3957        0.9591
    662.4043        0.9489
    662.4128        0.9643
    662.4214        0.9916
    662.4299        1.0077
    662.4385        1.0262
    662.4471        1.0094
    662.4556        0.9759
    662.4642        0.9871
    662.4727        0.9899
    662.4813        0.9982
    662.4899        0.9742
    662.4984        1.0116
    662.5070        0.9999
    662.5155        1.0063
    662.5241        0.9938
    662.5327        1.0013
    662.5412        1.0461
    662.5498        1.0114
    662.5583        1.0164
    662.5669        1.0219
    662.5755        1.0075
    662.5840        1.0037
    662.5926        0.9935
    662.6012        1.0141
    662.6097        0.9683
    662.6183        1.0018
    662.6268        0.9903
    662.6354        0.9901
    662.6440        1.0445
    662.6525        0.9877
    662.6611        0.9713
    662.6696        1.0031
    662.6782        1.0280
    662.6868        0.9633
    662.6953        0.9800
    662.7039        0.9851
    662.7124        0.9773
    662.7210        1.0067
    662.7296        0.9710
    662.7381        1.0276
    662.7467        0.9751
    662.7552        1.0179
    662.7638        1.0080
    662.7724        0.9933
    662.7809        0.9863
    662.7895        0.9747
    662.7980        1.0067
    662.8066        1.0177
    662.8152        0.9964
    662.8237        0.9942
    662.8323        0.9835
    662.8409        0.9928
    662.8494        1.0305
    662.8580        1.0076
    662.8665        0.9628
    662.8751        0.9799
    662.8837        0.9996
    662.8922        0.9883
    662.9008        0.9861
    662.9093        0.9954
    662.9179        0.9658
    662.9265        0.9563
    662.9350        0.9855
    662.9436        1.0247
    662.9521        1.0246
    662.9607        0.9251
    662.9693        0.9793
    662.9778        1.0020
    662.9864        1.0017
    662.9949        0.9694
    663.0035        1.0026
    663.0121        1.0318
    663.0206        1.0094
    663.0292        1.0020
    663.0377        1.0080
    663.0463        1.0239
    663.0549        1.0001
    663.0634        0.9800
    663.0720        0.9850
    663.0806        0.9926
    663.0891        0.9922
    663.0977        0.9819
    663.1062        0.9965
    663.1148        0.9873
    663.1234        1.0133
    663.1319        1.0157
    663.1405        1.0014
    663.1490        0.9952
    663.1576        0.9984
    663.1662        1.0048
    663.1747        0.9641
    663.1833        1.0024
    663.1918        1.0110
    663.2004        1.0081
    663.2090        1.0053
    663.2175        0.9855
    663.2261        0.9906
    663.2346        1.0107
    663.2432        0.9902
    663.2518        0.9844
    663.2603        0.9967
    663.2689        0.9812
    663.2774        1.0120
    663.2860        0.9917
    663.2946        0.9729
    663.3031        0.9756
    663.3117        0.9899
    663.3203        1.0053
    663.3288        0.9968
    663.3374        0.9930
    663.3459        0.9959
    663.3545        1.0085
    663.3631        1.0128
    663.3716        0.9758
    663.3802        1.0003
    663.3887        1.0123
    663.3973        0.9719
    663.4059        0.9906
    663.4144        1.0090
    663.4230        0.9753
    663.4315        0.9636
    663.4401        0.9936
    663.4487        1.0153
    663.4572        0.9999
    663.4658        0.9823
    663.4743        0.9860
    663.4829        0.9958
    663.4915        0.9914
    663.5000        0.9913
    663.5086        0.9834
    663.5172        0.9824
    663.5257        0.9860
    663.5343        1.0079
    663.5428        0.9750
    663.5514        0.9845
    663.5600        1.0286
    663.5685        1.0312
    663.5771        0.9973
    663.5856        0.9783
    663.5942        0.9907
    663.6028        0.9839
    663.6113        0.9782
    663.6199        0.9927
    663.6284        0.9689
    663.6370        0.9892
    663.6456        1.0122
    663.6541        0.9856
    663.6627        1.0026
    663.6712        0.9838
    663.6798        0.9961
    663.6884        1.0167
    663.6969        0.9702
    663.7055        0.9724
    663.7140        0.9538
    663.7226        0.9593
    663.7312        1.0156
    663.7397        0.9748
    663.7483        0.9809
    663.7569        0.9808
    663.7654        0.9830
    663.7740        1.0080
    663.7825        1.0318
    663.7911        1.0122
    663.7997        0.9933
    663.8082        0.9920
    663.8168        0.9780
    663.8253        0.9743
    663.8339        0.9941
    663.8425        1.0013
    663.8510        0.9734
    663.8596        0.9812
    663.8681        0.9811
    663.8767        0.9708
    663.8853        0.9741
    663.8938        1.0039
    663.9024        0.9893
    663.9109        1.0193
    663.9195        0.9962
    663.9281        0.9896
    663.9366        1.0255
    663.9452        0.9583
    663.9537        0.9773
    663.9623        0.9832
    663.9709        0.9725
    663.9794        0.9919
    663.9880        0.9723
    663.9966        0.9939
    664.0051        0.9822
    664.0137        0.9659
    664.0222        0.9911
    664.0308        1.0259
    664.0394        0.9713
    664.0479        1.0164
    664.0565        0.9920
    664.0650        0.9700
    664.0736        1.0115
    664.0822        1.0115
    664.0907        0.9943
    664.0993        0.9938
    664.1078        0.9710
    664.1164        0.9946
    664.1250        1.0062
    664.1335        1.0038
    664.1421        1.0065
    664.1506        1.0091
    664.1592        0.9934
    664.1678        1.0002
    664.1763        1.0076
    664.1849        0.9867
    664.1934        0.9957
    664.2020        1.0024
    664.2106        1.0128
    664.2191        1.0093
    664.2277        0.9970
    664.2363        0.9953
    664.2448        1.0086
    664.2534        0.9970
    664.2619        0.9883
    664.2705        0.9881
    664.2791        1.0321
    664.2876        1.0072
    664.2962        0.9677
    664.3047        1.0106
    664.3133        0.9946
    664.3219        0.9967
    664.3304        1.0104
    664.3390        0.9973
    664.3475        0.9932
    664.3561        0.9795
    664.3647        0.9973
    664.3732        1.0314
    664.3818        1.0389
    664.3903        0.9596
    664.3989        0.9854
    664.4075        1.0025
    664.4160        0.9848
    664.4246        1.0024
    664.4331        1.0276
    664.4417        0.9918
    664.4503        0.9949
    664.4588        0.9866
    664.4674        0.9961
    664.4760        0.9978
    664.4845        0.9222
    664.4931        1.0063
    664.5016        1.0098
    664.5102        0.9887
    664.5188        1.0160
    664.5273        1.0293
    664.5359        0.9859
    664.5444        0.9846
    664.5530        0.9503
    664.5616        1.0002
    664.5701        1.0600
    664.5787        0.9953
    664.5872        1.0011
    664.5958        1.0263
    664.6044        0.9716
    664.6129        0.9965
    664.6215        1.0342
    664.6300        0.9707
    664.6386        1.0327
    664.6472        1.0379
    664.6557        0.9849
    664.6643        0.9993
    664.6729        1.0138
    664.6814        0.9909
    664.6900        0.9871
    664.6985        1.0003
    664.7071        1.0064
    664.7157        0.9671
    664.7242        0.9701
    664.7328        0.9922
    664.7413        0.9922
    664.7499        0.9925
    664.7585        0.9833
    664.7670        0.9896
    664.7756        0.9925
    664.7841        0.9730
    664.7927        1.0120
    664.8013        0.9798
    664.8098        1.0008
    664.8184        0.9915
    664.8269        1.0116
    664.8355        0.9822
    664.8441        1.0079
    664.8526        1.0271
    664.8612        0.9975
    664.8697        0.9997
    664.8783        1.0043
    664.8869        0.9912
    664.8954        1.0023
    664.9040        1.0046
    664.9126        0.9994
    664.9211        1.0190
    664.9297        1.0069
    664.9382        1.0363
    664.9468        1.0215
    664.9554        0.9979
    664.9639        1.0193
    664.9725        1.0058
    664.9810        0.9966
    664.9896        1.0107
    664.9982        0.9887
    665.0067        0.9904
    665.0153        1.0061
    665.0238        1.0111
    665.0324        0.9826
    665.0410        1.0058
    665.0495        1.0503
    665.0581        0.9958
    665.0666        0.9771
    665.0752        1.0281
    665.0838        1.0344
    665.0923        0.9983
    665.1009        0.9991
    665.1094        1.0097
    665.1180        0.9806
    665.1266        0.9994
    665.1351        0.9995
    665.1437        1.0086
    665.1523        1.0189
    665.1608        0.9960
    665.1694        1.0158
    665.1779        0.9861
    665.1865        1.0086
    665.1951        1.0130
    665.2036        0.9883
    665.2122        1.0179
    665.2207        0.9946
    665.2293        1.0138
    665.2379        1.0068
    665.2464        0.9951
    665.2550        1.0025
    665.2635        0.9991
    665.2721        0.9930
    665.2807        0.9996
    665.2892        0.9997
    665.2978        1.0114
    665.3063        1.0131
    665.3149        1.0053
    665.3235        0.9771
    665.3320        0.9444
    665.3406        1.0298
    665.3491        1.0065
    665.3577        0.9786
    665.3663        0.9809
    665.3748        0.9683
    665.3834        1.0123
    665.3920        1.0166
    665.4005        1.0030
    665.4091        0.9925
    665.4176        1.0081
    665.4262        0.9930
    665.4348        1.0314
    665.4433        1.0373
    665.4519        0.9756
    665.4604        1.0212
    665.4690        1.0311
    665.4776        0.9999
    665.4861        0.9680
    665.4947        1.0164
    665.5032        1.0086
    665.5118        1.0076
    665.5204        1.0142
    665.5289        1.0059
    665.5375        0.9876
    665.5460        0.9806
    665.5546        1.0134
    665.5632        1.0155
    665.5717        0.9626
    665.5803        0.9833
    665.5888        1.0038
    665.5974        1.0099
    665.6060        0.9908
    665.6145        1.0159
    665.6231        0.9817
    665.6317        1.0019
    665.6402        0.9771
    665.6488        1.0047
    665.6573        0.9802
    665.6659        0.9810
    665.6745        1.0081
    665.6830        0.9885
    665.6916        0.9711
    665.7001        0.9891
    665.7087        0.9995
    665.7173        1.0008
    665.7258        0.9968
    665.7344        1.0274
    665.7429        0.9756
    665.7515        1.0131
    665.7601        0.9991
    665.7686        0.9893
    665.7772        0.9874
    665.7857        1.0256
    665.7943        0.9950
    665.8029        0.9933
    665.8114        0.9659
    665.8200        1.0284
    665.8286        1.0429
    665.8371        1.0169
    665.8457        1.0134
    665.8542        1.0055
    665.8628        1.0195
    665.8714        1.0292
    665.8799        1.0266
    665.8885        1.0275
    665.8970        1.0074
    665.9056        0.9970
    665.9142        0.9988
    665.9227        0.9862
    665.9313        0.9711
    665.9398        0.9924
    665.9484        1.0279
    665.9570        1.0215
    665.9655        1.0385
    665.9741        1.0003
    665.9826        0.9764
    665.9912        1.0149
    665.9998        1.0066
    666.0083        0.9679
    666.0169        1.0348
    666.0254        1.0156
    666.0340        0.9791
    666.0426        1.0099
    666.0511        1.0160
    666.0597        0.9754
    666.0683        1.0063
    666.0768        1.0020
    666.0854        0.9839
    666.0939        0.9904
    666.1025        0.9857
    666.1111        1.0049
    666.1196        1.0147
    666.1282        0.9776
    666.1367        1.0288
    666.1453        1.0284
    666.1539        1.0242
    666.1624        1.0224
    666.1710        1.0371
    666.1795        1.0075
    666.1881        0.9886
    666.1967        0.9952
    666.2052        0.9713
    666.2138        1.0130
    666.2223        1.0357
    666.2309        1.0414
    666.2395        1.0206
    666.2480        1.0173
    666.2566        1.0734
    666.2651        1.0445
    666.2737        1.0023
    666.2823        0.9808
    666.2908        1.0153
    666.2994        1.0118
    666.3080        0.9832
    666.3165        1.0035
    666.3251        0.9859
    666.3336        0.9934
    666.3422        0.9956
    666.3508        0.9889
    666.3593        1.0423
    666.3679        1.0305
    666.3764        1.0015
    666.3850        0.9975
    666.3936        0.9959
    666.4021        1.0143
    666.4107        0.9806
    666.4192        0.9952
    666.4278        1.0031
    666.4364        0.9740
    666.4449        1.0041
    666.4535        1.0090
    666.4620        1.0153
    666.4706        1.0406
    666.4792        1.0189
    666.4877        1.0152
    666.4963        1.0363
    666.5048        1.0142
    666.5134        0.9866
    666.5220        1.0432
    666.5305        0.9989
    666.5391        1.0014
    666.5477        0.9964
    666.5562        0.9984
    666.5648        1.0356
    666.5733        0.9861
    666.5819        1.0386
    666.5905        1.0203
    666.5990        0.9765
    666.6076        1.0013
    666.6161        1.0104
    666.6247        1.0051
    666.6333        0.9668
    666.6418        1.0226
    666.6504        1.0207
    666.6589        0.9999
    666.6675        1.0215
    666.6761        1.0029
    666.6846        1.0371
    666.6932        1.0140
    666.7017        1.0134
    666.7103        1.0278
    666.7189        0.9983
    666.7274        1.0329
    666.7360        1.0349
    666.7446        1.0048
    666.7531        1.0087
    666.7617        1.0154
    666.7702        1.0222
    666.7788        0.9700
    666.7874        1.0129
    666.7959        1.0241
    666.8045        1.0364
    666.8130        1.0178
    666.8216        1.0204
    666.8302        0.9971
    666.8387        1.0050
    666.8473        1.0108
    666.8558        1.0459
    666.8644        1.0029
    666.8730        0.9998
    666.8815        1.0244
    666.8901        1.0207
    666.8986        1.0105
    666.9072        0.9933
    666.9158        1.0156
    666.9243        0.9954
    666.9329        1.0390
    666.9414        1.0054
    666.9500        0.9965
    666.9586        1.0306
    666.9671        1.0217
    666.9757        1.0469
    666.9843        1.0417
    666.9928        1.0295
    667.0014        1.0434
    667.0099        1.0506
    667.0185        1.0540
    667.0271        1.0594
    667.0356        1.0304
    667.0442        0.9808
    667.0527        1.0119
    667.0613        1.0212
    667.0699        1.0619
    667.0784        0.9968
    667.0870        1.0372
    667.0955        1.0883
    667.1041        1.0007
    667.1127        0.9685
    667.1212        1.0142
    667.1298        1.0425
    667.1383        1.0291
    667.1469        0.9802
    667.1555        1.0023
    667.1640        1.0326
    667.1726        1.0340
    667.1811        0.9962
    667.1897        1.0272
    667.1983        1.0382
    667.2068        1.0298
    667.2154        1.0144
    667.2240        1.0147
    667.2325        0.9852
    667.2411        0.9995
    667.2496        1.0683
    667.2582        1.0393
    667.2668        0.9917
    667.2753        0.9935
    667.2839        1.0078
    667.2924        1.0097
    667.3010        0.9717
    667.3096        1.0236
    667.3181        1.0257
    667.3267        1.0331
    667.3352        1.0290
    667.3438        1.0009
    667.3524        1.0106
    667.3609        1.0083
    667.3695        0.9702
    667.3780        0.9956
    667.3866        1.0285
    667.3952        0.9837
    667.4037        0.9993
    667.4123        1.0448
    667.4208        1.0050
    667.4294        0.9804
    667.4380        1.0211
    667.4465        0.9921
    667.4551        0.9639
    667.4637        0.9570
    667.4722        0.9591
    667.4808        0.9783
    667.4893        0.9690
    667.4979        0.9821
    667.5065        0.9618
    667.5150        0.9409
    667.5236        0.9832
    667.5321        0.9899
    667.5407        1.0105
    667.5493        0.9800
    667.5578        0.9741
    667.5664        0.9745
    667.5749        0.9788
    667.5835        0.9669
    667.5921        0.9523
    667.6006        0.9385
    667.6092        0.9609
    667.6177        0.9784
    667.6263        0.9709
    667.6349        0.9710
    667.6434        0.9654
    667.6520        0.9650
    667.6605        0.9716
    667.6691        0.9773
    667.6777        0.9637
    667.6862        0.9682
    667.6948        0.9647
    667.7034        0.9935
    667.7119        1.0004
    667.7205        1.0042
    667.7290        0.9690
    667.7376        0.9684
    667.7462        0.9488
    667.7547        1.0189
    667.7633        1.0029
    667.7718        0.9756
    667.7804        1.0018
    667.7890        0.9624
    667.7975        0.9527
    667.8061        0.9827
    667.8146        0.9589
    667.8232        0.9734
    667.8318        0.9505
    667.8403        0.9369
    667.8489        0.9512
    667.8574        1.0022
    667.8660        0.9677
    667.8746        0.9698
    667.8831        1.0023
    667.8917        0.9842
    667.9003        0.9853
    667.9088        0.9561
    667.9174        0.9604
    667.9259        0.9985
    667.9345        0.9852
    667.9431        0.9763
    667.9516        0.9826
    667.9602        0.9938
    667.9687        1.0008
    667.9773        0.9813
    667.9859        0.9788
    667.9944        0.9738
    668.0030        0.9551
    668.0115        1.0160
    668.0201        0.9978
    668.0287        0.9441
    668.0372        0.9711
    668.0458        1.0255
    668.0543        0.9703
    668.0629        0.9725
    668.0715        0.9676
    668.0800        0.9633
    668.0886        0.9846
    668.0971        0.9838
    668.1057        0.9526
    668.1143        0.9788
    668.1228        0.9830
    668.1314        0.9633
    668.1400        0.9744
    668.1485        1.0127
    668.1571        1.0034
    668.1656        0.9618
    668.1742        0.9568
    668.1828        1.0167
    668.1913        0.9957
    668.1999        0.9695
    668.2084        1.0064
    668.2170        0.9673
    668.2256        0.9732
    668.2341        1.0340
    668.2427        0.9876
    668.2512        0.9978
    668.2598        1.0053
    668.2684        0.9981
    668.2769        0.9964
    668.2855        0.9937
    668.2940        0.9975
    668.3026        0.9927
    668.3112        1.0159
    668.3197        1.0231
    668.3283        1.0184
    668.3368        1.0207
    668.3454        1.0087
    668.3540        0.9901
    668.3625        0.9676
    668.3711        1.0085
    668.3797        1.0413
    668.3882        1.0064
    668.3968        0.9922
    668.4053        1.0131
    668.4139        1.0280
    668.4225        1.0278
    668.4310        0.9780
    668.4396        0.9830
    668.4481        1.0193
    668.4567        1.0104
    668.4653        1.0030
    668.4738        0.9942
    668.4824        1.0069
    668.4909        1.0167
    668.4995        1.0326
    668.5081        1.0170
    668.5166        1.0319
    668.5252        1.0187
    668.5337        0.9912
    668.5423        1.0198
    668.5509        1.0635
    668.5594        0.9907
    668.5680        1.0279
    668.5765        1.0211
    668.5851        1.0302
    668.5937        1.0331
    668.6022        0.9847
    668.6108        1.0076
    668.6194        0.9850
    668.6279        1.0551
    668.6365        1.0428
    668.6450        0.9994
    668.6536        1.0183
    668.6622        1.0226
    668.6707        1.0257
    668.6793        1.0112
    668.6878        1.0192
    668.6964        1.0380
    668.7050        1.0274
    668.7135        1.0019
    668.7221        1.0654
    668.7306        1.0355
    668.7392        1.0219
    668.7478        1.0205
    668.7563        0.9999
    668.7649        1.0457
    668.7734        1.0168
    668.7820        1.0092
    668.7906        1.0341
    668.7991        1.0152
    668.8077        1.0588
    668.8163        1.0487
    668.8248        1.0180
    668.8334        1.0133
    668.8419        1.0328
    668.8505        1.0181
    668.8591        1.0108
    668.8676        1.0502
    668.8762        1.0313
    668.8847        1.0076
    668.8933        1.0322
    668.9019        1.0225
    668.9104        1.0104
    668.9190        1.0079
    668.9275        1.0065
    668.9361        1.0321
    668.9447        1.0167
    668.9532        1.0169
    668.9618        1.0267
    668.9703        1.0147
    668.9789        0.9930
    668.9875        0.9980
    668.9960        1.0087
    669.0046        1.0400
    669.0131        1.0193
    669.0217        1.0002
    669.0303        1.0389
    669.0388        1.0321
    669.0474        0.9883
    669.0560        1.0009
    669.0645        1.0501
    669.0731        1.0270
    669.0816        1.0563
    669.0902        1.0469
    669.0988        1.0125
    669.1073        1.0499
    669.1159        1.0272
    669.1244        1.0518
    669.1330        1.0348
    669.1416        1.0283
    669.1501        1.0538
    669.1587        1.0121
    669.1672        0.9777
    669.1758        1.0401
    669.1844        1.0431
    669.1929        1.0163
    669.2015        1.0075
    669.2100        1.0074
    669.2186        0.9750
    669.2272        1.0350
    669.2357        1.0346
    669.2443        1.0184
    669.2528        1.0051
    669.2614        0.9755
    669.2700        1.0214
    669.2785        1.0276
    669.2871        1.0114
    669.2957        1.0362
    669.3042        1.0206
    669.3128        0.9843
    669.3213        1.0020
    669.3299        1.0484
    669.3385        1.0432
    669.3470        1.0255
    669.3556        1.0188
    669.3641        1.0306
    669.3727        1.0107
    669.3813        1.0396
    669.3898        1.0160
    669.3984        1.0391
    669.4069        1.0373
    669.4155        1.0105
    669.4241        1.0252
    669.4326        0.9773
    669.4412        1.0411
    669.4497        1.0280
    669.4583        1.0163
    669.4669        1.0341
    669.4754        1.0302
    669.4840        1.0352
    669.4925        1.0254
    669.5011        1.0459
    669.5097        1.0369
    669.5182        1.0390
    669.5268        0.9916
    669.5354        0.9854
    669.5439        1.0299
    669.5525        1.0234
    669.5610        1.0035
    669.5696        1.0290
    669.5782        1.0317
    669.5867        1.0105
    669.5953        0.9994
    669.6038        1.0001
    669.6124        1.0069
