
    652.5763        0.9990
    652.5805        0.9975
    652.5846        0.9981
    652.5888        1.0009
    652.5929        1.0052
    652.5971        1.0101
    652.6012        1.0150
    652.6053        1.0192
    652.6095        1.0222
    652.6136        1.0236
    652.6178        1.0234
    652.6219        1.0214
    652.6261        1.0181
    652.6302        1.0143
    652.6344        1.0109
    652.6385        1.0087
    652.6427        1.0079
    652.6468        1.0084
    652.6510        1.0101
    652.6551        1.0127
    652.6592        1.0160
    652.6634        1.0192
    652.6675        1.0219
    652.6717        1.0239
    652.6758        1.0251
    652.6800        1.0256
    652.6841        1.0254
    652.6883        1.0249
    652.6924        1.0241
    652.6966        1.0234
    652.7007        1.0228
    652.7048        1.0225
    652.7090        1.0223
    652.7131        1.0220
    652.7173        1.0214
    652.7214        1.0203
    652.7256        1.0186
    652.7297        1.0163
    652.7339        1.0137
    652.7380        1.0115
    652.7422        1.0103
    652.7463        1.0103
    652.7505        1.0108
    652.7546        1.0115
    652.7587        1.0118
    652.7629        1.0121
    652.7670        1.0125
    652.7712        1.0128
    652.7753        1.0129
    652.7795        1.0127
    652.7836        1.0126
    652.7878        1.0128
    652.7919        1.0134
    652.7961        1.0140
    652.8002        1.0143
    652.8044        1.0142
    652.8085        1.0139
    652.8126        1.0142
    652.8168        1.0155
    652.8209        1.0179
    652.8251        1.0207
    652.8292        1.0235
    652.8334        1.0261
    652.8375        1.0284
    652.8417        1.0303
    652.8458        1.0313
    652.8500        1.0308
    652.8541        1.0290
    652.8582        1.0264
    652.8624        1.0241
    652.8665        1.0227
    652.8707        1.0228
    652.8748        1.0245
    652.8790        1.0274
    652.8831        1.0302
    652.8873        1.0317
    652.8914        1.0312
    652.8956        1.0291
    652.8997        1.0264
    652.9039        1.0238
    652.9080        1.0218
    652.9121        1.0203
    652.9163        1.0196
    652.9204        1.0199
    652.9246        1.0211
    652.9287        1.0226
    652.9329        1.0236
    652.9370        1.0236
    652.9412        1.0221
    652.9453        1.0191
    652.9495        1.0151
    652.9536        1.0109
    652.9577        1.0079
    652.9619        1.0068
    652.9660        1.0080
    652.9702        1.0111
    652.9743        1.0149
    652.9785        1.0182
    652.9826        1.0203
    652.9868        1.0211
    652.9909        1.0208
    652.9951        1.0197
    652.9992        1.0180
    653.0034        1.0158
    653.0075        1.0138
    653.0116        1.0125
    653.0158        1.0121
    653.0199        1.0120
    653.0241        1.0114
    653.0282        1.0094
    653.0324        1.0059
    653.0365        1.0015
    653.0407        0.9972
    653.0448        0.9940
    653.0490        0.9925
    653.0531        0.9926
    653.0573        0.9938
    653.0614        0.9955
    653.0655        0.9973
    653.0697        0.9989
    653.0738        1.0001
    653.0780        1.0006
    653.0821        1.0005
    653.0863        0.9999
    653.0904        0.9993
    653.0946        0.9992
    653.0987        1.0000
    653.1029        1.0021
    653.1070        1.0052
    653.1111        1.0087
    653.1153        1.0119
    653.1194        1.0142
    653.1236        1.0154
    653.1277        1.0155
    653.1319        1.0148
    653.1360        1.0138
    653.1402        1.0130
    653.1443        1.0127
    653.1485        1.0134
    653.1526        1.0147
    653.1568        1.0162
    653.1609        1.0175
    653.1650        1.0185
    653.1692        1.0196
    653.1733        1.0208
    653.1775        1.0217
    653.1816        1.0212
    653.1858        1.0188
    653.1899        1.0143
    653.1941        1.0078
    653.1982        0.9998
    653.2024        0.9900
    653.2065        0.9780
    653.2107        0.9641
    653.2148        0.9490
    653.2189        0.9346
    653.2231        0.9224
    653.2272        0.9136
    653.2314        0.9090
    653.2355        0.9090
    653.2397        0.9133
    653.2438        0.9215
    653.2480        0.9323
    653.2521        0.9446
    653.2563        0.9572
    653.2604        0.9691
    653.2645        0.9798
    653.2687        0.9890
    653.2728        0.9967
    653.2770        1.0029
    653.2811        1.0075
    653.2853        1.0107
    653.2894        1.0126
    653.2936        1.0135
    653.2977        1.0137
    653.3019        1.0135
    653.3060        1.0132
    653.3102        1.0127
    653.3143        1.0119
    653.3184        1.0107
    653.3226        1.0096
    653.3267        1.0092
    653.3309        1.0101
    653.3350        1.0121
    653.3392        1.0145
    653.3433        1.0164
    653.3475        1.0173
    653.3516        1.0169
    653.3558        1.0151
    653.3599        1.0117
    653.3640        1.0064
    653.3682        0.9993
    653.3723        0.9909
    653.3765        0.9823
    653.3806        0.9748
    653.3848        0.9686
    653.3889        0.9640
    653.3931        0.9606
    653.3972        0.9579
    653.4014        0.9558
    653.4055        0.9543
    653.4097        0.9539
    653.4138        0.9547
    653.4179        0.9569
    653.4221        0.9601
    653.4262        0.9641
    653.4304        0.9690
    653.4345        0.9747
    653.4387        0.9808
    653.4428        0.9863
    653.4470        0.9902
    653.4511        0.9923
    653.4553        0.9932
    653.4594        0.9938
    653.4636        0.9942
    653.4677        0.9944
    653.4718        0.9940
    653.4760        0.9935
    653.4801        0.9938
    653.4843        0.9957
    653.4884        0.9989
    653.4926        1.0023
    653.4967        1.0046
    653.5009        1.0053
    653.5050        1.0048
    653.5092        1.0041
    653.5133        1.0039
    653.5174        1.0046
    653.5216        1.0059
    653.5257        1.0074
    653.5299        1.0092
    653.5340        1.0114
    653.5382        1.0141
    653.5423        1.0166
    653.5465        1.0178
    653.5506        1.0171
    653.5548        1.0146
    653.5589        1.0113
    653.5631        1.0080
    653.5672        1.0054
    653.5713        1.0039
    653.5755        1.0035
    653.5796        1.0043
    653.5838        1.0061
    653.5879        1.0079
    653.5921        1.0086
    653.5962        1.0077
    653.6004        1.0056
    653.6045        1.0032
    653.6087        1.0016
    653.6128        1.0011
    653.6170        1.0017
    653.6211        1.0024
    653.6252        1.0028
    653.6294        1.0026
    653.6335        1.0021
    653.6377        1.0018
    653.6418        1.0015
    653.6460        1.0009
    653.6501        0.9993
    653.6543        0.9964
    653.6584        0.9924
    653.6626        0.9877
    653.6667        0.9830
    653.6708        0.9788
    653.6750        0.9756
    653.6791        0.9739
    653.6833        0.9741
    653.6874        0.9769
    653.6916        0.9822
    653.6957        0.9893
    653.6999        0.9964
    653.7040        1.0017
    653.7082        1.0041
    653.7123        1.0040
    653.7165        1.0027
    653.7206        1.0016
    653.7247        1.0011
    653.7289        1.0011
    653.7330        1.0012
    653.7372        1.0012
    653.7413        1.0014
    653.7455        1.0022
    653.7496        1.0036
    653.7538        1.0052
    653.7579        1.0066
    653.7621        1.0081
    653.7662        1.0099
    653.7703        1.0119
    653.7745        1.0134
    653.7786        1.0139
    653.7828        1.0131
    653.7869        1.0116
    653.7911        1.0099
    653.7952        1.0086
    653.7994        1.0083
    653.8035        1.0094
    653.8077        1.0116
    653.8118        1.0141
    653.8160        1.0158
    653.8201        1.0159
    653.8242        1.0149
    653.8284        1.0138
    653.8325        1.0135
    653.8367        1.0143
    653.8408        1.0155
    653.8450        1.0162
    653.8491        1.0155
    653.8533        1.0133
    653.8574        1.0101
    653.8616        1.0069
    653.8657        1.0046
    653.8699        1.0035
    653.8740        1.0032
    653.8781        1.0033
    653.8823        1.0032
    653.8864        1.0028
    653.8906        1.0025
    653.8947        1.0031
    653.8989        1.0049
    653.9030        1.0075
    653.9072        1.0101
    653.9113        1.0119
    653.9155        1.0125
    653.9196        1.0120
    653.9237        1.0104
    653.9279        1.0082
    653.9320        1.0057
    653.9362        1.0035
    653.9403        1.0023
    653.9445        1.0023
    653.9486        1.0034
    653.9528        1.0044
    653.9569        1.0046
    653.9611        1.0034
    653.9652        1.0011
    653.9694        0.9987
    653.9735        0.9972
    653.9776        0.9970
    653.9818        0.9984
    653.9859        1.0009
    653.9901        1.0038
    653.9942        1.0067
    653.9984        1.0091
    654.0025        1.0107
    654.0067        1.0112
    654.0108        1.0107
    654.0150        1.0101
    654.0191        1.0098
    654.0233        1.0098
    654.0274        1.0095
    654.0315        1.0081
    654.0357        1.0055
    654.0398        1.0022
    654.0440        0.9992
    654.0481        0.9974
    654.0523        0.9970
    654.0564        0.9979
    654.0606        0.9995
    654.0647        1.0014
    654.0689        1.0034
    654.0730        1.0057
    654.0771        1.0080
    654.0813        1.0098
    654.0854        1.0104
    654.0896        1.0096
    654.0937        1.0075
    654.0979        1.0052
    654.1020        1.0034
    654.1062        1.0027
    654.1103        1.0026
    654.1145        1.0029
    654.1186        1.0031
    654.1228        1.0031
    654.1269        1.0030
    654.1310        1.0027
    654.1352        1.0023
    654.1393        1.0017
    654.1435        1.0011
    654.1476        1.0007
    654.1518        1.0006
    654.1559        1.0009
    654.1601        1.0017
    654.1642        1.0027
    654.1684        1.0033
    654.1725        1.0030
    654.1766        1.0016
    654.1808        0.9993
    654.1849        0.9963
    654.1891        0.9928
    654.1932        0.9883
    654.1974        0.9824
    654.2015        0.9750
    654.2057        0.9664
    654.2098        0.9579
    654.2140        0.9508
    654.2181        0.9458
    654.2223        0.9429
    654.2264        0.9419
    654.2305        0.9421
    654.2347        0.9432
    654.2388        0.9451
    654.2430        0.9477
    654.2471        0.9513
    654.2513        0.9559
    654.2554        0.9614
    654.2596        0.9670
    654.2637        0.9722
    654.2679        0.9769
    654.2720        0.9817
    654.2762        0.9869
    654.2803        0.9921
    654.2844        0.9963
    654.2886        0.9983
    654.2927        0.9977
    654.2969        0.9951
    654.3010        0.9920
    654.3052        0.9897
    654.3093        0.9889
    654.3135        0.9895
    654.3176        0.9904
    654.3218        0.9908
    654.3259        0.9900
    654.3300        0.9881
    654.3342        0.9855
    654.3383        0.9818
    654.3425        0.9764
    654.3466        0.9686
    654.3508        0.9586
    654.3549        0.9471
    654.3591        0.9351
    654.3632        0.9230
    654.3674        0.9107
    654.3715        0.8978
    654.3757        0.8839
    654.3798        0.8698
    654.3839        0.8572
    654.3881        0.8487
    654.3922        0.8461
    654.3964        0.8500
    654.4005        0.8596
    654.4047        0.8730
    654.4088        0.8888
    654.4130        0.9052
    654.4171        0.9207
    654.4213        0.9337
    654.4254        0.9435
    654.4296        0.9506
    654.4337        0.9558
    654.4378        0.9599
    654.4420        0.9631
    654.4461        0.9657
    654.4503        0.9682
    654.4544        0.9709
    654.4586        0.9742
    654.4627        0.9778
    654.4669        0.9813
    654.4710        0.9845
    654.4752        0.9871
    654.4793        0.9893
    654.4834        0.9910
    654.4876        0.9921
    654.4917        0.9920
    654.4959        0.9905
    654.5000        0.9879
    654.5042        0.9855
    654.5083        0.9841
    654.5125        0.9841
    654.5166        0.9849
    654.5208        0.9854
    654.5249        0.9849
    654.5291        0.9836
    654.5332        0.9817
    654.5373        0.9798
    654.5415        0.9777
    654.5456        0.9752
    654.5498        0.9723
    654.5539        0.9691
    654.5581        0.9658
    654.5622        0.9624
    654.5664        0.9589
    654.5705        0.9553
    654.5747        0.9523
    654.5788        0.9502
    654.5829        0.9496
    654.5871        0.9507
    654.5912        0.9534
    654.5954        0.9574
    654.5995        0.9619
    654.6037        0.9664
    654.6078        0.9706
    654.6120        0.9741
    654.6161        0.9768
    654.6203        0.9784
    654.6244        0.9789
    654.6286        0.9786
    654.6327        0.9775
    654.6368        0.9763
    654.6410        0.9753
    654.6451        0.9751
    654.6493        0.9760
    654.6534        0.9780
    654.6576        0.9804
    654.6617        0.9825
    654.6659        0.9833
    654.6700        0.9823
    654.6742        0.9796
    654.6783        0.9762
    654.6825        0.9730
    654.6866        0.9712
    654.6907        0.9708
    654.6949        0.9716
    654.6990        0.9734
    654.7032        0.9756
    654.7073        0.9777
    654.7115        0.9788
    654.7156        0.9785
    654.7198        0.9765
    654.7239        0.9732
    654.7281        0.9687
    654.7322        0.9629
    654.7363        0.9558
    654.7405        0.9478
    654.7446        0.9394
    654.7488        0.9311
    654.7529        0.9235
    654.7571        0.9171
    654.7612        0.9125
    654.7654        0.9099
    654.7695        0.9093
    654.7737        0.9102
    654.7778        0.9126
    654.7820        0.9160
    654.7861        0.9204
    654.7902        0.9252
    654.7944        0.9303
    654.7985        0.9353
    654.8027        0.9398
    654.8068        0.9431
    654.8110        0.9441
    654.8151        0.9423
    654.8193        0.9376
    654.8234        0.9306
    654.8276        0.9217
    654.8317        0.9118
    654.8359        0.9014
    654.8400        0.8908
    654.8441        0.8804
    654.8483        0.8708
    654.8524        0.8626
    654.8566        0.8572
    654.8607        0.8556
    654.8649        0.8580
    654.8690        0.8640
    654.8732        0.8727
    654.8773        0.8830
    654.8815        0.8942
    654.8856        0.9059
    654.8897        0.9174
    654.8939        0.9278
    654.8980        0.9359
    654.9022        0.9413
    654.9063        0.9442
    654.9105        0.9455
    654.9146        0.9466
    654.9188        0.9483
    654.9229        0.9508
    654.9271        0.9534
    654.9312        0.9550
    654.9354        0.9552
    654.9395        0.9543
    654.9436        0.9537
    654.9478        0.9545
    654.9519        0.9569
    654.9561        0.9604
    654.9602        0.9642
    654.9644        0.9676
    654.9685        0.9703
    654.9727        0.9718
    654.9768        0.9719
    654.9810        0.9708
    654.9851        0.9694
    654.9892        0.9687
    654.9934        0.9690
    654.9975        0.9698
    655.0017        0.9698
    655.0058        0.9683
    655.0100        0.9656
    655.0141        0.9624
    655.0183        0.9593
    655.0224        0.9567
    655.0266        0.9548
    655.0307        0.9541
    655.0349        0.9547
    655.0390        0.9560
    655.0431        0.9572
    655.0473        0.9574
    655.0514        0.9565
    655.0556        0.9551
    655.0597        0.9535
    655.0639        0.9520
    655.0680        0.9508
    655.0722        0.9499
    655.0763        0.9497
    655.0805        0.9505
    655.0846        0.9525
    655.0888        0.9552
    655.0929        0.9579
    655.0970        0.9599
    655.1012        0.9613
    655.1053        0.9623
    655.1095        0.9631
    655.1136        0.9638
    655.1178        0.9642
    655.1219        0.9640
    655.1261        0.9633
    655.1302        0.9621
    655.1344        0.9604
    655.1385        0.9580
    655.1426        0.9552
    655.1468        0.9522
    655.1509        0.9491
    655.1551        0.9458
    655.1592        0.9418
    655.1634        0.9371
    655.1675        0.9326
    655.1717        0.9295
    655.1758        0.9287
    655.1800        0.9296
    655.1841        0.9307
    655.1883        0.9306
    655.1924        0.9291
    655.1965        0.9265
    655.2007        0.9236
    655.2048        0.9209
    655.2090        0.9184
    655.2131        0.9159
    655.2173        0.9128
    655.2214        0.9087
    655.2256        0.9031
    655.2297        0.8950
    655.2339        0.8841
    655.2380        0.8704
    655.2421        0.8550
    655.2463        0.8395
    655.2504        0.8254
    655.2546        0.8139
    655.2587        0.8056
    655.2629        0.8015
    655.2670        0.8022
    655.2712        0.8076
    655.2753        0.8166
    655.2795        0.8279
    655.2836        0.8399
    655.2878        0.8518
    655.2919        0.8633
    655.2960        0.8743
    655.3002        0.8842
    655.3043        0.8923
    655.3085        0.8984
    655.3126        0.9026
    655.3168        0.9054
    655.3209        0.9069
    655.3251        0.9072
    655.3292        0.9066
    655.3334        0.9054
    655.3375        0.9038
    655.3417        0.9021
    655.3458        0.9000
    655.3499        0.8972
    655.3541        0.8932
    655.3582        0.8880
    655.3624        0.8819
    655.3665        0.8758
    655.3707        0.8708
    655.3748        0.8674
    655.3790        0.8657
    655.3831        0.8650
    655.3873        0.8653
    655.3914        0.8665
    655.3955        0.8691
    655.3997        0.8733
    655.4038        0.8791
    655.4080        0.8853
    655.4121        0.8906
    655.4163        0.8942
    655.4204        0.8961
    655.4246        0.8972
    655.4287        0.8983
    655.4329        0.8991
    655.4370        0.8987
    655.4412        0.8960
    655.4453        0.8914
    655.4494        0.8857
    655.4536        0.8806
    655.4577        0.8766
    655.4619        0.8737
    655.4660        0.8717
    655.4702        0.8704
    655.4743        0.8701
    655.4785        0.8708
    655.4826        0.8722
    655.4868        0.8738
    655.4909        0.8751
    655.4951        0.8760
    655.4992        0.8763
    655.5033        0.8759
    655.5075        0.8749
    655.5116        0.8733
    655.5158        0.8713
    655.5199        0.8693
    655.5241        0.8676
    655.5282        0.8664
    655.5324        0.8658
    655.5365        0.8656
    655.5407        0.8660
    655.5448        0.8668
    655.5489        0.8677
    655.5531        0.8683
    655.5572        0.8680
    655.5614        0.8669
    655.5655        0.8653
    655.5697        0.8634
    655.5738        0.8616
    655.5780        0.8596
    655.5821        0.8574
    655.5863        0.8553
    655.5904        0.8536
    655.5946        0.8526
    655.5987        0.8527
    655.6028        0.8536
    655.6070        0.8545
    655.6111        0.8548
    655.6153        0.8540
    655.6194        0.8522
    655.6236        0.8499
    655.6277        0.8478
    655.6319        0.8466
    655.6360        0.8466
    655.6402        0.8473
    655.6443        0.8477
    655.6484        0.8470
    655.6526        0.8451
    655.6567        0.8427
    655.6609        0.8406
    655.6650        0.8388
    655.6692        0.8368
    655.6733        0.8337
    655.6775        0.8289
    655.6816        0.8224
    655.6858        0.8151
    655.6899        0.8079
    655.6941        0.8010
    655.6982        0.7947
    655.7023        0.7888
    655.7065        0.7832
    655.7106        0.7783
    655.7148        0.7744
    655.7189        0.7718
    655.7231        0.7705
    655.7272        0.7703
    655.7314        0.7710
    655.7355        0.7728
    655.7397        0.7759
    655.7438        0.7801
    655.7480        0.7853
    655.7521        0.7910
    655.7562        0.7965
    655.7604        0.8012
    655.7645        0.8045
    655.7687        0.8063
    655.7728        0.8066
    655.7770        0.8056
    655.7811        0.8034
    655.7853        0.8001
    655.7894        0.7963
    655.7936        0.7927
    655.7977        0.7903
    655.8018        0.7895
    655.8060        0.7903
    655.8101        0.7920
    655.8143        0.7948
    655.8184        0.7985
    655.8226        0.8032
    655.8267        0.8083
    655.8309        0.8129
    655.8350        0.8169
    655.8392        0.8200
    655.8433        0.8220
    655.8475        0.8229
    655.8516        0.8228
    655.8557        0.8227
    655.8599        0.8234
    655.8640        0.8254
    655.8682        0.8283
    655.8723        0.8315
    655.8765        0.8344
    655.8806        0.8372
    655.8848        0.8402
    655.8889        0.8440
    655.8931        0.8485
    655.8972        0.8532
    655.9014        0.8572
    655.9055        0.8603
    655.9096        0.8627
    655.9138        0.8652
    655.9179        0.8682
    655.9221        0.8716
    655.9262        0.8751
    655.9304        0.8786
    655.9345        0.8818
    655.9387        0.8845
    655.9428        0.8862
    655.9470        0.8864
    655.9511        0.8849
    655.9552        0.8822
    655.9594        0.8795
    655.9635        0.8779
    655.9677        0.8780
    655.9718        0.8797
    655.9760        0.8821
    655.9801        0.8842
    655.9843        0.8851
    655.9884        0.8852
    655.9926        0.8848
    655.9967        0.8847
    656.0009        0.8849
    656.0050        0.8850
    656.0091        0.8849
    656.0133        0.8841
    656.0174        0.8826
    656.0216        0.8807
    656.0257        0.8790
    656.0299        0.8775
    656.0340        0.8762
    656.0382        0.8746
    656.0423        0.8721
    656.0465        0.8689
    656.0506        0.8652
    656.0547        0.8615
    656.0589        0.8583
    656.0630        0.8557
    656.0672        0.8536
    656.0713        0.8518
    656.0755        0.8500
    656.0796        0.8483
    656.0838        0.8469
    656.0879        0.8461
    656.0921        0.8453
    656.0962        0.8440
    656.1004        0.8420
    656.1045        0.8395
    656.1086        0.8373
    656.1128        0.8355
    656.1169        0.8340
    656.1211        0.8327
    656.1252        0.8315
    656.1294        0.8305
    656.1335        0.8300
    656.1377        0.8298
    656.1418        0.8296
    656.1460        0.8287
    656.1501        0.8266
    656.1543        0.8231
    656.1584        0.8184
    656.1625        0.8135
    656.1667        0.8094
    656.1708        0.8068
    656.1750        0.8054
    656.1791        0.8045
    656.1833        0.8034
    656.1874        0.8018
    656.1916        0.7999
    656.1957        0.7979
    656.1999        0.7958
    656.2040        0.7937
    656.2081        0.7916
    656.2123        0.7896
    656.2164        0.7879
    656.2206        0.7865
    656.2247        0.7854
    656.2289        0.7847
    656.2330        0.7847
    656.2372        0.7852
    656.2413        0.7862
    656.2455        0.7874
    656.2496        0.7886
    656.2538        0.7894
    656.2579        0.7899
    656.2620        0.7901
    656.2662        0.7905
    656.2703        0.7915
    656.2745        0.7936
    656.2786        0.7965
    656.2828        0.7994
    656.2869        0.8019
    656.2911        0.8038
    656.2952        0.8057
    656.2994        0.8084
    656.3035        0.8120
    656.3077        0.8159
    656.3118        0.8194
    656.3159        0.8221
    656.3201        0.8239
    656.3242        0.8248
    656.3284        0.8250
    656.3325        0.8244
    656.3367        0.8234
    656.3408        0.8224
    656.3450        0.8218
    656.3491        0.8219
    656.3533        0.8228
    656.3574        0.8247
    656.3615        0.8278
    656.3657        0.8318
    656.3698        0.8361
    656.3740        0.8394
    656.3781        0.8406
    656.3823        0.8392
    656.3864        0.8355
    656.3906        0.8300
    656.3947        0.8236
    656.3989        0.8171
    656.4030        0.8114
    656.4072        0.8070
    656.4113        0.8038
    656.4154        0.8019
    656.4196        0.8017
    656.4237        0.8039
    656.4279        0.8091
    656.4320        0.8172
    656.4362        0.8273
    656.4403        0.8379
    656.4445        0.8479
    656.4486        0.8563
    656.4528        0.8630
    656.4569        0.8683
    656.4610        0.8723
    656.4652        0.8751
    656.4693        0.8771
    656.4735        0.8783
    656.4776        0.8789
    656.4818        0.8789
    656.4859        0.8786
    656.4901        0.8780
    656.4942        0.8775
    656.4984        0.8771
    656.5025        0.8769
    656.5067        0.8764
    656.5108        0.8751
    656.5149        0.8727
    656.5191        0.8697
    656.5232        0.8672
    656.5274        0.8665
    656.5315        0.8676
    656.5357        0.8693
    656.5398        0.8701
    656.5440        0.8690
    656.5481        0.8661
    656.5523        0.8625
    656.5564        0.8593
    656.5606        0.8569
    656.5647        0.8548
    656.5688        0.8525
    656.5730        0.8495
    656.5771        0.8462
    656.5813        0.8429
    656.5854        0.8401
    656.5896        0.8376
    656.5937        0.8353
    656.5979        0.8327
    656.6020        0.8301
    656.6062        0.8281
    656.6103        0.8274
    656.6144        0.8283
    656.6186        0.8300
    656.6227        0.8314
    656.6269        0.8311
    656.6310        0.8289
    656.6352        0.8250
    656.6393        0.8203
    656.6435        0.8158
    656.6476        0.8122
    656.6518        0.8096
    656.6559        0.8082
    656.6601        0.8075
    656.6642        0.8072
    656.6683        0.8068
    656.6725        0.8062
    656.6766        0.8055
    656.6808        0.8050
    656.6849        0.8050
    656.6891        0.8056
    656.6932        0.8070
    656.6974        0.8090
    656.7015        0.8111
    656.7057        0.8132
    656.7098        0.8155
    656.7140        0.8183
    656.7181        0.8213
    656.7222        0.8239
    656.7264        0.8255
    656.7305        0.8261
    656.7347        0.8261
    656.7388        0.8261
    656.7430        0.8264
    656.7471        0.8268
    656.7513        0.8272
    656.7554        0.8275
    656.7596        0.8279
    656.7637        0.8284
    656.7678        0.8289
    656.7720        0.8292
    656.7761        0.8291
    656.7803        0.8288
    656.7844        0.8286
    656.7886        0.8286
    656.7927        0.8286
    656.7969        0.8283
    656.8010        0.8277
    656.8052        0.8270
    656.8093        0.8265
    656.8135        0.8270
    656.8176        0.8288
    656.8217        0.8318
    656.8259        0.8352
    656.8300        0.8382
    656.8342        0.8399
    656.8383        0.8402
    656.8425        0.8392
    656.8466        0.8372
    656.8508        0.8344
    656.8549        0.8311
    656.8591        0.8279
    656.8632        0.8253
    656.8673        0.8239
    656.8715        0.8232
    656.8756        0.8228
    656.8798        0.8223
    656.8839        0.8217
    656.8881        0.8217
    656.8922        0.8227
    656.8964        0.8247
    656.9005        0.8269
    656.9047        0.8287
    656.9088        0.8294
    656.9130        0.8295
    656.9171        0.8297
    656.9212        0.8311
    656.9254        0.8342
    656.9295        0.8390
    656.9337        0.8447
    656.9378        0.8504
    656.9420        0.8555
    656.9461        0.8600
    656.9503        0.8635
    656.9544        0.8663
    656.9586        0.8684
    656.9627        0.8698
    656.9669        0.8707
    656.9710        0.8713
    656.9751        0.8722
    656.9793        0.8737
    656.9834        0.8761
    656.9876        0.8788
    656.9917        0.8808
    656.9959        0.8814
    657.0000        0.8805
    657.0042        0.8788
    657.0083        0.8774
    657.0125        0.8771
    657.0166        0.8780
    657.0207        0.8798
    657.0249        0.8821
    657.0290        0.8842
    657.0332        0.8860
    657.0373        0.8874
    657.0415        0.8884
    657.0456        0.8889
    657.0498        0.8887
    657.0539        0.8879
    657.0581        0.8870
    657.0622        0.8864
    657.0664        0.8867
    657.0705        0.8878
    657.0746        0.8891
    657.0788        0.8901
    657.0829        0.8905
    657.0871        0.8909
    657.0912        0.8923
    657.0954        0.8948
    657.0995        0.8978
    657.1037        0.9003
    657.1078        0.9021
    657.1120        0.9034
    657.1161        0.9049
    657.1203        0.9068
    657.1244        0.9084
    657.1285        0.9088
    657.1327        0.9078
    657.1368        0.9061
    657.1410        0.9050
    657.1451        0.9055
    657.1493        0.9077
    657.1534        0.9109
    657.1576        0.9135
    657.1617        0.9142
    657.1659        0.9122
    657.1700        0.9079
    657.1741        0.9021
    657.1783        0.8952
    657.1824        0.8873
    657.1866        0.8782
    657.1907        0.8683
    657.1949        0.8579
    657.1990        0.8483
    657.2032        0.8408
    657.2073        0.8364
    657.2115        0.8359
    657.2156        0.8390
    657.2198        0.8449
    657.2239        0.8529
    657.2280        0.8625
    657.2322        0.8731
    657.2363        0.8840
    657.2405        0.8942
    657.2446        0.9027
    657.2488        0.9094
    657.2529        0.9145
    657.2571        0.9189
    657.2612        0.9233
    657.2654        0.9275
    657.2695        0.9310
    657.2736        0.9327
    657.2778        0.9326
    657.2819        0.9313
    657.2861        0.9301
    657.2902        0.9301
    657.2944        0.9311
    657.2985        0.9317
    657.3027        0.9308
    657.3068        0.9283
    657.3110        0.9253
    657.3151        0.9231
    657.3193        0.9224
    657.3234        0.9230
    657.3275        0.9242
    657.3317        0.9251
    657.3358        0.9255
    657.3400        0.9256
    657.3441        0.9257
    657.3483        0.9261
    657.3524        0.9272
    657.3566        0.9292
    657.3607        0.9322
    657.3649        0.9357
    657.3690        0.9394
    657.3732        0.9425
    657.3773        0.9448
    657.3814        0.9458
    657.3856        0.9458
    657.3897        0.9453
    657.3939        0.9448
    657.3980        0.9451
    657.4022        0.9463
    657.4063        0.9482
    657.4105        0.9501
    657.4146        0.9509
    657.4188        0.9502
    657.4229        0.9486
    657.4270        0.9466
    657.4312        0.9446
    657.4353        0.9419
    657.4395        0.9377
    657.4436        0.9311
    657.4478        0.9223
    657.4519        0.9119
    657.4561        0.9007
    657.4602        0.8892
    657.4644        0.8775
    657.4685        0.8656
    657.4727        0.8539
    657.4768        0.8429
    657.4809        0.8335
    657.4851        0.8268
    657.4892        0.8239
    657.4934        0.8257
    657.4975        0.8327
    657.5017        0.8440
    657.5058        0.8584
    657.5100        0.8739
    657.5141        0.8890
    657.5183        0.9024
    657.5224        0.9136
    657.5266        0.9223
    657.5307        0.9290
    657.5348        0.9344
    657.5390        0.9391
    657.5431        0.9432
    657.5473        0.9464
    657.5514        0.9485
    657.5556        0.9497
    657.5597        0.9506
    657.5639        0.9512
    657.5680        0.9517
    657.5722        0.9519
    657.5763        0.9518
    657.5804        0.9517
    657.5846        0.9518
    657.5887        0.9520
    657.5929        0.9517
    657.5970        0.9507
    657.6012        0.9492
    657.6053        0.9475
    657.6095        0.9462
    657.6136        0.9456
    657.6178        0.9459
    657.6219        0.9471
    657.6261        0.9494
    657.6302        0.9522
    657.6343        0.9550
    657.6385        0.9571
    657.6426        0.9580
    657.6468        0.9580
    657.6509        0.9576
    657.6551        0.9574
    657.6592        0.9579
    657.6634        0.9588
    657.6675        0.9596
    657.6717        0.9599
    657.6758        0.9597
    657.6799        0.9592
    657.6841        0.9584
    657.6882        0.9574
    657.6924        0.9558
    657.6965        0.9538
    657.7007        0.9517
    657.7048        0.9507
    657.7090        0.9515
    657.7131        0.9540
    657.7173        0.9573
    657.7214        0.9599
    657.7256        0.9606
    657.7297        0.9592
    657.7338        0.9566
    657.7380        0.9542
    657.7421        0.9534
    657.7463        0.9548
    657.7504        0.9576
    657.7546        0.9604
    657.7587        0.9623
    657.7629        0.9626
    657.7670        0.9621
    657.7712        0.9618
    657.7753        0.9627
    657.7795        0.9649
    657.7836        0.9680
    657.7877        0.9710
    657.7919        0.9730
    657.7960        0.9736
    657.8002        0.9732
    657.8043        0.9724
    657.8085        0.9717
    657.8126        0.9711
    657.8168        0.9702
    657.8209        0.9690
    657.8251        0.9679
    657.8292        0.9671
    657.8333        0.9671
    657.8375        0.9677
    657.8416        0.9688
    657.8458        0.9703
    657.8499        0.9722
    657.8541        0.9741
    657.8582        0.9752
    657.8624        0.9750
    657.8665        0.9738
    657.8707        0.9724
    657.8748        0.9714
    657.8790        0.9710
    657.8831        0.9706
    657.8872        0.9697
    657.8914        0.9684
    657.8955        0.9670
    657.8997        0.9656
    657.9038        0.9644
    657.9080        0.9630
    657.9121        0.9616
    657.9163        0.9599
    657.9204        0.9585
    657.9246        0.9579
    657.9287        0.9588
    657.9328        0.9615
    657.9370        0.9656
    657.9411        0.9698
    657.9453        0.9731
    657.9494        0.9749
    657.9536        0.9758
    657.9577        0.9764
    657.9619        0.9777
    657.9660        0.9799
    657.9702        0.9824
    657.9743        0.9842
    657.9785        0.9843
    657.9826        0.9823
    657.9867        0.9789
    657.9909        0.9750
    657.9950        0.9719
    657.9992        0.9702
    658.0033        0.9697
    658.0075        0.9699
    658.0116        0.9702
    658.0158        0.9707
    658.0199        0.9715
    658.0241        0.9731
    658.0282        0.9756
    658.0324        0.9784
    658.0365        0.9808
    658.0406        0.9815
    658.0448        0.9795
    658.0489        0.9746
    658.0531        0.9676
    658.0572        0.9596
    658.0614        0.9521
    658.0655        0.9458
    658.0697        0.9416
    658.0738        0.9396
    658.0780        0.9402
    658.0821        0.9431
    658.0862        0.9478
    658.0904        0.9531
    658.0945        0.9576
    658.0987        0.9607
    658.1028        0.9625
    658.1070        0.9638
    658.1111        0.9657
    658.1153        0.9686
    658.1194        0.9725
    658.1236        0.9768
    658.1277        0.9805
    658.1319        0.9831
    658.1360        0.9844
    658.1401        0.9851
    658.1443        0.9856
    658.1484        0.9862
    658.1526        0.9864
    658.1567        0.9858
    658.1609        0.9846
    658.1650        0.9829
    658.1692        0.9812
    658.1733        0.9797
    658.1775        0.9785
    658.1816        0.9781
    658.1858        0.9792
    658.1899        0.9816
    658.1940        0.9846
    658.1982        0.9868
    658.2023        0.9872
    658.2065        0.9859
    658.2106        0.9835
    658.2148        0.9811
    658.2189        0.9796
    658.2231        0.9796
    658.2272        0.9809
    658.2314        0.9826
    658.2355        0.9839
    658.2396        0.9841
    658.2438        0.9834
    658.2479        0.9821
    658.2521        0.9808
    658.2562        0.9799
    658.2604        0.9795
    658.2645        0.9797
    658.2687        0.9803
    658.2728        0.9810
    658.2770        0.9815
    658.2811        0.9819
    658.2853        0.9820
    658.2894        0.9818
    658.2935        0.9808
    658.2977        0.9788
    658.3018        0.9756
    658.3060        0.9718
    658.3101        0.9680
    658.3143        0.9648
    658.3184        0.9623
    658.3226        0.9601
    658.3267        0.9577
    658.3309        0.9549
    658.3350        0.9519
    658.3391        0.9491
    658.3433        0.9467
    658.3474        0.9450
    658.3516        0.9444
    658.3557        0.9451
    658.3599        0.9470
    658.3640        0.9501
    658.3682        0.9544
    658.3723        0.9597
    658.3765        0.9658
    658.3806        0.9720
    658.3848        0.9775
    658.3889        0.9821
    658.3930        0.9857
    658.3972        0.9886
    658.4013        0.9907
    658.4055        0.9919
    658.4096        0.9919
    658.4138        0.9909
    658.4179        0.9894
    658.4221        0.9877
    658.4262        0.9861
    658.4304        0.9851
    658.4345        0.9850
    658.4387        0.9859
    658.4428        0.9876
    658.4469        0.9894
    658.4511        0.9909
    658.4552        0.9915
    658.4594        0.9907
    658.4635        0.9886
    658.4677        0.9858
    658.4718        0.9833
    658.4760        0.9818
    658.4801        0.9816
    658.4843        0.9821
    658.4884        0.9831
    658.4925        0.9844
    658.4967        0.9858
    658.5008        0.9872
    658.5050        0.9880
    658.5091        0.9881
    658.5133        0.9873
    658.5174        0.9857
    658.5216        0.9837
    658.5257        0.9812
    658.5299        0.9784
    658.5340        0.9753
    658.5382        0.9724
    658.5423        0.9705
    658.5464        0.9700
    658.5506        0.9714
    658.5547        0.9741
    658.5589        0.9775
    658.5630        0.9806
    658.5672        0.9827
    658.5713        0.9836
    658.5755        0.9835
    658.5796        0.9832
    658.5838        0.9837
    658.5879        0.9852
    658.5921        0.9872
    658.5962        0.9881
    658.6003        0.9870
    658.6045        0.9839
    658.6086        0.9797
    658.6128        0.9760
    658.6169        0.9736
    658.6211        0.9721
    658.6252        0.9705
    658.6294        0.9677
    658.6335        0.9630
    658.6377        0.9570
    658.6418        0.9507
    658.6459        0.9447
    658.6501        0.9392
    658.6542        0.9343
    658.6584        0.9306
    658.6625        0.9289
    658.6667        0.9301
    658.6708        0.9339
    658.6750        0.9393
    658.6791        0.9456
    658.6833        0.9526
    658.6874        0.9600
    658.6916        0.9675
    658.6957        0.9738
    658.6998        0.9779
    658.7040        0.9794
    658.7081        0.9791
    658.7123        0.9784
    658.7164        0.9787
    658.7206        0.9804
    658.7247        0.9832
    658.7289        0.9864
    658.7330        0.9896
    658.7372        0.9922
    658.7413        0.9942
    658.7454        0.9951
    658.7496        0.9947
    658.7537        0.9934
    658.7579        0.9916
    658.7620        0.9902
    658.7662        0.9899
    658.7703        0.9911
    658.7745        0.9935
    658.7786        0.9965
    658.7828        0.9993
    658.7869        1.0012
    658.7911        1.0018
    658.7952        1.0011
    658.7993        0.9994
    658.8035        0.9970
    658.8076        0.9943
    658.8118        0.9916
    658.8159        0.9893
    658.8201        0.9872
    658.8242        0.9852
    658.8284        0.9831
    658.8325        0.9811
    658.8367        0.9802
    658.8408        0.9810
    658.8450        0.9837
    658.8491        0.9875
    658.8532        0.9912
    658.8574        0.9934
    658.8615        0.9939
    658.8657        0.9931
    658.8698        0.9922
    658.8740        0.9920
    658.8781        0.9928
    658.8823        0.9940
    658.8864        0.9953
    658.8906        0.9964
    658.8947        0.9975
    658.8988        0.9987
    658.9030        1.0001
    658.9071        1.0017
    658.9113        1.0033
    658.9154        1.0044
    658.9196        1.0049
    658.9237        1.0046
    658.9279        1.0040
    658.9320        1.0034
    658.9362        1.0031
    658.9403        1.0029
    658.9445        1.0020
    658.9486        1.0005
    658.9527        0.9990
    658.9569        0.9982
    658.9610        0.9986
    658.9652        0.9999
    658.9693        1.0014
    658.9735        1.0029
    658.9776        1.0043
    658.9818        1.0058
    658.9859        1.0071
    658.9901        1.0075
    658.9942        1.0072
    658.9984        1.0065
    659.0025        1.0060
    659.0066        1.0057
    659.0108        1.0051
    659.0149        1.0039
    659.0191        1.0019
    659.0232        0.9997
    659.0274        0.9976
    659.0315        0.9960
    659.0357        0.9950
    659.0398        0.9944
    659.0440        0.9944
    659.0481        0.9950
    659.0522        0.9965
    659.0564        0.9991
    659.0605        1.0030
    659.0647        1.0075
    659.0688        1.0117
    659.0730        1.0144
    659.0771        1.0150
    659.0813        1.0136
    659.0854        1.0109
    659.0896        1.0078
    659.0937        1.0048
    659.0979        1.0019
    659.1020        0.9992
    659.1061        0.9970
    659.1103        0.9959
    659.1144        0.9963
    659.1186        0.9977
    659.1227        0.9994
    659.1269        1.0004
    659.1310        1.0010
    659.1352        1.0016
    659.1393        1.0031
    659.1435        1.0053
    659.1476        1.0078
    659.1517        1.0103
    659.1559        1.0127
    659.1600        1.0145
    659.1642        1.0153
    659.1683        1.0147
    659.1725        1.0131
    659.1766        1.0114
    659.1808        1.0104
    659.1849        1.0102
    659.1891        1.0102
    659.1932        1.0097
    659.1974        1.0085
    659.2015        1.0070
    659.2056        1.0055
    659.2098        1.0047
    659.2139        1.0046
    659.2181        1.0053
    659.2222        1.0067
    659.2264        1.0086
    659.2305        1.0106
    659.2347        1.0122
    659.2388        1.0130
    659.2430        1.0131
    659.2471        1.0130
    659.2513        1.0130
    659.2554        1.0131
    659.2595        1.0131
    659.2637        1.0124
    659.2678        1.0110
    659.2720        1.0090
    659.2761        1.0067
    659.2803        1.0049
    659.2844        1.0041
    659.2886        1.0048
    659.2927        1.0068
    659.2969        1.0089
    659.3010        1.0099
    659.3051        1.0088
    659.3093        1.0059
    659.3134        1.0018
    659.3176        0.9974
    659.3217        0.9929
    659.3259        0.9886
    659.3300        0.9848
    659.3342        0.9827
    659.3383        0.9831
    659.3425        0.9863
    659.3466        0.9911
    659.3508        0.9955
    659.3549        0.9980
    659.3590        0.9983
    659.3632        0.9973
    659.3673        0.9964
    659.3715        0.9960
    659.3756        0.9966
    659.3798        0.9981
    659.3839        1.0003
    659.3881        1.0025
    659.3922        1.0040
    659.3964        1.0042
    659.4005        1.0032
    659.4047        1.0009
    659.4088        0.9975
    659.4129        0.9928
    659.4171        0.9875
    659.4212        0.9826
    659.4254        0.9793
    659.4295        0.9781
    659.4337        0.9784
    659.4378        0.9793
    659.4420        0.9803
    659.4461        0.9818
    659.4503        0.9846
    659.4544        0.9890
    659.4585        0.9943
    659.4627        0.9993
    659.4668        1.0035
    659.4710        1.0066
    659.4751        1.0091
    659.4793        1.0110
    659.4834        1.0121
    659.4876        1.0120
    659.4917        1.0110
    659.4959        1.0092
    659.5000        1.0069
    659.5042        1.0045
    659.5083        1.0028
    659.5124        1.0021
    659.5166        1.0021
    659.5207        1.0019
    659.5249        1.0011
    659.5290        1.0001
    659.5332        0.9997
    659.5373        1.0006
    659.5415        1.0028
    659.5456        1.0053
    659.5498        1.0069
    659.5539        1.0067
    659.5580        1.0047
    659.5622        1.0013
    659.5663        0.9974
    659.5705        0.9938
    659.5746        0.9909
    659.5788        0.9894
    659.5829        0.9893
    659.5871        0.9908
    659.5912        0.9935
    659.5954        0.9965
    659.5995        0.9992
    659.6037        1.0012
    659.6078        1.0025
    659.6119        1.0036
    659.6161        1.0044
    659.6202        1.0052
    659.6244        1.0058
    659.6285        1.0061
    659.6327        1.0061
    659.6368        1.0058
    659.6410        1.0053
    659.6451        1.0049
    659.6493        1.0048
    659.6534        1.0047
    659.6576        1.0041
    659.6617        1.0027
    659.6658        1.0008
    659.6700        0.9987
    659.6741        0.9970
    659.6783        0.9961
    659.6824        0.9959
    659.6866        0.9962
    659.6907        0.9966
    659.6949        0.9966
    659.6990        0.9962
    659.7032        0.9958
    659.7073        0.9958
    659.7114        0.9960
    659.7156        0.9964
    659.7197        0.9967
    659.7239        0.9974
    659.7280        0.9987
    659.7322        1.0005
    659.7363        1.0021
    659.7405        1.0027
    659.7446        1.0026
    659.7488        1.0026
    659.7529        1.0037
    659.7571        1.0062
    659.7612        1.0095
    659.7653        1.0124
    659.7695        1.0142
    659.7736        1.0148
    659.7778        1.0144
    659.7819        1.0136
    659.7861        1.0124
    659.7902        1.0107
    659.7944        1.0082
    659.7985        1.0051
    659.8027        1.0016
    659.8068        0.9985
    659.8110        0.9964
    659.8151        0.9958
    659.8192        0.9965
    659.8234        0.9977
    659.8275        0.9989
    659.8317        0.9997
    659.8358        1.0003
    659.8400        1.0006
    659.8441        1.0006
    659.8483        1.0004
    659.8524        1.0001
    659.8566        1.0000
    659.8607        0.9999
    659.8648        0.9994
    659.8690        0.9986
    659.8731        0.9977
    659.8773        0.9974
    659.8814        0.9981
    659.8856        0.9997
    659.8897        1.0009
    659.8939        1.0007
    659.8980        0.9984
    659.9022        0.9943
    659.9063        0.9891
    659.9105        0.9838
    659.9146        0.9792
    659.9187        0.9753
    659.9229        0.9724
    659.9270        0.9706
    659.9312        0.9703
    659.9353        0.9714
    659.9395        0.9737
    659.9436        0.9768
    659.9478        0.9799
    659.9519        0.9828
    659.9561        0.9851
    659.9602        0.9869
    659.9643        0.9880
    659.9685        0.9887
    659.9726        0.9893
    659.9768        0.9902
    659.9809        0.9919
    659.9851        0.9945
    659.9892        0.9975
    659.9934        1.0000
    659.9975        1.0014
    660.0017        1.0015
    660.0058        1.0007
    660.0100        0.9996
    660.0141        0.9988
    660.0182        0.9989
    660.0224        1.0003
    660.0265        1.0026
    660.0307        1.0050
    660.0348        1.0064
    660.0390        1.0063
    660.0431        1.0050
    660.0473        1.0027
    660.0514        0.9999
    660.0556        0.9973
    660.0597        0.9959
    660.0639        0.9961
    660.0680        0.9981
    660.0721        1.0009
    660.0763        1.0038
    660.0804        1.0063
    660.0846        1.0087
    660.0887        1.0115
    660.0929        1.0148
    660.0970        1.0181
    660.1012        1.0205
    660.1053        1.0211
    660.1095        1.0199
    660.1136        1.0173
    660.1177        1.0143
    660.1219        1.0113
    660.1260        1.0086
    660.1302        1.0065
    660.1343        1.0052
    660.1385        1.0053
    660.1426        1.0066
    660.1468        1.0089
    660.1509        1.0112
    660.1551        1.0126
    660.1592        1.0125
    660.1634        1.0113
    660.1675        1.0095
    660.1716        1.0081
    660.1758        1.0071
    660.1799        1.0059
    660.1841        1.0036
    660.1882        1.0002
    660.1924        0.9967
    660.1965        0.9941
    660.2007        0.9931
    660.2048        0.9930
    660.2090        0.9928
    660.2131        0.9918
    660.2172        0.9900
    660.2214        0.9883
    660.2255        0.9874
    660.2297        0.9876
    660.2338        0.9883
    660.2380        0.9895
    660.2421        0.9912
    660.2463        0.9938
    660.2504        0.9973
    660.2546        1.0011
    660.2587        1.0047
    660.2629        1.0076
    660.2670        1.0093
    660.2711        1.0097
    660.2753        1.0091
    660.2794        1.0079
    660.2836        1.0069
    660.2877        1.0068
    660.2919        1.0079
    660.2960        1.0096
    660.3002        1.0110
    660.3043        1.0115
    660.3085        1.0113
    660.3126        1.0113
    660.3168        1.0120
    660.3209        1.0132
    660.3250        1.0141
    660.3292        1.0138
    660.3333        1.0124
    660.3375        1.0109
    660.3416        1.0103
    660.3458        1.0115
    660.3499        1.0143
    660.3541        1.0178
    660.3582        1.0203
    660.3624        1.0209
    660.3665        1.0192
    660.3706        1.0159
    660.3748        1.0118
    660.3789        1.0078
    660.3831        1.0046
    660.3872        1.0027
    660.3914        1.0027
    660.3955        1.0045
    660.3997        1.0074
    660.4038        1.0101
    660.4080        1.0118
    660.4121        1.0121
    660.4163        1.0114
    660.4204        1.0104
    660.4245        1.0096
    660.4287        1.0094
    660.4328        1.0097
    660.4370        1.0106
    660.4411        1.0117
    660.4453        1.0126
    660.4494        1.0131
    660.4536        1.0131
    660.4577        1.0129
    660.4619        1.0127
    660.4660        1.0129
    660.4702        1.0135
    660.4743        1.0147
    660.4784        1.0163
    660.4826        1.0183
    660.4867        1.0201
    660.4909        1.0212
    660.4950        1.0213
    660.4992        1.0204
    660.5033        1.0187
    660.5075        1.0168
    660.5116        1.0155
    660.5158        1.0153
    660.5199        1.0161
    660.5240        1.0171
    660.5282        1.0172
    660.5323        1.0156
    660.5365        1.0125
    660.5406        1.0093
    660.5448        1.0071
    660.5489        1.0063
    660.5531        1.0062
    660.5572        1.0059
    660.5614        1.0053
    660.5655        1.0049
    660.5697        1.0050
    660.5738        1.0052
    660.5779        1.0049
    660.5821        1.0037
    660.5862        1.0016
    660.5904        0.9992
    660.5945        0.9974
    660.5987        0.9964
    660.6028        0.9967
    660.6070        0.9982
    660.6111        1.0010
    660.6153        1.0046
    660.6194        1.0086
    660.6235        1.0122
    660.6277        1.0151
    660.6318        1.0174
    660.6360        1.0190
    660.6401        1.0201
    660.6443        1.0205
    660.6484        1.0202
    660.6526        1.0189
    660.6567        1.0169
    660.6609        1.0146
    660.6650        1.0125
    660.6692        1.0110
    660.6733        1.0099
    660.6774        1.0085
    660.6816        1.0067
    660.6857        1.0044
    660.6899        1.0021
    660.6940        1.0003
    660.6982        0.9993
    660.7023        0.9992
    660.7065        0.9999
    660.7106        1.0012
    660.7148        1.0028
    660.7189        1.0046
    660.7231        1.0064
    660.7272        1.0079
    660.7313        1.0088
    660.7355        1.0089
    660.7396        1.0081
    660.7438        1.0065
    660.7479        1.0049
    660.7521        1.0040
    660.7562        1.0044
    660.7604        1.0059
    660.7645        1.0075
    660.7687        1.0083
    660.7728        1.0078
    660.7769        1.0062
    660.7811        1.0045
    660.7852        1.0037
    660.7894        1.0047
    660.7935        1.0077
    660.7977        1.0118
    660.8018        1.0157
    660.8060        1.0177
    660.8101        1.0169
    660.8143        1.0136
    660.8184        1.0089
    660.8226        1.0049
    660.8267        1.0029
    660.8308        1.0032
    660.8350        1.0048
    660.8391        1.0062
    660.8433        1.0068
    660.8474        1.0066
    660.8516        1.0064
    660.8557        1.0070
    660.8599        1.0083
    660.8640        1.0102
    660.8682        1.0121
    660.8723        1.0138
    660.8765        1.0152
    660.8806        1.0161
    660.8847        1.0167
    660.8889        1.0172
    660.8930        1.0182
    660.8972        1.0194
    660.9013        1.0201
    660.9055        1.0194
    660.9096        1.0172
    660.9138        1.0144
    660.9179        1.0120
    660.9221        1.0105
    660.9262        1.0095
    660.9303        1.0086
    660.9345        1.0075
    660.9386        1.0065
    660.9428        1.0054
    660.9469        1.0040
    660.9511        1.0024
    660.9552        1.0005
    660.9594        0.9991
    660.9635        0.9987
    660.9677        0.9997
    660.9718        1.0021
    660.9760        1.0054
    660.9801        1.0084
    660.9842        1.0101
    660.9884        1.0100
    660.9925        1.0085
    660.9967        1.0066
    661.0008        1.0062
    661.0050        1.0080
    661.0091        1.0117
    661.0133        1.0159
    661.0174        1.0190
    661.0216        1.0200
    661.0257        1.0191
    661.0298        1.0172
    661.0340        1.0154
    661.0381        1.0146
    661.0423        1.0145
    661.0464        1.0146
    661.0506        1.0145
    661.0547        1.0145
    661.0589        1.0147
    661.0630        1.0151
    661.0672        1.0153
    661.0713        1.0148
    661.0755        1.0135
    661.0796        1.0119
    661.0837        1.0103
    661.0879        1.0089
    661.0920        1.0076
    661.0962        1.0061
    661.1003        1.0044
    661.1045        1.0026
    661.1086        1.0010
    661.1128        1.0000
    661.1169        1.0002
    661.1211        1.0019
    661.1252        1.0049
    661.1294        1.0086
    661.1335        1.0120
    661.1376        1.0143
    661.1418        1.0147
    661.1459        1.0133
    661.1501        1.0110
    661.1542        1.0086
    661.1584        1.0071
    661.1625        1.0067
    661.1667        1.0068
    661.1708        1.0073
    661.1750        1.0079
    661.1791        1.0089
    661.1832        1.0103
    661.1874        1.0117
    661.1915        1.0126
    661.1957        1.0128
    661.1998        1.0125
    661.2040        1.0120
    661.2081        1.0114
    661.2123        1.0102
    661.2164        1.0081
    661.2206        1.0048
    661.2247        1.0012
    661.2289        0.9983
    661.2330        0.9970
    661.2371        0.9976
    661.2413        0.9995
    661.2454        1.0018
    661.2496        1.0038
    661.2537        1.0053
    661.2579        1.0067
    661.2620        1.0086
    661.2662        1.0107
    661.2703        1.0127
    661.2745        1.0142
    661.2786        1.0151
    661.2828        1.0155
