    648.0424        0.9979
    648.0768        0.9918
    648.1112        0.9685
    648.1456        0.9612
    648.1800        0.9867
    648.2144        0.9741
    648.2488        0.9853
    648.2832        0.9643
    648.3176        0.9881
    648.3520        1.0166
    648.3864        1.0372
    648.4208        0.9770
    648.4552        1.0343
    648.4896        0.9778
    648.5240        1.0050
    648.5584        1.0111
    648.5928        0.9809
    648.6272        1.0053
    648.6616        1.0257
    648.6960        1.0165
    648.7304        0.9977
    648.7648        1.0077
    648.7992        1.0333
    648.8336        0.9958
    648.8680        1.0087
    648.9024        1.0126
    648.9368        0.9962
    648.9712        1.0108
    649.0056        1.0297
    649.0400        1.0112
    649.0744        1.0249
    649.1088        1.0600
    649.1432        1.0021
    649.1776        0.9847
    649.2120        1.0054
    649.2464        0.9737
    649.2808        1.0074
    649.3152        1.0070
    649.3496        0.9939
    649.3840        1.0176
    649.4184        1.0044
    649.4528        1.0318
    649.4872        1.0019
    649.5216        1.0010
    649.5560        1.0188
    649.5904        0.9977
    649.6248        0.9747
    649.6592        0.9620
    649.6936        0.9892
    649.7280        1.0106
    649.7624        1.0191
    649.7968        1.0010
    649.8312        1.0057
    649.8656        1.0494
    649.9000        1.0259
    649.9344        1.0106
    649.9688        1.0065
    650.0032        1.0370
    650.0376        0.9928
    650.0720        0.9877
    650.1064        1.0024
    650.1408        1.0018
    650.1752        0.9841
    650.2096        0.9744
    650.2440        0.9998
    650.2784        0.9784
    650.3128        0.9508
    650.3472        0.9753
    650.3816        1.0200
    650.4160        0.9964
    650.4504        0.9784
    650.4848        0.9791
    650.5192        0.9743
    650.5536        0.9920
    650.5880        1.0109
    650.6224        0.9671
    650.6568        0.9790
    650.6912        0.9719
    650.7256        0.9285
    650.7600        1.0018
    650.7944        0.9940
    650.8288        0.9908
    650.8632        1.0240
    650.8976        0.9811
    650.9320        1.0065
    650.9664        1.0382
    651.0008        1.0155
    651.0352        1.0363
    651.0696        1.0354
    651.1040        1.0556
    651.1384        1.0240
    651.1728        1.0140
    651.2072        0.9992
    651.2416        1.0196
    651.2760        1.0270
    651.3104        1.0514
    651.3448        1.0796
    651.3792        1.0188
    651.4136        1.0560
    651.4480        1.0744
    651.4824        1.0464
    651.5168        1.0147
    651.5512        1.0008
    651.5856        1.0136
    651.6200        1.0274
    651.6544        1.0269
    651.6888        1.0087
    651.7232        1.0389
    651.7576        1.0070
    651.7920        1.0460
    651.8264        1.0598
    651.8608        1.0135
    651.8952        1.0343
    651.9296        1.0159
    651.9640        1.0431
    651.9984        0.9853
    652.0328        1.0002
    652.0672        1.0494
    652.1016        0.9756
    652.1360        0.9916
    652.1704        1.0435
    652.2048        0.9983
    652.2392        0.9750
    652.2736        0.9974
    652.3080        0.9688
    652.3424        0.9977
    652.3768        1.0241
    652.4112        0.9979
    652.4456        0.9891
    652.4800        0.9562
    652.5144        0.9288
    652.5488        0.9416
    652.5832        0.9784
    652.6176        1.0131
    652.6520        0.9584
    652.6864        0.9663
    652.7208        0.9862
    652.7552        1.0272
    652.7896        0.9639
    652.8240        0.9710
    652.8584        0.9881
    652.8928        0.9693
    652.9272        1.0116
    652.9616        0.9539
    652.9960        0.9551
    653.0304        0.9713
    653.0648        0.9824
    653.0992        0.9437
    653.1336        0.9545
    653.1680        0.9943
    653.2024        1.0009
    653.2368        0.9885
    653.2712        0.9764
    653.3056        0.9615
    653.3400        0.9823
    653.3744        1.0191
    653.4088        1.0123
    653.4432        0.9294
    653.4776        1.0079
    653.5120        1.0106
    653.5464        0.9457
    653.5808        1.0120
    653.6152        0.9875
    653.6496        0.9619
    653.6840        0.9814
    653.7184        0.9738
    653.7528        0.9610
    653.7872        0.9981
    653.8216        1.0008
    653.8560        1.0166
    653.8904        0.9755
    653.9248        1.0495
    653.9592        0.9601
    653.9936        1.0064
    654.0280        1.0306
    654.0624        1.0280
    654.0968        1.0124
    654.1312        1.0151
    654.1656        1.0144
    654.2000        1.0285
    654.2344        1.0258
    654.2688        0.9922
    654.3032        0.9960
    654.3376        1.0307
    654.3720        1.0512
    654.4064        0.9758
    654.4408        0.9987
    654.4752        1.0014
    654.5096        1.0220
    654.5440        0.9843
    654.5784        1.0484
    654.6128        1.0808
    654.6472        0.9783
    654.6816        0.9916
    654.7160        1.0261
    654.7504        0.9994
    654.7848        1.0069
    654.8192        0.9906
    654.8536        1.0485
    654.8880        1.0289
    654.9224        1.0285
    654.9568        1.0427
    654.9912        1.0488
    655.0256        0.9950
    655.0600        0.9992
    655.0944        1.0269
    655.1288        1.0471
    655.1632        1.0828
    655.1976        1.0609
    655.2320        1.1054
    655.2664        1.1576
    655.3008        1.1318
    655.3352        1.1098
    655.3696        1.2021
    655.4040        1.1568
    655.4384        1.1518
    655.4728        1.2237
    655.5072        1.2242
    655.5416        1.2989
    655.5760        1.3337
    655.6104        1.3997
    655.6448        1.4206
    655.6792        1.5027
    655.7136        1.5954
    655.7480        1.7037
    655.7824        1.7983
    655.8168        1.9218
    655.8512        2.0884
    655.8856        2.2553
    655.9200        2.4495
    655.9544        2.6330
    655.9888        2.7969
    656.0232        2.9707
    656.0576        3.1125
    656.0920        3.2114
    656.1264        3.2696
    656.1608        3.1688
    656.1952        3.0954
    656.2296        2.9735
    656.2640        2.8669
    656.2984        2.8001
    656.3328        2.8432
    656.3672        2.9894
    656.4016        3.1289
    656.4360        3.2432
    656.4704        3.2058
    656.5048        3.1508
    656.5392        3.0567
    656.5736        2.9083
    656.6080        2.7415
    656.6424        2.5505
    656.6768        2.4208
    656.7112        2.2084
    656.7456        2.0383
    656.7800        1.9668
    656.8144        1.8062
    656.8488        1.7034
    656.8832        1.6010
    656.9176        1.4690
    656.9520        1.4278
    656.9864        1.3891
    657.0208        1.2929
    657.0552        1.2599
    657.0896        1.1714
    657.1240        1.2025
    657.1584        1.1329
    657.1928        1.1706
    657.2272        1.1296
    657.2616        1.0908
    657.2960        1.1394
    657.3304        1.1065
    657.3648        1.0987
    657.3992        1.0884
    657.4336        1.0721
    657.4680        1.0803
    657.5024        1.0753
    657.5368        1.0238
    657.5712        1.0572
    657.6056        1.0117
    657.6400        1.0081
    657.6744        1.0180
    657.7088        0.9980
    657.7432        0.9912
    657.7776        1.0320
    657.8120        1.0081
    657.8464        0.9983
    657.8808        1.0350
    657.9152        0.9858
    657.9496        1.0344
    657.9840        1.0404
    658.0184        0.9787
    658.0528        0.9986
    658.0872        0.9786
    658.1216        0.9799
    658.1560        1.0102
    658.1904        1.0386
    658.2248        1.0277
    658.2592        0.9935
    658.2936        1.0295
    658.3280        1.0146
    658.3624        0.9761
    658.3968        0.9825
    658.4312        0.9768
    658.4656        0.9870
    658.5000        0.9723
    658.5344        0.9741
    658.5688        1.0452
    658.6032        1.0352
    658.6376        1.0260
    658.6720        0.9663
    658.7064        0.9960
    658.7408        0.9737
    658.7752        0.9510
    658.8096        0.9439
    658.8440        0.9839
    658.8784        1.0378
    658.9128        1.0298
    658.9472        0.9936
    658.9816        1.0056
    659.0160        1.0034
    659.0504        0.9627
    659.0848        0.9981
    659.1192        0.9868
    659.1536        1.0128
    659.1880        0.9774
    659.2224        0.9931
    659.2568        0.9980
    659.2912        0.9664
    659.3256        1.0249
    659.3600        1.0186
    659.3944        0.9663
    659.4288        1.0271
    659.4632        0.9900
    659.4976        0.9873
    659.5320        0.9974
    659.5664        0.9640
    659.6008        0.9988
    659.6352        1.0282
    659.6696        0.9790
    659.7040        0.9875
    659.7384        0.9986
    659.7728        1.0041
    659.8072        1.0231
    659.8416        0.9761
    659.8760        1.0018
    659.9104        1.0159
    659.9448        0.9997
    659.9792        0.9806
    660.0136        1.0190
    660.0480        1.0108
    660.0824        0.9829
    660.1168        1.0379
    660.1512        1.0374
    660.1856        1.0381
    660.2200        1.0102
    660.2544        1.0062
    660.2888        0.9761
    660.3232        0.9491
    660.3576        1.0057
    660.3920        1.0250
    660.4264        1.0072
    660.4608        1.0053
    660.4952        0.9913
    660.5296        0.9787
    660.5640        0.9660
    660.5984        0.9866
    660.6328        1.0075
    660.6672        1.0028
    660.7016        0.9965
    660.7360        1.0096
    660.7704        0.9892
    660.8048        0.9524
    660.8392        0.9838
    660.8736        0.9981
    660.9080        0.9969
    660.9424        0.9685
    660.9768        1.0205
    661.0112        1.0024
    661.0456        0.9878
    661.0800        1.0019
    661.1144        0.9676
    661.1488        0.9955
    661.1832        0.9824
    661.2176        1.0024
    661.2520        1.0142
    661.2864        1.0119
    661.3208        0.9884
    661.3552        1.0182
    661.3896        0.9684
    661.4240        0.9624
    661.4584        0.9824
    661.4928        0.9648
    661.5272        1.0071
    661.5616        0.9667
    661.5960        0.9780
    661.6304        1.0342
    661.6648        1.0113
    661.6992        1.0133
    661.7336        1.0245
    661.7680        0.9650
    661.8024        0.9805
    661.8368        0.9649
    661.8712        0.9618
    661.9056        0.9715
    661.9400        0.9999
    661.9744        0.9877
    662.0088        0.9643
    662.0432        0.9864
    662.0776        0.9915
    662.1120        1.0106
    662.1464        1.0017
    662.1808        1.0134
    662.2152        1.0111
    662.2496        0.9947
    662.2840        1.0094
    662.3184        1.0486
    662.3528        1.0215
    662.3872        0.9629
    662.4216        1.0136
    662.4560        0.9582
    662.4904        0.9671
    662.5248        1.0113
    662.5592        0.9725
    662.5936        0.9754
    662.6280        0.9931
    662.6624        0.9808
    662.6968        1.0000
    662.7312        0.9951
    662.7656        0.9792
    662.8000        1.0239
    662.8344        1.0344
    662.8688        1.0204
    662.9032        1.0044
    662.9376        1.0273
    662.9720        0.9686
    663.0064        1.0039
    663.0408        1.0065
    663.0752        0.9765
    663.1096        0.9620
    663.1440        0.9837
    663.1784        1.0029
    663.2128        0.9775
    663.2472        1.0006
    663.2816        1.0196
    663.3160        0.9967
    663.3504        0.9717
    663.3848        1.0050
    663.4192        1.0462
    663.4536        0.9842
    663.4880        0.9949
    663.5224        1.0550
    663.5568        0.9823
    663.5912        0.9947
    663.6256        1.0249
    663.6600        1.0031
    663.6944        0.9944
    663.7288        0.9896
    663.7632        1.0503
    663.7976        1.0763
    663.8320        1.0280
    663.8664        1.0327
    663.9008        0.9782
    663.9352        1.0088
    663.9696        0.9738
    664.0040        0.9905
    664.0384        0.9823
    664.0728        0.9766
    664.1072        1.0176
    664.1416        0.9738
    664.1760        0.9861
    664.2104        1.0033
    664.2448        0.9935
    664.2792        1.0204
    664.3136        1.0168
    664.3480        1.0023
    664.3824        1.0222
    664.4168        1.0246
    664.4512        0.9947
    664.4856        1.0015
    664.5200        0.9933
    664.5544        1.0043
    664.5888        1.0261
    664.6232        1.0667
    664.6576        1.0113
    664.6920        1.0038
    664.7264        0.9822
    664.7608        0.9516
    664.7952        0.9691
    664.8296        0.9794
    664.8640        0.9961
    664.8984        1.0128
    664.9328        1.0074
    664.9672        1.0033
    665.0016        1.0222
    665.0360        0.9906
    665.0704        0.9897
    665.1048        0.9868
    665.1392        0.9819
    665.1736        0.9641
    665.2080        0.9915
    665.2424        0.9879
    665.2768        0.9693
    665.3112        0.9973
    665.3456        0.9940
    665.3800        1.0003
    665.4144        0.9934
    665.4488        0.9964
    665.4832        0.9672
    665.5176        0.9802
    665.5520        0.9915
    665.5864        1.0035
    665.6208        0.9867
    665.6552        0.9672
    665.6896        1.0258
    665.7240        1.0147
    665.7584        1.0151
    665.7928        0.9915
    665.8272        1.0109
    665.8616        0.9751
    665.8960        0.9959
    665.9304        0.9756
    665.9648        0.9477
    665.9992        0.9861
    666.0336        0.9940
    666.0680        0.9926
    666.1024        1.0072
    666.1368        0.9845
    666.1712        0.9489
    666.2056        1.0083
    666.2400        1.0186
    666.2744        0.9560
    666.3088        0.9554
    666.3432        0.9796
    666.3776        0.9779
    666.4120        0.9843
    666.4464        0.9708
    666.4808        0.9564
    666.5152        0.9987
    666.5496        1.0097
    666.5840        1.0042
    666.6184        1.0472
    666.6528        0.9787
    666.6872        0.9698
    666.7216        1.0220
    666.7560        0.9835
    666.7904        0.9989
    666.8248        1.0043
    666.8592        1.0089
    666.8936        0.9936
    666.9280        0.9606
    666.9624        0.9753
    666.9968        0.9693
    667.0312        0.9945
    667.0656        1.0034
    667.1000        0.9996
    667.1344        0.9739
    667.1688        0.9867
    667.2032        0.9927
    667.2376        1.0363
    667.2720        0.9746
    667.3064        0.9329
    667.3408        0.9802
    667.3752        1.0199
    667.4096        0.9909
    667.4440        0.9376
    667.4784        0.9821
    667.5128        0.9607
    667.5472        0.9982
    667.5816        0.9356
    667.6160        0.9449
    667.6504        0.9402
    667.6848        0.9492
    667.7192        0.9658
    667.7536        0.9661
    667.7880        0.9574
    667.8224        0.9290
    667.8568        0.9247
    667.8912        0.9488
    667.9256        0.9105
    667.9600        0.9701
    667.9944        0.9796
    668.0288        0.9953
    668.0632        0.9825
    668.0976        0.9936
    668.1320        0.9504
    668.1664        1.0005
    668.2008        0.9480
    668.2352        0.9686
    668.2696        0.9705
    668.3040        0.9705
    668.3384        0.9806
    668.3728        0.9557
    668.4072        1.0276
    668.4416        0.9795
    668.4760        0.9935
    668.5104        0.9706
    668.5448        0.9698
    668.5792        1.0175
    668.6136        0.9865
    668.6480        0.9958
    668.6824        1.0378
    668.7168        1.0408
    668.7512        0.9862
    668.7856        1.0588
    668.8200        1.0134
    668.8544        1.0347
    668.8888        0.9569
    668.9232        0.9725
    668.9576        1.0043
    668.9920        0.9264
    669.0264        0.9917
    669.0608        0.9969
    669.0952        0.9739
    669.1296        0.9885
    669.1640        1.0346
    669.1984        0.9985
    669.2328        0.9937
    669.2672        1.0112
    669.3016        1.0112
    669.3360        1.0077
    669.3704        1.0190
    669.4048        0.9918
    669.4392        0.9978
    669.4736        0.9472
    669.5080        1.0032
    669.5424        0.9908
    669.5768        1.0141
    669.6112        1.0101
    669.6456        1.0144
    669.6800        1.0412
    669.7144        0.9796
    669.7488        0.9954
    669.7832        1.0281
    669.8176        1.0030
    669.8520        0.9875
    669.8864        0.9522
    669.9208        1.0116
    669.9552        1.0054
    669.9896        1.0098
    670.0240        0.9520
    670.0584        1.0190
    670.0928        0.9633
    670.1272        0.9764
    670.1616        1.0258
    670.1960        0.9666
    670.2304        1.0096
    670.2648        0.9725
    670.2992        1.0337
    670.3336        1.0184
    670.3680        1.0467
    670.4024        0.9947
    670.4368        0.9695
    670.4712        1.0148
    670.5056        1.0134
    670.5400        1.0117
    670.5744        1.0230
    670.6088        1.0040
    670.6432        1.0229
    670.6776        0.9973
    670.7120        0.9932
    670.7464        1.0198
    670.7808        0.9884
    670.8152        0.9847
    670.8496        0.9939
    670.8840        1.0117
    670.9184        1.0176
    670.9528        0.9912
    670.9872        1.0239
    671.0216        1.0333
    671.0560        1.0050
    671.0904        0.9950
    671.1248        1.0362
    671.1592        0.9845
    671.1936        0.9813
    671.2280        1.0315
    671.2624        0.9980
    671.2968        0.9830
    671.3312        1.0004
    671.3656        0.9773
    671.4000        1.0298
    671.4344        0.9771
    671.4688        0.9652
    671.5032        0.9817
    671.5376        0.9879
    671.5720        0.9800
    671.6064        0.9764
    671.6408        0.9808
    671.6752        1.0121
    671.7096        0.9724
    671.7440        0.9792
    671.7784        0.9654
    671.8128        0.9649
    671.8472        0.9676
    671.8816        0.9214
    671.9160        0.9572
    671.9504        0.9848
    671.9848        0.9653
    672.0192        0.9879
    672.0536        1.0168
    672.0880        0.9984
    672.1224        0.9910
    672.1568        0.9822
    672.1912        0.9718
    672.2256        1.0100
    672.2600        1.0043
    672.2944        0.9808
    672.3288        0.9953
    672.3632        0.9592
    672.3976        0.9917
    672.4320        0.9925
    672.4664        0.9733
    672.5008        0.9918
    672.5352        1.0011
    672.5696        1.0013
    672.6040        1.0313
    672.6384        1.0134
    672.6728        0.9746
    672.7072        1.0000
    672.7416        1.0146
    672.7760        1.0013
    672.8104        0.9730
    672.8448        0.9824
    672.8792        1.0037
    672.9136        0.9535
    672.9480        0.9515
    672.9824        0.9986
    673.0168        1.0002
    673.0512        0.9914
    673.0856        0.9938
    673.1200        0.9631
    673.1544        0.9557
    673.1888        0.9516
    673.2232        0.9813
    673.2576        1.0033
    673.2920        0.9725
    673.3264        0.9964
    673.3608        0.9670
    673.3952        0.9647
    673.4296        1.0123
    673.4640        0.9919
    673.4984        0.9736
    673.5328        1.0035
    673.5672        0.9820
    673.6016        0.9857
    673.6360        1.0117
    673.6704        1.0115
    673.7048        0.9875
    673.7392        0.9939
    673.7736        1.0023
    673.8080        0.9414
    673.8424        0.9774
    673.8768        0.9894
    673.9112        0.9693
