    650.3373        0.9939
    650.3414        0.9968
    650.3456        0.9998
    650.3497        1.0027
    650.3539        1.0053
    650.3580        1.0076
    650.3621        1.0090
    650.3663        1.0092
    650.3704        1.0080
    650.3746        1.0054
    650.3787        1.0019
    650.3829        0.9980
    650.3870        0.9946
    650.3912        0.9916
    650.3953        0.9887
    650.3995        0.9851
    650.4036        0.9803
    650.4078        0.9743
    650.4119        0.9681
    650.4160        0.9631
    650.4202        0.9611
    650.4243        0.9628
    650.4285        0.9678
    650.4326        0.9749
    650.4368        0.9828
    650.4409        0.9903
    650.4451        0.9968
    650.4492        1.0024
    650.4534        1.0077
    650.4575        1.0133
    650.4616        1.0191
    650.4658        1.0245
    650.4699        1.0287
    650.4741        1.0315
    650.4782        1.0327
    650.4824        1.0320
    650.4865        1.0294
    650.4907        1.0252
    650.4948        1.0208
    650.4990        1.0181
    650.5031        1.0183
    650.5073        1.0213
    650.5114        1.0260
    650.5155        1.0305
    650.5197        1.0330
    650.5238        1.0326
    650.5280        1.0291
    650.5321        1.0237
    650.5363        1.0180
    650.5404        1.0138
    650.5446        1.0120
    650.5487        1.0127
    650.5529        1.0150
    650.5570        1.0181
    650.5612        1.0211
    650.5653        1.0235
    650.5694        1.0251
    650.5736        1.0258
    650.5777        1.0254
    650.5819        1.0239
    650.5860        1.0215
    650.5902        1.0190
    650.5943        1.0170
    650.5985        1.0161
    650.6026        1.0165
    650.6068        1.0182
    650.6109        1.0211
    650.6150        1.0241
    650.6192        1.0264
    650.6233        1.0275
    650.6275        1.0281
    650.6316        1.0290
    650.6358        1.0306
    650.6399        1.0319
    650.6441        1.0316
    650.6482        1.0290
    650.6524        1.0250
    650.6565        1.0216
    650.6607        1.0203
    650.6648        1.0210
    650.6689        1.0229
    650.6731        1.0246
    650.6772        1.0252
    650.6814        1.0243
    650.6855        1.0221
    650.6897        1.0186
    650.6938        1.0144
    650.6980        1.0102
    650.7021        1.0067
    650.7063        1.0044
    650.7104        1.0035
    650.7145        1.0038
    650.7187        1.0050
    650.7228        1.0070
    650.7270        1.0098
    650.7311        1.0128
    650.7353        1.0153
    650.7394        1.0167
    650.7436        1.0164
    650.7477        1.0145
    650.7519        1.0115
    650.7560        1.0082
    650.7602        1.0053
    650.7643        1.0030
    650.7684        1.0014
    650.7726        1.0008
    650.7767        1.0015
    650.7809        1.0037
    650.7850        1.0067
    650.7892        1.0090
    650.7933        1.0096
    650.7975        1.0088
    650.8016        1.0080
    650.8058        1.0083
    650.8099        1.0099
    650.8141        1.0120
    650.8182        1.0130
    650.8223        1.0116
    650.8265        1.0063
    650.8306        0.9964
    650.8348        0.9826
    650.8389        0.9669
    650.8431        0.9521
    650.8472        0.9407
    650.8514        0.9341
    650.8555        0.9330
    650.8597        0.9373
    650.8638        0.9462
    650.8679        0.9578
    650.8721        0.9697
    650.8762        0.9802
    650.8804        0.9881
    650.8845        0.9935
    650.8887        0.9973
    650.8928        1.0003
    650.8970        1.0033
    650.9011        1.0070
    650.9053        1.0114
    650.9094        1.0161
    650.9136        1.0205
    650.9177        1.0237
    650.9218        1.0253
    650.9260        1.0258
    650.9301        1.0253
    650.9343        1.0240
    650.9384        1.0218
    650.9426        1.0191
    650.9467        1.0166
    650.9509        1.0150
    650.9550        1.0149
    650.9592        1.0166
    650.9633        1.0198
    650.9675        1.0239
    650.9716        1.0278
    650.9757        1.0305
    650.9799        1.0316
    650.9840        1.0315
    650.9882        1.0308
    650.9923        1.0294
    650.9965        1.0268
    651.0006        1.0224
    651.0048        1.0166
    651.0089        1.0109
    651.0131        1.0067
    651.0172        1.0044
    651.0213        1.0038
    651.0255        1.0044
    651.0296        1.0063
    651.0338        1.0099
    651.0379        1.0152
    651.0421        1.0211
    651.0462        1.0258
    651.0504        1.0284
    651.0545        1.0292
    651.0587        1.0294
    651.0628        1.0302
    651.0670        1.0314
    651.0711        1.0323
    651.0752        1.0325
    651.0794        1.0323
    651.0835        1.0324
    651.0877        1.0331
    651.0918        1.0336
    651.0960        1.0326
    651.1001        1.0296
    651.1043        1.0251
    651.1084        1.0209
    651.1126        1.0186
    651.1167        1.0188
    651.1208        1.0207
    651.1250        1.0231
    651.1291        1.0254
    651.1333        1.0276
    651.1374        1.0300
    651.1416        1.0320
    651.1457        1.0327
    651.1499        1.0316
    651.1540        1.0289
    651.1582        1.0253
    651.1623        1.0212
    651.1665        1.0160
    651.1706        1.0088
    651.1747        0.9991
    651.1789        0.9871
    651.1830        0.9741
    651.1872        0.9623
    651.1913        0.9537
    651.1955        0.9493
    651.1996        0.9488
    651.2038        0.9506
    651.2079        0.9525
    651.2121        0.9530
    651.2162        0.9521
    651.2204        0.9511
    651.2245        0.9518
    651.2286        0.9552
    651.2328        0.9611
    651.2369        0.9682
    651.2411        0.9754
    651.2452        0.9818
    651.2494        0.9875
    651.2535        0.9928
    651.2577        0.9980
    651.2618        1.0033
    651.2660        1.0086
    651.2701        1.0139
    651.2742        1.0190
    651.2784        1.0238
    651.2825        1.0282
    651.2867        1.0315
    651.2908        1.0337
    651.2950        1.0346
    651.2991        1.0349
    651.3033        1.0351
    651.3074        1.0356
    651.3116        1.0363
    651.3157        1.0365
    651.3199        1.0355
    651.3240        1.0330
    651.3281        1.0298
    651.3323        1.0267
    651.3364        1.0236
    651.3406        1.0202
    651.3447        1.0161
    651.3489        1.0119
    651.3530        1.0085
    651.3572        1.0066
    651.3613        1.0057
    651.3655        1.0054
    651.3696        1.0056
    651.3738        1.0067
    651.3779        1.0090
    651.3820        1.0117
    651.3862        1.0132
    651.3903        1.0127
    651.3945        1.0099
    651.3986        1.0060
    651.4028        1.0025
    651.4069        1.0006
    651.4111        1.0006
    651.4152        1.0015
    651.4194        1.0016
    651.4235        0.9991
    651.4276        0.9934
    651.4318        0.9854
    651.4359        0.9762
    651.4401        0.9662
    651.4442        0.9546
    651.4484        0.9401
    651.4525        0.9222
    651.4567        0.9019
    651.4608        0.8818
    651.4650        0.8653
    651.4691        0.8552
    651.4733        0.8534
    651.4774        0.8602
    651.4815        0.8748
    651.4857        0.8947
    651.4898        0.9169
    651.4940        0.9382
    651.4981        0.9564
    651.5023        0.9704
    651.5064        0.9805
    651.5106        0.9877
    651.5147        0.9928
    651.5189        0.9965
    651.5230        0.9988
    651.5271        0.9998
    651.5313        1.0000
    651.5354        0.9999
    651.5396        1.0002
    651.5437        1.0008
    651.5479        1.0012
    651.5520        1.0003
    651.5562        0.9971
    651.5603        0.9910
    651.5645        0.9823
    651.5686        0.9722
    651.5728        0.9628
    651.5769        0.9562
    651.5810        0.9541
    651.5852        0.9564
    651.5893        0.9619
    651.5935        0.9686
    651.5976        0.9743
    651.6018        0.9773
    651.6059        0.9767
    651.6101        0.9726
    651.6142        0.9657
    651.6184        0.9564
    651.6225        0.9439
    651.6267        0.9263
    651.6308        0.9023
    651.6349        0.8726
    651.6391        0.8401
    651.6432        0.8086
    651.6474        0.7821
    651.6515        0.7634
    651.6557        0.7548
    651.6598        0.7570
    651.6640        0.7694
    651.6681        0.7900
    651.6723        0.8155
    651.6764        0.8427
    651.6805        0.8688
    651.6847        0.8916
    651.6888        0.9091
    651.6930        0.9199
    651.6971        0.9243
    651.7013        0.9243
    651.7054        0.9233
    651.7096        0.9244
    651.7137        0.9296
    651.7179        0.9390
    651.7220        0.9521
    651.7262        0.9673
    651.7303        0.9830
    651.7344        0.9965
    651.7386        1.0061
    651.7427        1.0112
    651.7469        1.0128
    651.7510        1.0119
    651.7552        1.0092
    651.7593        1.0050
    651.7635        0.9999
    651.7676        0.9950
    651.7718        0.9907
    651.7759        0.9863
    651.7800        0.9808
    651.7842        0.9737
    651.7883        0.9661
    651.7925        0.9596
    651.7966        0.9555
    651.8008        0.9547
    651.8049        0.9573
    651.8091        0.9631
    651.8132        0.9714
    651.8174        0.9806
    651.8215        0.9887
    651.8257        0.9943
    651.8298        0.9968
    651.8339        0.9973
    651.8381        0.9972
    651.8422        0.9973
    651.8464        0.9976
    651.8505        0.9976
    651.8547        0.9968
    651.8588        0.9957
    651.8630        0.9947
    651.8671        0.9944
    651.8713        0.9946
    651.8754        0.9951
    651.8796        0.9957
    651.8837        0.9967
    651.8878        0.9980
    651.8920        0.9990
    651.8961        0.9987
    651.9003        0.9961
    651.9044        0.9908
    651.9086        0.9835
    651.9127        0.9754
    651.9169        0.9671
    651.9210        0.9586
    651.9252        0.9497
    651.9293        0.9402
    651.9334        0.9310
    651.9376        0.9235
    651.9417        0.9192
    651.9459        0.9190
    651.9500        0.9225
    651.9542        0.9289
    651.9583        0.9372
    651.9625        0.9470
    651.9666        0.9579
    651.9708        0.9691
    651.9749        0.9801
    651.9791        0.9906
    651.9832        1.0006
    651.9873        1.0097
    651.9915        1.0176
    651.9956        1.0236
    651.9998        1.0277
    652.0039        1.0296
    652.0081        1.0293
    652.0122        1.0268
    652.0164        1.0223
    652.0205        1.0169
    652.0247        1.0119
    652.0288        1.0084
    652.0330        1.0066
    652.0371        1.0064
    652.0412        1.0070
    652.0454        1.0081
    652.0495        1.0095
    652.0537        1.0107
    652.0578        1.0117
    652.0620        1.0125
    652.0661        1.0134
    652.0703        1.0148
    652.0744        1.0171
    652.0786        1.0201
    652.0827        1.0231
    652.0868        1.0254
    652.0910        1.0263
    652.0951        1.0259
    652.0993        1.0246
    652.1034        1.0232
    652.1076        1.0219
    652.1117        1.0209
    652.1159        1.0200
    652.1200        1.0194
    652.1242        1.0190
    652.1283        1.0191
    652.1325        1.0196
    652.1366        1.0206
    652.1407        1.0214
    652.1449        1.0215
    652.1490        1.0202
    652.1532        1.0178
    652.1573        1.0149
    652.1615        1.0124
    652.1656        1.0105
    652.1698        1.0090
    652.1739        1.0080
    652.1781        1.0073
    652.1822        1.0066
    652.1863        1.0053
    652.1905        1.0027
    652.1946        0.9992
    652.1988        0.9956
    652.2029        0.9926
    652.2071        0.9903
    652.2112        0.9882
    652.2154        0.9863
    652.2195        0.9855
    652.2237        0.9870
    652.2278        0.9913
    652.2320        0.9980
    652.2361        1.0055
    652.2402        1.0121
    652.2444        1.0167
    652.2485        1.0186
    652.2527        1.0177
    652.2568        1.0146
    652.2610        1.0103
    652.2651        1.0065
    652.2693        1.0043
    652.2734        1.0043
    652.2776        1.0063
    652.2817        1.0097
    652.2859        1.0133
    652.2900        1.0162
    652.2941        1.0172
    652.2983        1.0160
    652.3024        1.0126
    652.3066        1.0076
    652.3107        1.0020
    652.3149        0.9964
    652.3190        0.9912
    652.3232        0.9862
    652.3273        0.9819
    652.3315        0.9785
    652.3356        0.9761
    652.3397        0.9735
    652.3439        0.9687
    652.3480        0.9601
    652.3522        0.9481
    652.3563        0.9342
    652.3605        0.9208
    652.3646        0.9091
    652.3688        0.8997
    652.3729        0.8928
    652.3771        0.8888
    652.3812        0.8883
    652.3854        0.8917
    652.3895        0.8995
    652.3936        0.9115
    652.3978        0.9271
    652.4019        0.9448
    652.4061        0.9627
    652.4102        0.9786
    652.4144        0.9908
    652.4185        0.9986
    652.4227        1.0027
    652.4268        1.0047
    652.4310        1.0063
    652.4351        1.0084
    652.4393        1.0108
    652.4434        1.0128
    652.4475        1.0133
    652.4517        1.0121
    652.4558        1.0100
    652.4600        1.0086
    652.4641        1.0089
    652.4683        1.0109
    652.4724        1.0134
    652.4766        1.0160
    652.4807        1.0190
    652.4849        1.0230
    652.4890        1.0277
    652.4931        1.0318
    652.4973        1.0338
    652.5014        1.0331
    652.5056        1.0302
    652.5097        1.0261
    652.5139        1.0217
    652.5180        1.0178
    652.5222        1.0146
    652.5263        1.0124
    652.5305        1.0113
    652.5346        1.0112
    652.5388        1.0109
    652.5429        1.0097
    652.5470        1.0076
    652.5512        1.0059
    652.5553        1.0054
    652.5595        1.0056
    652.5636        1.0047
    652.5678        1.0016
    652.5719        0.9966
    652.5761        0.9913
    652.5802        0.9878
    652.5844        0.9867
    652.5885        0.9874
    652.5926        0.9886
    652.5968        0.9897
    652.6009        0.9912
    652.6051        0.9940
    652.6092        0.9985
    652.6134        1.0042
    652.6175        1.0096
    652.6217        1.0137
    652.6258        1.0155
    652.6300        1.0153
    652.6341        1.0139
    652.6383        1.0121
    652.6424        1.0106
    652.6465        1.0098
    652.6507        1.0099
    652.6548        1.0107
    652.6590        1.0118
    652.6631        1.0128
    652.6673        1.0135
    652.6714        1.0147
    652.6756        1.0167
    652.6797        1.0195
    652.6839        1.0222
    652.6880        1.0235
    652.6922        1.0228
    652.6963        1.0207
    652.7004        1.0186
    652.7046        1.0178
    652.7087        1.0188
    652.7129        1.0213
    652.7170        1.0246
    652.7212        1.0276
    652.7253        1.0294
    652.7295        1.0292
    652.7336        1.0266
    652.7378        1.0225
    652.7419        1.0181
    652.7460        1.0141
    652.7502        1.0109
    652.7543        1.0087
    652.7585        1.0079
    652.7626        1.0087
    652.7668        1.0102
    652.7709        1.0109
    652.7751        1.0098
    652.7792        1.0072
    652.7834        1.0042
    652.7875        1.0021
    652.7917        1.0013
    652.7958        1.0010
    652.7999        1.0007
    652.8041        1.0002
    652.8082        1.0006
    652.8124        1.0026
    652.8165        1.0058
    652.8207        1.0091
    652.8248        1.0110
    652.8290        1.0114
    652.8331        1.0106
    652.8373        1.0097
    652.8414        1.0090
    652.8456        1.0084
    652.8497        1.0077
    652.8538        1.0070
    652.8580        1.0069
    652.8621        1.0074
    652.8663        1.0085
    652.8704        1.0095
    652.8746        1.0103
    652.8787        1.0107
    652.8829        1.0111
    652.8870        1.0111
    652.8912        1.0107
    652.8953        1.0098
    652.8994        1.0089
    652.9036        1.0090
    652.9077        1.0112
    652.9119        1.0155
    652.9160        1.0210
    652.9202        1.0262
    652.9243        1.0299
    652.9285        1.0312
    652.9326        1.0303
    652.9368        1.0278
    652.9409        1.0249
    652.9451        1.0230
    652.9492        1.0228
    652.9533        1.0241
    652.9575        1.0257
    652.9616        1.0267
    652.9658        1.0266
    652.9699        1.0257
    652.9741        1.0243
    652.9782        1.0225
    652.9824        1.0204
    652.9865        1.0179
    652.9907        1.0151
    652.9948        1.0124
    652.9989        1.0103
    653.0031        1.0090
    653.0072        1.0083
    653.0114        1.0076
    653.0155        1.0066
    653.0197        1.0056
    653.0238        1.0052
    653.0280        1.0052
    653.0321        1.0047
    653.0363        1.0027
    653.0404        0.9991
    653.0446        0.9944
    653.0487        0.9895
    653.0528        0.9846
    653.0570        0.9800
    653.0611        0.9767
    653.0653        0.9764
    653.0694        0.9807
    653.0736        0.9890
    653.0777        0.9987
    653.0819        1.0069
    653.0860        1.0118
    653.0902        1.0134
    653.0943        1.0130
    653.0985        1.0115
    653.1026        1.0093
    653.1067        1.0068
    653.1109        1.0043
    653.1150        1.0022
    653.1192        1.0009
    653.1233        1.0007
    653.1275        1.0018
    653.1316        1.0041
    653.1358        1.0071
    653.1399        1.0099
    653.1441        1.0116
    653.1482        1.0117
    653.1523        1.0100
    653.1565        1.0071
    653.1606        1.0039
    653.1648        1.0009
    653.1689        0.9986
    653.1731        0.9971
    653.1772        0.9967
    653.1814        0.9977
    653.1855        0.9999
    653.1897        1.0023
    653.1938        1.0033
    653.1980        1.0013
    653.2021        0.9954
    653.2062        0.9857
    653.2104        0.9731
    653.2145        0.9585
    653.2187        0.9430
    653.2228        0.9271
    653.2270        0.9115
    653.2311        0.8981
    653.2353        0.8894
    653.2394        0.8875
    653.2436        0.8931
    653.2477        0.9049
    653.2519        0.9203
    653.2560        0.9364
    653.2601        0.9507
    653.2643        0.9619
    653.2684        0.9693
    653.2726        0.9738
    653.2767        0.9768
    653.2809        0.9803
    653.2850        0.9858
    653.2892        0.9934
    653.2933        1.0014
    653.2975        1.0080
    653.3016        1.0117
    653.3057        1.0130
    653.3099        1.0131
    653.3140        1.0133
    653.3182        1.0142
    653.3223        1.0154
    653.3265        1.0159
    653.3306        1.0148
    653.3348        1.0117
    653.3389        1.0069
    653.3431        1.0018
    653.3472        0.9980
    653.3514        0.9960
    653.3555        0.9953
    653.3596        0.9946
    653.3638        0.9933
    653.3679        0.9913
    653.3721        0.9890
    653.3762        0.9860
    653.3804        0.9815
    653.3845        0.9744
    653.3887        0.9647
    653.3928        0.9537
    653.3970        0.9432
    653.4011        0.9354
    653.4052        0.9318
    653.4094        0.9335
    653.4135        0.9401
    653.4177        0.9502
    653.4218        0.9615
    653.4260        0.9723
    653.4301        0.9817
    653.4343        0.9894
    653.4384        0.9951
    653.4426        0.9986
    653.4467        0.9997
    653.4509        0.9991
    653.4550        0.9975
    653.4591        0.9952
    653.4633        0.9922
    653.4674        0.9889
    653.4716        0.9859
    653.4757        0.9840
    653.4799        0.9833
    653.4840        0.9837
    653.4882        0.9852
    653.4923        0.9878
    653.4965        0.9918
    653.5006        0.9964
    653.5048        1.0004
    653.5089        1.0027
    653.5130        1.0031
    653.5172        1.0023
    653.5213        1.0008
    653.5255        0.9991
    653.5296        0.9974
    653.5338        0.9964
    653.5379        0.9971
    653.5421        1.0002
    653.5462        1.0058
    653.5504        1.0133
    653.5545        1.0218
    653.5586        1.0298
    653.5628        1.0361
    653.5669        1.0391
    653.5711        1.0379
    653.5752        1.0330
    653.5794        1.0262
    653.5835        1.0202
    653.5877        1.0161
    653.5918        1.0132
    653.5960        1.0098
    653.6001        1.0048
    653.6043        0.9987
    653.6084        0.9928
    653.6125        0.9887
    653.6167        0.9875
    653.6208        0.9890
    653.6250        0.9923
    653.6291        0.9958
    653.6333        0.9981
    653.6374        0.9988
    653.6416        0.9980
    653.6457        0.9961
    653.6499        0.9933
    653.6540        0.9894
    653.6582        0.9839
    653.6623        0.9773
    653.6664        0.9704
    653.6706        0.9646
    653.6747        0.9608
    653.6789        0.9596
    653.6830        0.9610
    653.6872        0.9645
    653.6913        0.9695
    653.6955        0.9750
    653.6996        0.9799
    653.7038        0.9835
    653.7079        0.9856
    653.7120        0.9867
    653.7162        0.9869
    653.7203        0.9868
    653.7245        0.9867
    653.7286        0.9867
    653.7328        0.9870
    653.7369        0.9879
    653.7411        0.9900
    653.7452        0.9939
    653.7494        0.9994
    653.7535        1.0054
    653.7577        1.0100
    653.7618        1.0121
    653.7659        1.0117
    653.7701        1.0100
    653.7742        1.0085
    653.7784        1.0079
    653.7825        1.0079
    653.7867        1.0074
    653.7908        1.0055
    653.7950        1.0022
    653.7991        0.9985
    653.8033        0.9955
    653.8074        0.9941
    653.8115        0.9946
    653.8157        0.9965
    653.8198        0.9992
    653.8240        1.0017
    653.8281        1.0030
    653.8323        1.0031
    653.8364        1.0023
    653.8406        1.0010
    653.8447        0.9993
    653.8489        0.9978
    653.8530        0.9969
    653.8572        0.9968
    653.8613        0.9972
    653.8654        0.9977
    653.8696        0.9978
    653.8737        0.9978
    653.8779        0.9985
    653.8820        1.0006
    653.8862        1.0040
    653.8903        1.0071
    653.8945        1.0083
    653.8986        1.0067
    653.9028        1.0028
    653.9069        0.9979
    653.9111        0.9930
    653.9152        0.9885
    653.9193        0.9850
    653.9235        0.9833
    653.9276        0.9840
    653.9318        0.9866
    653.9359        0.9896
    653.9401        0.9915
    653.9442        0.9916
    653.9484        0.9903
    653.9525        0.9883
    653.9567        0.9864
    653.9608        0.9855
    653.9649        0.9862
    653.9691        0.9888
    653.9732        0.9933
    653.9774        0.9994
    653.9815        1.0061
    653.9857        1.0123
    653.9898        1.0164
    653.9940        1.0172
    653.9981        1.0140
    654.0023        1.0072
    654.0064        0.9988
    654.0106        0.9910
    654.0147        0.9855
    654.0188        0.9828
    654.0230        0.9820
    654.0271        0.9824
    654.0313        0.9834
    654.0354        0.9851
    654.0396        0.9877
    654.0437        0.9911
    654.0479        0.9947
    654.0520        0.9978
    654.0562        1.0001
    654.0603        1.0018
    654.0645        1.0031
    654.0686        1.0035
    654.0727        1.0022
    654.0769        0.9985
    654.0810        0.9933
    654.0852        0.9887
    654.0893        0.9873
    654.0935        0.9900
    654.0976        0.9963
    654.1018        1.0039
    654.1059        1.0102
    654.1101        1.0133
    654.1142        1.0128
    654.1183        1.0095
    654.1225        1.0050
    654.1266        1.0001
    654.1308        0.9951
    654.1349        0.9897
    654.1391        0.9842
    654.1432        0.9793
    654.1474        0.9762
    654.1515        0.9754
    654.1557        0.9764
    654.1598        0.9781
    654.1640        0.9795
    654.1681        0.9799
    654.1722        0.9794
    654.1764        0.9782
    654.1805        0.9768
    654.1847        0.9755
    654.1888        0.9743
    654.1930        0.9730
    654.1971        0.9711
    654.2013        0.9683
    654.2054        0.9646
    654.2096        0.9601
    654.2137        0.9551
    654.2178        0.9498
    654.2220        0.9447
    654.2261        0.9405
    654.2303        0.9386
    654.2344        0.9399
    654.2386        0.9449
    654.2427        0.9523
    654.2469        0.9602
    654.2510        0.9664
    654.2552        0.9696
    654.2593        0.9698
    654.2635        0.9680
    654.2676        0.9651
    654.2717        0.9619
    654.2759        0.9591
    654.2800        0.9570
    654.2842        0.9558
    654.2883        0.9558
    654.2925        0.9569
    654.2966        0.9592
    654.3008        0.9624
    654.3049        0.9660
    654.3091        0.9688
    654.3132        0.9697
    654.3174        0.9684
    654.3215        0.9661
    654.3256        0.9644
    654.3298        0.9644
    654.3339        0.9660
    654.3381        0.9678
    654.3422        0.9685
    654.3464        0.9665
    654.3505        0.9611
    654.3547        0.9524
    654.3588        0.9406
    654.3630        0.9263
    654.3671        0.9091
    654.3712        0.8887
    654.3754        0.8653
    654.3795        0.8404
    654.3837        0.8176
    654.3878        0.8011
    654.3920        0.7946
    654.3961        0.7999
    654.4003        0.8159
    654.4044        0.8393
    654.4086        0.8661
    654.4127        0.8921
    654.4169        0.9148
    654.4210        0.9326
    654.4251        0.9453
    654.4293        0.9534
    654.4334        0.9581
    654.4376        0.9608
    654.4417        0.9628
    654.4459        0.9648
    654.4500        0.9670
    654.4542        0.9693
    654.4583        0.9712
    654.4625        0.9725
    654.4666        0.9727
    654.4707        0.9719
    654.4749        0.9706
    654.4790        0.9690
    654.4832        0.9673
    654.4873        0.9652
    654.4915        0.9629
    654.4956        0.9607
    654.4998        0.9593
    654.5039        0.9593
    654.5081        0.9607
    654.5122        0.9628
    654.5164        0.9640
    654.5205        0.9630
    654.5246        0.9594
    654.5288        0.9538
    654.5329        0.9478
    654.5371        0.9430
    654.5412        0.9401
    654.5454        0.9389
    654.5495        0.9385
    654.5537        0.9380
    654.5578        0.9371
    654.5620        0.9358
    654.5661        0.9345
    654.5703        0.9332
    654.5744        0.9320
    654.5785        0.9310
    654.5827        0.9303
    654.5868        0.9301
    654.5910        0.9305
    654.5951        0.9314
    654.5993        0.9327
    654.6034        0.9347
    654.6076        0.9372
    654.6117        0.9404
    654.6159        0.9441
    654.6200        0.9481
    654.6241        0.9525
    654.6283        0.9570
    654.6324        0.9608
    654.6366        0.9633
    654.6407        0.9638
    654.6449        0.9628
    654.6490        0.9609
    654.6532        0.9590
    654.6573        0.9571
    654.6615        0.9553
    654.6656        0.9531
    654.6698        0.9503
    654.6739        0.9473
    654.6780        0.9444
    654.6822        0.9421
    654.6863        0.9405
    654.6905        0.9394
    654.6946        0.9385
    654.6988        0.9377
    654.7029        0.9372
    654.7071        0.9374
    654.7112        0.9391
    654.7154        0.9423
    654.7195        0.9461
    654.7237        0.9485
    654.7278        0.9479
    654.7319        0.9439
    654.7361        0.9373
    654.7402        0.9288
    654.7444        0.9192
    654.7485        0.9088
    654.7527        0.8984
    654.7568        0.8888
    654.7610        0.8806
    654.7651        0.8741
    654.7693        0.8698
    654.7734        0.8688
    654.7775        0.8721
    654.7817        0.8798
    654.7858        0.8906
    654.7900        0.9025
    654.7941        0.9136
    654.7983        0.9225
    654.8024        0.9284
    654.8066        0.9313
    654.8107        0.9316
    654.8149        0.9307
    654.8190        0.9294
    654.8232        0.9275
    654.8273        0.9237
    654.8314        0.9166
    654.8356        0.9059
    654.8397        0.8919
    654.8439        0.8758
    654.8480        0.8588
    654.8522        0.8421
    654.8563        0.8273
    654.8605        0.8161
    654.8646        0.8106
    654.8688        0.8121
    654.8729        0.8204
    654.8770        0.8332
    654.8812        0.8478
    654.8853        0.8618
    654.8895        0.8740
    654.8936        0.8842
    654.8978        0.8924
    654.9019        0.8983
    654.9061        0.9021
    654.9102        0.9039
    654.9144        0.9043
    654.9185        0.9039
    654.9227        0.9035
    654.9268        0.9037
    654.9309        0.9051
    654.9351        0.9080
    654.9392        0.9126
    654.9434        0.9185
    654.9475        0.9244
    654.9517        0.9293
    654.9558        0.9326
    654.9600        0.9343
    654.9641        0.9350
    654.9683        0.9353
    654.9724        0.9354
    654.9766        0.9354
    654.9807        0.9354
    654.9848        0.9349
    654.9890        0.9337
    654.9931        0.9312
    654.9973        0.9279
    655.0014        0.9241
    655.0056        0.9208
    655.0097        0.9187
    655.0139        0.9181
    655.0180        0.9187
    655.0222        0.9200
    655.0263        0.9216
    655.0304        0.9234
    655.0346        0.9250
    655.0387        0.9259
    655.0429        0.9256
    655.0470        0.9236
    655.0512        0.9208
    655.0553        0.9181
    655.0595        0.9166
    655.0636        0.9158
    655.0678        0.9148
    655.0719        0.9129
    655.0761        0.9104
    655.0802        0.9087
    655.0843        0.9085
    655.0885        0.9095
    655.0926        0.9104
    655.0968        0.9104
    655.1009        0.9094
    655.1051        0.9083
    655.1092        0.9074
    655.1134        0.9068
    655.1175        0.9059
    655.1217        0.9045
    655.1258        0.9030
    655.1300        0.9023
    655.1341        0.9026
    655.1382        0.9038
    655.1424        0.9052
    655.1465        0.9061
    655.1507        0.9064
    655.1548        0.9061
    655.1590        0.9054
    655.1631        0.9046
    655.1673        0.9039
    655.1714        0.9027
    655.1756        0.9005
    655.1797        0.8966
    655.1838        0.8918
    655.1880        0.8873
    655.1921        0.8843
    655.1963        0.8829
    655.2004        0.8824
    655.2046        0.8819
    655.2087        0.8807
    655.2129        0.8784
    655.2170        0.8750
    655.2212        0.8702
    655.2253        0.8641
    655.2295        0.8572
    655.2336        0.8500
    655.2377        0.8420
    655.2419        0.8318
    655.2460        0.8185
    655.2502        0.8024
    655.2543        0.7855
    655.2585        0.7705
    655.2626        0.7606
    655.2668        0.7579
    655.2709        0.7632
    655.2751        0.7757
    655.2792        0.7929
    655.2833        0.8117
    655.2875        0.8293
    655.2916        0.8435
    655.2958        0.8538
    655.2999        0.8607
    655.3041        0.8656
    655.3082        0.8695
    655.3124        0.8732
    655.3165        0.8764
    655.3207        0.8786
    655.3248        0.8793
    655.3290        0.8781
    655.3331        0.8750
    655.3372        0.8706
    655.3414        0.8652
    655.3455        0.8599
    655.3497        0.8553
    655.3538        0.8517
    655.3580        0.8489
    655.3621        0.8462
    655.3663        0.8428
    655.3704        0.8382
    655.3746        0.8327
    655.3787        0.8273
    655.3829        0.8237
    655.3870        0.8233
    655.3911        0.8268
    655.3953        0.8333
    655.3994        0.8415
    655.4036        0.8499
    655.4077        0.8578
    655.4119        0.8649
    655.4160        0.8709
    655.4202        0.8757
    655.4243        0.8793
    655.4285        0.8815
    655.4326        0.8819
    655.4367        0.8801
    655.4409        0.8761
    655.4450        0.8713
    655.4492        0.8676
    655.4533        0.8666
    655.4575        0.8684
    655.4616        0.8713
    655.4658        0.8734
    655.4699        0.8735
    655.4741        0.8717
    655.4782        0.8685
    655.4824        0.8647
    655.4865        0.8616
    655.4906        0.8605
    655.4948        0.8619
    655.4989        0.8649
    655.5031        0.8680
    655.5072        0.8702
    655.5114        0.8715
    655.5155        0.8728
    655.5197        0.8741
    655.5238        0.8750
    655.5280        0.8748
    655.5321        0.8734
    655.5363        0.8713
    655.5404        0.8693
    655.5445        0.8687
    655.5487        0.8700
    655.5528        0.8727
    655.5570        0.8756
    655.5611        0.8776
    655.5653        0.8784
    655.5694        0.8785
    655.5736        0.8787
    655.5777        0.8803
    655.5819        0.8837
    655.5860        0.8885
    655.5901        0.8930
    655.5943        0.8958
    655.5984        0.8959
    655.6026        0.8938
    655.6067        0.8905
    655.6109        0.8875
    655.6150        0.8859
    655.6192        0.8861
    655.6233        0.8880
    655.6275        0.8910
    655.6316        0.8943
    655.6358        0.8974
    655.6399        0.8999
    655.6440        0.9014
    655.6482        0.9025
    655.6523        0.9038
    655.6565        0.9062
    655.6606        0.9096
    655.6648        0.9128
    655.6689        0.9145
    655.6731        0.9141
    655.6772        0.9119
    655.6814        0.9086
    655.6855        0.9047
    655.6896        0.9004
    655.6938        0.8956
    655.6979        0.8901
    655.7021        0.8838
    655.7062        0.8774
    655.7104        0.8717
    655.7145        0.8683
    655.7187        0.8681
    655.7228        0.8719
    655.7270        0.8798
    655.7311        0.8909
    655.7353        0.9039
    655.7394        0.9172
    655.7435        0.9297
    655.7477        0.9410
    655.7518        0.9514
    655.7560        0.9609
    655.7601        0.9695
    655.7643        0.9769
    655.7684        0.9829
    655.7726        0.9873
    655.7767        0.9899
    655.7809        0.9906
    655.7850        0.9902
    655.7892        0.9896
    655.7933        0.9899
    655.7974        0.9909
    655.8016        0.9923
    655.8057        0.9939
    655.8099        0.9964
    655.8140        1.0009
    655.8182        1.0086
    655.8223        1.0195
    655.8265        1.0324
    655.8306        1.0456
    655.8348        1.0576
    655.8389        1.0679
    655.8430        1.0769
    655.8472        1.0856
    655.8513        1.0952
    655.8555        1.1063
    655.8596        1.1188
    655.8638        1.1321
    655.8679        1.1457
    655.8721        1.1595
    655.8762        1.1738
    655.8804        1.1885
    655.8845        1.2031
    655.8887        1.2168
    655.8928        1.2288
    655.8969        1.2393
    655.9011        1.2494
    655.9052        1.2603
    655.9094        1.2725
    655.9135        1.2855
    655.9177        1.2987
    655.9218        1.3118
    655.9260        1.3251
    655.9301        1.3392
    655.9343        1.3546
    655.9384        1.3708
    655.9426        1.3871
    655.9467        1.4023
    655.9508        1.4158
    655.9550        1.4281
    655.9591        1.4401
    655.9633        1.4530
    655.9674        1.4671
    655.9716        1.4818
    655.9757        1.4961
    655.9799        1.5093
    655.9840        1.5213
    655.9882        1.5329
    655.9923        1.5444
    655.9964        1.5559
    656.0006        1.5669
    656.0047        1.5768
    656.0089        1.5855
    656.0130        1.5930
    656.0172        1.5989
    656.0213        1.6028
    656.0255        1.6042
    656.0296        1.6033
    656.0338        1.6008
    656.0379        1.5982
    656.0421        1.5970
    656.0462        1.5991
    656.0503        1.6056
    656.0545        1.6158
    656.0586        1.6280
    656.0628        1.6399
    656.0669        1.6497
    656.0711        1.6569
    656.0752        1.6623
    656.0794        1.6671
    656.0835        1.6728
    656.0877        1.6799
    656.0918        1.6879
    656.0959        1.6948
    656.1001        1.6990
    656.1042        1.6999
    656.1084        1.6985
    656.1125        1.6966
    656.1167        1.6954
    656.1208        1.6955
    656.1250        1.6967
    656.1291        1.6983
    656.1333        1.6993
    656.1374        1.6990
    656.1416        1.6968
    656.1457        1.6925
    656.1498        1.6865
    656.1540        1.6793
    656.1581        1.6717
    656.1623        1.6638
    656.1664        1.6557
    656.1706        1.6474
    656.1747        1.6389
    656.1789        1.6300
    656.1830        1.6205
    656.1872        1.6107
    656.1913        1.6012
    656.1955        1.5934
    656.1996        1.5881
    656.2037        1.5855
    656.2079        1.5844
    656.2120        1.5826
    656.2162        1.5778
    656.2203        1.5691
    656.2245        1.5572
    656.2286        1.5443
    656.2328        1.5326
    656.2369        1.5237
    656.2411        1.5184
    656.2452        1.5164
    656.2493        1.5170
    656.2535        1.5193
    656.2576        1.5227
    656.2618        1.5275
    656.2659        1.5338
    656.2701        1.5416
    656.2742        1.5500
    656.2784        1.5584
    656.2825        1.5661
    656.2867        1.5727
    656.2908        1.5785
    656.2950        1.5839
    656.2991        1.5896
    656.3032        1.5958
    656.3074        1.6025
    656.3115        1.6097
    656.3157        1.6172
    656.3198        1.6248
    656.3240        1.6317
    656.3281        1.6368
    656.3323        1.6389
    656.3364        1.6375
    656.3406        1.6335
    656.3447        1.6288
    656.3489        1.6261
    656.3530        1.6276
    656.3571        1.6345
    656.3613        1.6457
    656.3654        1.6583
    656.3696        1.6691
    656.3737        1.6762
    656.3779        1.6789
    656.3820        1.6771
    656.3862        1.6703
    656.3903        1.6580
    656.3945        1.6407
    656.3986        1.6204
    656.4027        1.5992
    656.4069        1.5791
    656.4110        1.5615
    656.4152        1.5478
    656.4193        1.5399
    656.4235        1.5398
    656.4276        1.5484
    656.4318        1.5649
    656.4359        1.5859
    656.4401        1.6070
    656.4442        1.6242
    656.4484        1.6359
    656.4525        1.6425
    656.4566        1.6454
    656.4608        1.6457
    656.4649        1.6438
    656.4691        1.6399
    656.4732        1.6341
    656.4774        1.6267
    656.4815        1.6180
    656.4857        1.6083
    656.4898        1.5976
    656.4940        1.5860
    656.4981        1.5740
    656.5022        1.5625
    656.5064        1.5516
    656.5105        1.5409
    656.5147        1.5293
    656.5188        1.5159
    656.5230        1.5011
    656.5271        1.4861
    656.5313        1.4726
    656.5354        1.4613
    656.5396        1.4517
    656.5437        1.4423
    656.5479        1.4320
    656.5520        1.4207
    656.5561        1.4091
    656.5603        1.3972
    656.5644        1.3840
    656.5686        1.3681
    656.5727        1.3494
    656.5769        1.3295
    656.5810        1.3114
    656.5852        1.2969
    656.5893        1.2855
    656.5935        1.2749
    656.5976        1.2622
    656.6018        1.2467
    656.6059        1.2297
    656.6100        1.2142
    656.6142        1.2028
    656.6183        1.1957
    656.6225        1.1910
    656.6266        1.1858
    656.6308        1.1781
    656.6349        1.1676
    656.6391        1.1556
    656.6432        1.1433
    656.6474        1.1315
    656.6515        1.1207
    656.6556        1.1110
    656.6598        1.1024
    656.6639        1.0941
    656.6681        1.0851
    656.6722        1.0749
    656.6764        1.0643
    656.6805        1.0547
    656.6847        1.0475
    656.6888        1.0431
    656.6930        1.0404
    656.6971        1.0377
    656.7013        1.0335
    656.7054        1.0272
    656.7095        1.0191
    656.7137        1.0100
    656.7178        1.0011
    656.7220        0.9934
    656.7261        0.9875
    656.7303        0.9830
    656.7344        0.9788
    656.7386        0.9741
    656.7427        0.9687
    656.7469        0.9627
    656.7510        0.9567
    656.7552        0.9514
    656.7593        0.9474
    656.7634        0.9450
    656.7676        0.9445
    656.7717        0.9454
    656.7759        0.9469
    656.7800        0.9481
    656.7842        0.9484
    656.7883        0.9474
    656.7925        0.9455
    656.7966        0.9426
    656.8008        0.9389
    656.8049        0.9342
    656.8090        0.9290
    656.8132        0.9234
    656.8173        0.9178
    656.8215        0.9122
    656.8256        0.9067
    656.8298        0.9016
    656.8339        0.8968
    656.8381        0.8920
    656.8422        0.8866
    656.8464        0.8800
    656.8505        0.8729
    656.8547        0.8662
    656.8588        0.8609
    656.8629        0.8571
    656.8671        0.8544
    656.8712        0.8522
    656.8754        0.8507
    656.8795        0.8501
    656.8837        0.8503
    656.8878        0.8515
    656.8920        0.8537
    656.8961        0.8570
    656.9003        0.8610
    656.9044        0.8650
    656.9085        0.8681
    656.9127        0.8698
    656.9168        0.8702
    656.9210        0.8701
    656.9251        0.8706
    656.9293        0.8723
    656.9334        0.8748
    656.9376        0.8772
    656.9417        0.8785
    656.9459        0.8781
    656.9500        0.8762
    656.9542        0.8734
    656.9583        0.8698
    656.9624        0.8657
    656.9666        0.8618
    656.9707        0.8588
    656.9749        0.8574
    656.9790        0.8578
    656.9832        0.8599
    656.9873        0.8632
    656.9915        0.8670
    656.9956        0.8707
    656.9998        0.8741
    657.0039        0.8777
    657.0081        0.8816
    657.0122        0.8855
    657.0163        0.8881
    657.0205        0.8878
    657.0246        0.8839
    657.0288        0.8772
    657.0329        0.8700
    657.0371        0.8651
    657.0412        0.8639
    657.0454        0.8656
    657.0495        0.8678
    657.0537        0.8679
    657.0578        0.8655
    657.0619        0.8622
    657.0661        0.8600
    657.0702        0.8598
    657.0744        0.8609
    657.0785        0.8620
    657.0827        0.8627
    657.0868        0.8634
    657.0910        0.8649
    657.0951        0.8677
    657.0993        0.8715
    657.1034        0.8756
    657.1076        0.8795
    657.1117        0.8827
    657.1158        0.8852
    657.1200        0.8875
    657.1241        0.8897
    657.1283        0.8919
    657.1324        0.8934
    657.1366        0.8936
    657.1407        0.8922
    657.1449        0.8898
    657.1490        0.8871
    657.1532        0.8842
    657.1573        0.8808
    657.1614        0.8768
    657.1656        0.8723
    657.1697        0.8673
    657.1739        0.8612
    657.1780        0.8531
    657.1822        0.8427
    657.1863        0.8308
    657.1905        0.8191
    657.1946        0.8087
    657.1988        0.8002
    657.2029        0.7941
    657.2071        0.7910
    657.2112        0.7919
    657.2153        0.7970
    657.2195        0.8059
    657.2236        0.8180
    657.2278        0.8326
    657.2319        0.8484
    657.2361        0.8636
    657.2402        0.8759
    657.2444        0.8841
    657.2485        0.8890
    657.2527        0.8923
    657.2568        0.8961
    657.2610        0.9007
    657.2651        0.9050
    657.2692        0.9076
    657.2734        0.9082
    657.2775        0.9073
    657.2817        0.9060
    657.2858        0.9050
    657.2900        0.9043
    657.2941        0.9035
    657.2983        0.9020
    657.3024        0.8996
    657.3066        0.8962
    657.3107        0.8920
    657.3148        0.8880
    657.3190        0.8852
    657.3231        0.8844
    657.3273        0.8861
    657.3314        0.8897
    657.3356        0.8942
    657.3397        0.8984
    657.3439        0.9013
    657.3480        0.9026
    657.3522        0.9024
    657.3563        0.9019
    657.3605        0.9025
    657.3646        0.9050
    657.3687        0.9087
    657.3729        0.9123
    657.3770        0.9151
    657.3812        0.9167
    657.3853        0.9179
    657.3895        0.9193
    657.3936        0.9212
    657.3978        0.9236
    657.4019        0.9258
    657.4061        0.9268
    657.4102        0.9261
    657.4144        0.9240
    657.4185        0.9217
    657.4226        0.9201
    657.4268        0.9196
    657.4309        0.9194
    657.4351        0.9188
    657.4392        0.9169
    657.4434        0.9126
    657.4475        0.9051
    657.4517        0.8938
    657.4558        0.8786
    657.4600        0.8602
    657.4641        0.8399
    657.4682        0.8199
    657.4724        0.8024
    657.4765        0.7893
    657.4807        0.7812
    657.4848        0.7782
    657.4890        0.7807
    657.4931        0.7890
    657.4973        0.8029
    657.5014        0.8209
    657.5056        0.8403
    657.5097        0.8580
    657.5139        0.8723
    657.5180        0.8828
    657.5221        0.8907
    657.5263        0.8974
    657.5304        0.9036
    657.5346        0.9093
    657.5387        0.9145
    657.5429        0.9191
    657.5470        0.9235
    657.5512        0.9278
    657.5553        0.9325
    657.5595        0.9372
    657.5636        0.9415
    657.5677        0.9445
    657.5719        0.9455
    657.5760        0.9443
    657.5802        0.9415
    657.5843        0.9382
    657.5885        0.9353
    657.5926        0.9332
    657.5968        0.9318
    657.6009        0.9308
    657.6051        0.9301
    657.6092        0.9295
    657.6134        0.9289
    657.6175        0.9281
    657.6216        0.9274
    657.6258        0.9267
    657.6299        0.9260
    657.6341        0.9254
    657.6382        0.9253
    657.6424        0.9265
    657.6465        0.9290
    657.6507        0.9321
    657.6548        0.9345
    657.6590        0.9364
    657.6631        0.9386
    657.6673        0.9416
    657.6714        0.9444
    657.6755        0.9459
    657.6797        0.9459
    657.6838        0.9455
    657.6880        0.9459
    657.6921        0.9475
    657.6963        0.9495
    657.7004        0.9511
    657.7046        0.9520
    657.7087        0.9526
    657.7129        0.9528
    657.7170        0.9520
    657.7211        0.9501
    657.7253        0.9476
    657.7294        0.9460
    657.7336        0.9462
    657.7377        0.9480
    657.7419        0.9500
    657.7460        0.9508
    657.7502        0.9502
    657.7543        0.9491
    657.7585        0.9486
    657.7626        0.9494
    657.7668        0.9507
    657.7709        0.9513
    657.7750        0.9500
    657.7792        0.9468
    657.7833        0.9428
    657.7875        0.9396
    657.7916        0.9384
    657.7958        0.9395
    657.7999        0.9423
    657.8041        0.9461
    657.8082        0.9499
    657.8124        0.9530
    657.8165        0.9551
    657.8207        0.9560
    657.8248        0.9560
    657.8289        0.9555
    657.8331        0.9549
    657.8372        0.9546
    657.8414        0.9545
    657.8455        0.9547
    657.8497        0.9554
    657.8538        0.9563
    657.8580        0.9573
    657.8621        0.9581
    657.8663        0.9582
    657.8704        0.9571
    657.8745        0.9549
    657.8787        0.9517
    657.8828        0.9478
    657.8870        0.9439
    657.8911        0.9410
    657.8953        0.9395
    657.8994        0.9395
    657.9036        0.9401
    657.9077        0.9406
    657.9119        0.9408
    657.9160        0.9416
    657.9202        0.9440
    657.9243        0.9481
    657.9284        0.9529
    657.9326        0.9573
    657.9367        0.9604
    657.9409        0.9623
    657.9450        0.9636
    657.9492        0.9644
    657.9533        0.9651
    657.9575        0.9656
    657.9616        0.9658
    657.9658        0.9656
    657.9699        0.9649
    657.9740        0.9636
    657.9782        0.9617
    657.9823        0.9591
    657.9865        0.9566
    657.9906        0.9552
    657.9948        0.9553
    657.9989        0.9569
    658.0031        0.9591
    658.0072        0.9610
    658.0114        0.9621
    658.0155        0.9621
    658.0197        0.9613
    658.0238        0.9598
    658.0279        0.9576
    658.0321        0.9546
    658.0362        0.9512
    658.0404        0.9479
    658.0445        0.9452
    658.0487        0.9427
    658.0528        0.9397
    658.0570        0.9356
    658.0611        0.9307
    658.0653        0.9259
    658.0694        0.9224
    658.0736        0.9208
    658.0777        0.9213
    658.0818        0.9236
    658.0860        0.9275
    658.0901        0.9331
    658.0943        0.9403
    658.0984        0.9483
    658.1026        0.9556
    658.1067        0.9612
    658.1109        0.9645
    658.1150        0.9656
    658.1192        0.9648
    658.1233        0.9630
    658.1274        0.9611
    658.1316        0.9603
    658.1357        0.9613
    658.1399        0.9637
    658.1440        0.9665
    658.1482        0.9690
    658.1523        0.9709
    658.1565        0.9726
    658.1606        0.9746
    658.1648        0.9765
    658.1689        0.9776
    658.1731        0.9770
    658.1772        0.9741
    658.1813        0.9695
    658.1855        0.9650
    658.1896        0.9625
    658.1938        0.9626
    658.1979        0.9645
    658.2021        0.9666
    658.2062        0.9679
    658.2104        0.9684
    658.2145        0.9691
    658.2187        0.9704
    658.2228        0.9718
    658.2270        0.9722
    658.2311        0.9710
    658.2352        0.9688
    658.2394        0.9674
    658.2435        0.9675
    658.2477        0.9687
    658.2518        0.9690
    658.2560        0.9676
    658.2601        0.9651
    658.2643        0.9632
    658.2684        0.9637
    658.2726        0.9668
    658.2767        0.9717
    658.2808        0.9770
    658.2850        0.9816
    658.2891        0.9848
    658.2933        0.9862
    658.2974        0.9857
    658.3016        0.9830
    658.3057        0.9780
    658.3099        0.9705
    658.3140        0.9616
    658.3182        0.9529
    658.3223        0.9458
    658.3265        0.9416
    658.3306        0.9405
    658.3347        0.9421
    658.3389        0.9455
    658.3430        0.9500
    658.3472        0.9546
    658.3513        0.9586
    658.3555        0.9619
    658.3596        0.9648
    658.3638        0.9672
    658.3679        0.9686
    658.3721        0.9680
    658.3762        0.9658
    658.3803        0.9639
    658.3845        0.9645
    658.3886        0.9692
    658.3928        0.9772
    658.3969        0.9863
    658.4011        0.9937
    658.4052        0.9976
    658.4094        0.9975
    658.4135        0.9947
    658.4177        0.9910
    658.4218        0.9878
    658.4260        0.9858
    658.4301        0.9854
    658.4342        0.9869
    658.4384        0.9899
    658.4425        0.9933
    658.4467        0.9952
    658.4508        0.9946
    658.4550        0.9928
    658.4591        0.9916
    658.4633        0.9926
    658.4674        0.9955
    658.4716        0.9988
    658.4757        1.0013
    658.4799        1.0023
    658.4840        1.0023
    658.4881        1.0025
    658.4923        1.0036
    658.4964        1.0062
    658.5006        1.0103
    658.5047        1.0149
    658.5089        1.0185
    658.5130        1.0194
    658.5172        1.0171
    658.5213        1.0122
    658.5255        1.0061
    658.5296        0.9998
    658.5337        0.9940
    658.5379        0.9887
    658.5420        0.9838
    658.5462        0.9787
    658.5503        0.9727
    658.5545        0.9655
    658.5586        0.9582
    658.5628        0.9525
    658.5669        0.9501
    658.5711        0.9512
    658.5752        0.9554
    658.5794        0.9612
    658.5835        0.9670
    658.5876        0.9709
    658.5918        0.9720
    658.5959        0.9705
    658.6001        0.9679
    658.6042        0.9659
    658.6084        0.9657
    658.6125        0.9671
    658.6167        0.9688
    658.6208        0.9697
    658.6250        0.9689
    658.6291        0.9653
    658.6333        0.9586
    658.6374        0.9489
    658.6415        0.9372
    658.6457        0.9249
    658.6498        0.9137
    658.6540        0.9053
    658.6581        0.9014
    658.6623        0.9032
    658.6664        0.9101
    658.6706        0.9206
    658.6747        0.9323
    658.6789        0.9435
    658.6830        0.9536
    658.6871        0.9622
    658.6913        0.9694
    658.6954        0.9749
    658.6996        0.9790
    658.7037        0.9814
    658.7079        0.9820
    658.7120        0.9811
    658.7162        0.9794
    658.7203        0.9787
    658.7245        0.9801
    658.7286        0.9836
    658.7328        0.9877
    658.7369        0.9913
    658.7410        0.9939
    658.7452        0.9956
    658.7493        0.9968
    658.7535        0.9971
    658.7576        0.9960
    658.7618        0.9940
    658.7659        0.9919
    658.7701        0.9904
    658.7742        0.9898
    658.7784        0.9897
    658.7825        0.9898
    658.7866        0.9903
    658.7908        0.9915
    658.7949        0.9931
    658.7991        0.9947
    658.8032        0.9957
    658.8074        0.9960
    658.8115        0.9951
    658.8157        0.9928
    658.8198        0.9893
    658.8240        0.9855
    658.8281        0.9831
    658.8323        0.9832
    658.8364        0.9858
    658.8405        0.9899
    658.8447        0.9940
    658.8488        0.9969
    658.8530        0.9980
    658.8571        0.9975
    658.8613        0.9961
    658.8654        0.9948
    658.8696        0.9943
    658.8737        0.9953
    658.8779        0.9974
    658.8820        1.0000
    658.8862        1.0017
    658.8903        1.0014
    658.8944        0.9986
    658.8986        0.9938
    658.9027        0.9883
    658.9069        0.9839
    658.9110        0.9819
    658.9152        0.9828
    658.9193        0.9859
    658.9235        0.9897
    658.9276        0.9929
    658.9318        0.9946
    658.9359        0.9950
    658.9400        0.9946
    658.9442        0.9939
    658.9483        0.9929
    658.9525        0.9917
    658.9566        0.9904
    658.9608        0.9894
    658.9649        0.9890
    658.9691        0.9890
    658.9732        0.9892
    658.9774        0.9899
    658.9815        0.9914
    658.9857        0.9942
    658.9898        0.9978
    658.9939        1.0011
    658.9981        1.0030
    659.0022        1.0029
    659.0064        1.0010
    659.0105        0.9983
    659.0147        0.9963
    659.0188        0.9960
    659.0230        0.9975
    659.0271        0.9999
    659.0313        1.0020
    659.0354        1.0034
    659.0396        1.0040
    659.0437        1.0040
    659.0478        1.0036
    659.0520        1.0034
    659.0561        1.0036
    659.0603        1.0045
    659.0644        1.0058
    659.0686        1.0072
    659.0727        1.0086
    659.0769        1.0097
    659.0810        1.0102
    659.0852        1.0097
    659.0893        1.0084
    659.0934        1.0064
    659.0976        1.0041
    659.1017        1.0016
    659.1059        0.9994
    659.1100        0.9983
    659.1142        0.9985
    659.1183        0.9997
    659.1225        1.0009
    659.1266        1.0015
    659.1308        1.0015
    659.1349        1.0013
    659.1391        1.0013
    659.1432        1.0018
    659.1473        1.0028
    659.1515        1.0044
    659.1556        1.0066
    659.1598        1.0086
    659.1639        1.0096
    659.1681        1.0088
    659.1722        1.0062
    659.1764        1.0026
    659.1805        0.9989
    659.1847        0.9962
    659.1888        0.9951
    659.1929        0.9953
    659.1971        0.9965
    659.2012        0.9980
    659.2054        0.9996
    659.2095        1.0011
    659.2137        1.0019
    659.2178        1.0016
    659.2220        1.0005
    659.2261        0.9994
    659.2303        0.9987
    659.2344        0.9984
    659.2386        0.9975
    659.2427        0.9953
    659.2468        0.9917
    659.2510        0.9879
    659.2551        0.9853
    659.2593        0.9852
    659.2634        0.9879
    659.2676        0.9923
    659.2717        0.9967
    659.2759        0.9999
    659.2800        1.0016
    659.2842        1.0025
    659.2883        1.0033
    659.2925        1.0042
    659.2966        1.0048
    659.3007        1.0045
    659.3049        1.0031
    659.3090        1.0007
    659.3132        0.9978
    659.3173        0.9953
    659.3215        0.9938
    659.3256        0.9934
    659.3298        0.9935
    659.3339        0.9936
    659.3381        0.9931
    659.3422        0.9920
    659.3463        0.9910
    659.3505        0.9904
    659.3546        0.9908
    659.3588        0.9927
    659.3629        0.9962
    659.3671        1.0010
    659.3712        1.0062
    659.3754        1.0104
    659.3795        1.0124
    659.3837        1.0122
    659.3878        1.0106
    659.3920        1.0089
    659.3961        1.0076
    659.4002        1.0060
    659.4044        1.0034
    659.4085        0.9990
    659.4127        0.9934
    659.4168        0.9876
    659.4210        0.9825
    659.4251        0.9784
    659.4293        0.9753
    659.4334        0.9732
    659.4376        0.9723
    659.4417        0.9729
    659.4458        0.9751
    659.4500        0.9788
    659.4541        0.9838
    659.4583        0.9892
    659.4624        0.9939
    659.4666        0.9967
    659.4707        0.9968
    659.4749        0.9945
    659.4790        0.9910
    659.4832        0.9877
    659.4873        0.9854
    659.4915        0.9844
    659.4956        0.9849
    659.4997        0.9867
    659.5039        0.9890
    659.5080        0.9912
    659.5122        0.9932
    659.5163        0.9954
    659.5205        0.9988
    659.5246        1.0037
    659.5288        1.0092
    659.5329        1.0136
    659.5371        1.0154
    659.5412        1.0145
    659.5454        1.0117
    659.5495        1.0082
    659.5536        1.0048
    659.5578        1.0023
    659.5619        1.0009
    659.5661        1.0006
    659.5702        1.0009
    659.5744        1.0018
    659.5785        1.0039
    659.5827        1.0076
    659.5868        1.0128
    659.5910        1.0183
    659.5951        1.0228
    659.5992        1.0253
    659.6034        1.0262
    659.6075        1.0261
    659.6117        1.0256
    659.6158        1.0246
    659.6200        1.0227
    659.6241        1.0200
    659.6283        1.0172
    659.6324        1.0147
    659.6366        1.0127
    659.6407        1.0108
    659.6449        1.0086
    659.6490        1.0059
    659.6531        1.0028
    659.6573        0.9995
    659.6614        0.9962
    659.6656        0.9932
    659.6697        0.9908
    659.6739        0.9892
    659.6780        0.9884
    659.6822        0.9880
    659.6863        0.9873
    659.6905        0.9859
    659.6946        0.9839
    659.6988        0.9822
    659.7029        0.9819
    659.7070        0.9835
    659.7112        0.9870
    659.7153        0.9915
    659.7195        0.9956
    659.7236        0.9984
    659.7278        1.0000
    659.7319        1.0013
    659.7361        1.0030
    659.7402        1.0046
    659.7444        1.0053
    659.7485        1.0045
    659.7526        1.0031
    659.7568        1.0025
    659.7609        1.0039
    659.7651        1.0069
    659.7692        1.0100
    659.7734        1.0117
    659.7775        1.0112
    659.7817        1.0089
    659.7858        1.0063
    659.7900        1.0040
    659.7941        1.0024
    659.7983        1.0014
    659.8024        1.0005
    659.8065        0.9997
    659.8107        0.9986
    659.8148        0.9975
    659.8190        0.9970
    659.8231        0.9976
    659.8273        0.9995
    659.8314        1.0018
    659.8356        1.0031
    659.8397        1.0030
    659.8439        1.0020
    659.8480        1.0017
    659.8521        1.0033
    659.8563        1.0069
    659.8604        1.0117
    659.8646        1.0169
    659.8687        1.0213
    659.8729        1.0234
    659.8770        1.0220
    659.8812        1.0173
    659.8853        1.0115
    659.8895        1.0072
    659.8936        1.0053
    659.8978        1.0049
    659.9019        1.0039
    659.9060        1.0005
    659.9102        0.9945
    659.9143        0.9867
    659.9185        0.9787
    659.9226        0.9723
    659.9268        0.9685
    659.9309        0.9674
    659.9351        0.9684
    659.9392        0.9708
    659.9434        0.9744
    659.9475        0.9795
    659.9517        0.9857
    659.9558        0.9917
    659.9599        0.9962
    659.9641        0.9990
    659.9682        1.0015
    659.9724        1.0052
    659.9765        1.0104
    659.9807        1.0159
    659.9848        1.0198
    659.9890        1.0210
    659.9931        1.0199
    659.9973        1.0175
    660.0014        1.0145
    660.0055        1.0115
    660.0097        1.0087
    660.0138        1.0059
    660.0180        1.0030
    660.0221        1.0002
    660.0263        0.9983
    660.0304        0.9979
    660.0346        0.9992
    660.0387        1.0015
    660.0429        1.0041
    660.0470        1.0064
    660.0512        1.0080
    660.0553        1.0087
    660.0594        1.0084
    660.0636        1.0075
    660.0677        1.0064
    660.0719        1.0056
    660.0760        1.0055
    660.0802        1.0065
    660.0843        1.0088
    660.0885        1.0119
    660.0926        1.0149
    660.0968        1.0167
    660.1009        1.0170
    660.1051        1.0161
    660.1092        1.0145
    660.1133        1.0129
    660.1175        1.0110
    660.1216        1.0086
    660.1258        1.0059
    660.1299        1.0040
    660.1341        1.0034
    660.1382        1.0035
    660.1424        1.0037
    660.1465        1.0037
    660.1507        1.0039
    660.1548        1.0044
    660.1589        1.0049
    660.1631        1.0046
    660.1672        1.0035
    660.1714        1.0021
    660.1755        1.0012
    660.1797        1.0013
    660.1838        1.0016
    660.1880        1.0010
    660.1921        0.9990
    660.1963        0.9960
    660.2004        0.9932
    660.2046        0.9917
    660.2087        0.9919
    660.2128        0.9933
    660.2170        0.9948
    660.2211        0.9962
    660.2253        0.9978
    660.2294        1.0002
    660.2336        1.0039
    660.2377        1.0081
    660.2419        1.0116
    660.2460        1.0135
    660.2502        1.0142
    660.2543        1.0144
    660.2584        1.0148
    660.2626        1.0156
    660.2667        1.0166
    660.2709        1.0176
    660.2750        1.0181
    660.2792        1.0175
    660.2833        1.0153
    660.2875        1.0117
    660.2916        1.0078
    660.2958        1.0046
    660.2999        1.0028
    660.3041        1.0025
    660.3082        1.0035
    660.3123        1.0052
    660.3165        1.0072
    660.3206        1.0090
    660.3248        1.0106
    660.3289        1.0120
    660.3331        1.0130
    660.3372        1.0134
    660.3414        1.0129
    660.3455        1.0122
    660.3497        1.0122
    660.3538        1.0134
    660.3580        1.0160
    660.3621        1.0188
    660.3662        1.0206
    660.3704        1.0206
    660.3745        1.0183
    660.3787        1.0143
    660.3828        1.0095
    660.3870        1.0054
    660.3911        1.0030
    660.3953        1.0029
    660.3994        1.0040
    660.4036        1.0046
    660.4077        1.0031
    660.4118        0.9999
    660.4160        0.9970
    660.4201        0.9968
    660.4243        1.0003
    660.4284        1.0061
    660.4326        1.0118
    660.4367        1.0157
    660.4409        1.0178
    660.4450        1.0191
    660.4492        1.0203
    660.4533        1.0211
    660.4575        1.0203
    660.4616        1.0171
    660.4657        1.0120
    660.4699        1.0065
    660.4740        1.0022
    660.4782        1.0002
    660.4823        1.0005
    660.4865        1.0025
    660.4906        1.0056
    660.4948        1.0092
    660.4989        1.0128
    660.5031        1.0158
    660.5072        1.0175
    660.5114        1.0177
    660.5155        1.0166
    660.5196        1.0149
    660.5238        1.0130
    660.5279        1.0111
    660.5321        1.0092
    660.5362        1.0072
    660.5404        1.0052
    660.5445        1.0033
    660.5487        1.0015
    660.5528        1.0001
    660.5570        0.9995
    660.5611        1.0001
    660.5652        1.0017
    660.5694        1.0044
    660.5735        1.0077
    660.5777        1.0110
    660.5818        1.0137
    660.5860        1.0153
    660.5901        1.0158
    660.5943        1.0152
    660.5984        1.0139
    660.6026        1.0121
    660.6067        1.0099
    660.6109        1.0073
    660.6150        1.0044
    660.6191        1.0017
    660.6233        1.0000
    660.6274        1.0002
    660.6316        1.0027
    660.6357        1.0073
    660.6399        1.0130
    660.6440        1.0188
    660.6482        1.0237
    660.6523        1.0271
    660.6565        1.0289
    660.6606        1.0288
    660.6647        1.0266
    660.6689        1.0222
    660.6730        1.0163
    660.6772        1.0105
    660.6813        1.0064
    660.6855        1.0050
    660.6896        1.0064
    660.6938        1.0096
    660.6979        1.0129
    660.7021        1.0149
    660.7062        1.0153
    660.7104        1.0150
    660.7145        1.0145
    660.7186        1.0136
    660.7228        1.0121
    660.7269        1.0104
    660.7311        1.0099
    660.7352        1.0113
    660.7394        1.0142
    660.7435        1.0173
    660.7477        1.0194
    660.7518        1.0206
    660.7560        1.0219
    660.7601        1.0239
    660.7643        1.0265
    660.7684        1.0289
    660.7725        1.0300
    660.7767        1.0298
    660.7808        1.0289
    660.7850        1.0281
    660.7891        1.0281
    660.7933        1.0298
    660.7974        1.0337
    660.8016        1.0393
    660.8057        1.0448
    660.8099        1.0481
    660.8140        1.0481
    660.8181        1.0446
    660.8223        1.0386
    660.8264        1.0316
    660.8306        1.0251
    660.8347        1.0202
    660.8389        1.0171
    660.8430        1.0156
    660.8472        1.0159
    660.8513        1.0174
    660.8555        1.0195
    660.8596        1.0206
    660.8638        1.0198
    660.8679        1.0173
    660.8720        1.0147
    660.8762        1.0136
    660.8803        1.0150
    660.8845        1.0193
    660.8886        1.0260
    660.8928        1.0333
    660.8969        1.0390
    660.9011        1.0411
    660.9052        1.0393
    660.9094        1.0347
    660.9135        1.0297
    660.9177        1.0259
    660.9218        1.0241
    660.9259        1.0239
    660.9301        1.0242
    660.9342        1.0237
    660.9384        1.0216
    660.9425        1.0181
    660.9467        1.0141
    660.9508        1.0106
    660.9550        1.0085
    660.9591        1.0081
    660.9633        1.0086
    660.9674        1.0095
    660.9715        1.0111
    660.9757        1.0144
    660.9798        1.0199
    660.9840        1.0261
    660.9881        1.0307
    660.9923        1.0318
    660.9964        1.0289
    661.0006        1.0230
    661.0047        1.0164
    661.0089        1.0114
    661.0130        1.0096
    661.0172        1.0112
    661.0213        1.0149
    661.0254        1.0186
    661.0296        1.0208
    661.0337        1.0210
    661.0379        1.0197
    661.0420        1.0179
    661.0462        1.0172
    661.0503        1.0181
    661.0545        1.0201
    661.0586        1.0216
    661.0628        1.0211
    661.0669        1.0187
    661.0710        1.0157
    661.0752        1.0140
    661.0793        1.0142
    661.0835        1.0157
    661.0876        1.0173
    661.0918        1.0184
    661.0959        1.0193
    661.1001        1.0202
    661.1042        1.0205
    661.1084        1.0193
    661.1125        1.0166
    661.1167        1.0135
    661.1208        1.0114
    661.1249        1.0106
    661.1291        1.0109
    661.1332        1.0120
    661.1374        1.0136
    661.1415        1.0153
    661.1457        1.0165
    661.1498        1.0171
    661.1540        1.0172
    661.1581        1.0167
    661.1623        1.0154
    661.1664        1.0130
    661.1706        1.0096
    661.1747        1.0061
    661.1788        1.0034
    661.1830        1.0014
    661.1871        0.9999
    661.1913        0.9987
    661.1954        0.9976
    661.1996        0.9965
    661.2037        0.9954
    661.2079        0.9950
    661.2120        0.9962
    661.2162        0.9995
    661.2203        1.0042
    661.2244        1.0084
    661.2286        1.0101
    661.2327        1.0086
    661.2369        1.0051
    661.2410        1.0020
    661.2452        1.0013
    661.2493        1.0032
    661.2535        1.0063
    661.2576        1.0085
    661.2618        1.0086
    661.2659        1.0067
    661.2701        1.0041
    661.2742        1.0022
    661.2783        1.0018
    661.2825        1.0025
    661.2866        1.0030
    661.2908        1.0016
    661.2949        0.9980
    661.2991        0.9932
    661.3032        0.9891
    661.3074        0.9870
    661.3115        0.9873
    661.3157        0.9898
    661.3198        0.9939
    661.3240        0.9988
    661.3281        1.0041
    661.3322        1.0096
    661.3364        1.0147
    661.3405        1.0185
    661.3447        1.0202
    661.3488        1.0195
    661.3530        1.0175
    661.3571        1.0160
    661.3613        1.0166
    661.3654        1.0195
    661.3696        1.0236
    661.3737        0.0000
    661.3778        0.0000
