    645.1025        1.0144
    645.1151        1.0071
    645.1277        1.0019
    645.1403        1.0018
    645.1530        1.0043
    645.1656        1.0067
    645.1782        1.0111
    645.1909        1.0202
    645.2035        1.0316
    645.2161        1.0430
    645.2287        1.0538
    645.2414        1.0629
    645.2540        1.0714
    645.2666        1.0798
    645.2792        1.0824
    645.2919        1.0710
    645.3045        1.0533
    645.3171        1.0355
    645.3298        1.0227
    645.3424        1.0219
    645.3550        1.0265
    645.3676        1.0311
    645.3803        1.0359
    645.3929        1.0412
    645.4055        1.0466
    645.4181        1.0520
    645.4308        1.0567
    645.4434        1.0596
    645.4560        1.0618
    645.4687        1.0641
    645.4813        1.0663
    645.4939        1.0685
    645.5065        1.0706
    645.5192        1.0728
    645.5318        1.0735
    645.5444        1.0706
    645.5570        1.0663
    645.5697        1.0620
    645.5823        1.0575
    645.5949        1.0526
    645.6076        1.0475
    645.6202        1.0425
    645.6328        1.0397
    645.6454        1.0420
    645.6581        1.0463
    645.6707        1.0505
    645.6833        1.0547
    645.6959        1.0586
    645.7086        1.0624
    645.7212        1.0662
    645.7338        1.0689
    645.7465        1.0694
    645.7591        1.0691
    645.7717        1.0688
    645.7843        1.0677
    645.7970        1.0651
    645.8096        1.0620
    645.8222        1.0589
    645.8348        1.0559
    645.8475        1.0534
    645.8601        1.0509
    645.8727        1.0485
    645.8854        1.0463
    645.8980        1.0444
    645.9106        1.0426
    645.9232        1.0409
    645.9359        1.0406
    645.9485        1.0437
    645.9611        1.0478
    645.9737        1.0518
    645.9864        1.0536
    645.9990        1.0504
    646.0116        1.0457
    646.0243        1.0411
    646.0369        1.0381
    646.0495        1.0388
    646.0621        1.0404
    646.0748        1.0421
    646.0874        1.0422
    646.1000        1.0393
    646.1126        1.0354
    646.1253        1.0316
    646.1379        1.0281
    646.1505        1.0251
    646.1632        1.0223
    646.1758        1.0195
    646.1884        1.0207
    646.2010        1.0303
    646.2137        1.0420
    646.2263        1.0538
    646.2389        1.0617
    646.2515        1.0617
    646.2642        1.0599
    646.2768        1.0581
    646.2894        1.0541
    646.3021        1.0455
    646.3147        1.0358
    646.3273        1.0262
    646.3399        1.0197
    646.3526        1.0199
    646.3652        1.0214
    646.3778        1.0230
    646.3904        1.0243
    646.4031        1.0249
    646.4157        1.0254
    646.4283        1.0259
    646.4410        1.0269
    646.4536        1.0286
    646.4662        1.0305
    646.4788        1.0324
    646.4915        1.0330
    646.5041        1.0312
    646.5167        1.0289
    646.5293        1.0266
    646.5420        1.0252
    646.5546        1.0256
    646.5672        1.0263
    646.5799        1.0270
    646.5925        1.0283
    646.6051        1.0309
    646.6177        1.0336
    646.6304        1.0364
    646.6430        1.0354
    646.6556        1.0269
    646.6682        1.0174
    646.6809        1.0079
    646.6935        1.0025
    646.7061        1.0051
    646.7188        1.0087
    646.7314        1.0122
    646.7440        1.0143
    646.7566        1.0133
    646.7693        1.0120
    646.7819        1.0107
    646.7945        1.0120
    646.8071        1.0184
    646.8198        1.0252
    646.8324        1.0321
    646.8450        1.0355
    646.8577        1.0323
    646.8703        1.0285
    646.8829        1.0246
    646.8955        1.0207
    646.9082        1.0166
    646.9208        1.0125
    646.9334        1.0084
    646.9460        1.0085
    646.9587        1.0166
    646.9713        1.0252
    646.9839        1.0338
    646.9966        1.0412
    647.0092        1.0466
    647.0218        1.0518
    647.0344        1.0570
    647.0471        1.0607
    647.0597        1.0614
    647.0723        1.0619
    647.0849        1.0624
    647.0976        1.0599
    647.1102        1.0520
    647.1228        1.0438
    647.1355        1.0357
    647.1481        1.0303
    647.1607        1.0302
    647.1733        1.0302
    647.1860        1.0302
    647.1986        1.0300
    647.2112        1.0294
    647.2238        1.0289
    647.2365        1.0283
    647.2491        1.0247
    647.2617        1.0159
    647.2744        1.0070
    647.2870        0.9982
    647.2996        0.9954
    647.3122        1.0036
    647.3249        1.0118
    647.3375        1.0199
    647.3501        1.0239
    647.3627        1.0205
    647.3754        1.0172
    647.3880        1.0138
    647.4006        1.0095
    647.4133        1.0037
    647.4259        0.9979
    647.4385        0.9921
    647.4511        0.9869
    647.4638        0.9827
    647.4764        0.9785
    647.4890        0.9743
    647.5016        0.9701
    647.5143        0.9660
    647.5269        0.9618
    647.5395        0.9579
    647.5522        0.9582
    647.5648        0.9652
    647.5774        0.9722
    647.5900        0.9793
    647.6027        0.9870
    647.6153        0.9956
    647.6279        1.0043
    647.6405        1.0129
    647.6532        1.0201
    647.6658        1.0252
    647.6784        1.0304
    647.6911        1.0350
    647.7037        1.0347
    647.7163        1.0266
    647.7289        1.0186
    647.7416        1.0111
    647.7542        1.0093
    647.7668        1.0159
    647.7794        1.0225
    647.7921        1.0288
    647.8047        1.0323
    647.8173        1.0316
    647.8300        1.0309
    647.8426        1.0304
    647.8552        1.0313
    647.8678        1.0342
    647.8805        1.0371
    647.8931        1.0396
    647.9057        1.0391
    647.9183        1.0344
    647.9310        1.0297
    647.9436        1.0252
    647.9562        1.0217
    647.9689        1.0196
    647.9815        1.0175
    647.9941        1.0151
    648.0067        1.0107
    648.0194        1.0034
    648.0320        0.9962
    648.0446        0.9910
    648.0572        0.9988
    648.0699        1.0234
    648.0825        1.0480
    648.0951        1.0705
    648.1078        1.0801
    648.1204        1.0733
    648.1330        1.0665
    648.1456        1.0600
    648.1583        1.0548
    648.1709        1.0514
    648.1835        1.0480
    648.1961        1.0450
    648.2088        1.0435
    648.2214        1.0441
    648.2340        1.0447
    648.2467        1.0452
    648.2593        1.0454
    648.2719        1.0452
    648.2845        1.0451
    648.2972        1.0434
    648.3098        1.0338
    648.3224        1.0151
    648.3350        0.9964
    648.3477        0.9805
    648.3603        0.9779
    648.3729        0.9901
    648.3856        1.0023
    648.3982        1.0138
    648.4108        1.0221
    648.4234        1.0269
    648.4361        1.0317
    648.4487        1.0358
    648.4613        1.0369
    648.4739        1.0346
    648.4866        1.0323
    648.4992        1.0306
    648.5118        1.0313
    648.5245        1.0346
    648.5371        1.0379
    648.5497        1.0405
    648.5623        1.0401
    648.5750        1.0367
    648.5876        1.0333
    648.6002        1.0293
    648.6128        1.0229
    648.6255        1.0141
    648.6381        1.0053
    648.6507        0.9979
    648.6634        0.9956
    648.6760        0.9982
    648.6886        1.0009
    648.7012        1.0041
    648.7139        1.0097
    648.7265        1.0173
    648.7391        1.0249
    648.7517        1.0312
    648.7644        1.0324
    648.7770        1.0290
    648.7896        1.0257
    648.8023        1.0242
    648.8149        1.0293
    648.8275        1.0403
    648.8401        1.0512
    648.8528        1.0598
    648.8654        1.0606
    648.8780        1.0546
    648.8906        1.0487
    648.9033        1.0442
    648.9159        1.0447
    648.9285        1.0493
    648.9412        1.0539
    648.9538        1.0574
    648.9664        1.0574
    648.9790        1.0545
    648.9917        1.0517
    649.0043        1.0470
    649.0169        1.0364
    649.0295        1.0214
    649.0422        1.0063
    649.0548        0.9951
    649.0674        0.9955
    649.0801        1.0046
    649.0927        1.0137
    649.1053        1.0214
    649.1179        1.0245
    649.1306        1.0244
    649.1432        1.0243
    649.1558        1.0241
    649.1684        1.0234
    649.1811        1.0223
    649.1937        1.0213
    649.2063        1.0208
    649.2190        1.0220
    649.2316        1.0242
    649.2442        1.0265
    649.2568        1.0280
    649.2695        1.0274
    649.2821        1.0254
    649.2947        1.0233
    649.3073        1.0211
    649.3200        1.0185
    649.3326        1.0156
    649.3452        1.0127
    649.3579        1.0126
    649.3705        1.0204
    649.3831        1.0329
    649.3957        1.0454
    649.4084        1.0556
    649.4210        1.0594
    649.4336        1.0597
    649.4462        1.0599
    649.4589        1.0595
    649.4715        1.0574
    649.4841        1.0545
    649.4968        1.0515
    649.5094        1.0495
    649.5220        1.0499
    649.5346        1.0517
    649.5473        1.0534
    649.5599        1.0533
    649.5725        1.0482
    649.5851        1.0407
    649.5978        1.0332
    649.6104        1.0294
    649.6230        1.0351
    649.6357        1.0453
    649.6483        1.0556
    649.6609        1.0630
    649.6735        1.0638
    649.6862        1.0614
    649.6988        1.0590
    649.7114        1.0562
    649.7240        1.0528
    649.7367        1.0490
    649.7493        1.0453
    649.7619        1.0414
    649.7746        1.0373
    649.7872        1.0331
    649.7998        1.0290
    649.8124        1.0278
    649.8251        1.0338
    649.8377        1.0427
    649.8503        1.0516
    649.8629        1.0565
    649.8756        1.0523
    649.8882        1.0446
    649.9008        1.0370
    649.9135        1.0328
    649.9261        1.0365
    649.9387        1.0432
    649.9513        1.0499
    649.9640        1.0553
    649.9766        1.0580
    649.9892        1.0598
    650.0018        1.0616
    650.0145        1.0605
    650.0271        1.0530
    650.0397        1.0434
    650.0524        1.0338
    650.0650        1.0266
    650.0776        1.0247
    650.0902        1.0244
    650.1029        1.0241
    650.1155        1.0272
    650.1281        1.0377
    650.1407        1.0503
    650.1534        1.0629
    650.1660        1.0708
    650.1786        1.0685
    650.1913        1.0636
    650.2039        1.0587
    650.2165        1.0540
    650.2291        1.0498
    650.2418        1.0456
    650.2544        1.0415
    650.2670        1.0416
    650.2796        1.0507
    650.2923        1.0617
    650.3049        1.0727
    650.3175        1.0787
    650.3302        1.0745
    650.3428        1.0681
    650.3554        1.0617
    650.3680        1.0549
    650.3807        1.0471
    650.3933        1.0390
    650.4059        1.0310
    650.4185        1.0263
    650.4312        1.0283
    650.4438        1.0313
    650.4564        1.0343
    650.4691        1.0369
    650.4817        1.0387
    650.4943        1.0402
    650.5069        1.0418
    650.5196        1.0429
    650.5322        1.0429
    650.5448        1.0428
    650.5574        1.0426
    650.5701        1.0428
    650.5827        1.0435
    650.5953        1.0442
    650.6080        1.0449
    650.6206        1.0434
    650.6332        1.0374
    650.6458        1.0309
    650.6585        1.0245
    650.6711        1.0263
    650.6837        1.0437
    650.6963        1.0622
    650.7090        1.0808
    650.7216        1.0894
    650.7342        1.0794
    650.7469        1.0682
    650.7595        1.0570
    650.7721        1.0480
    650.7847        1.0429
    650.7974        1.0379
    650.8100        1.0330
    650.8226        1.0316
    650.8352        1.0368
    650.8479        1.0421
    650.8605        1.0474
    650.8731        1.0501
    650.8858        1.0481
    650.8984        1.0460
    650.9110        1.0439
    650.9236        1.0419
    650.9363        1.0401
    650.9489        1.0382
    650.9615        1.0364
    650.9741        1.0349
    650.9868        1.0338
    650.9994        1.0327
    651.0120        1.0317
    651.0247        1.0321
    651.0373        1.0349
    651.0499        1.0376
    651.0625        1.0406
    651.0752        1.0478
    651.0878        1.0619
    651.1004        1.0761
    651.1130        1.0896
    651.1257        1.0946
    651.1383        1.0864
    651.1509        1.0782
    651.1636        1.0701
    651.1762        1.0624
    651.1888        1.0553
    651.2014        1.0483
    651.2141        1.0416
    651.2267        1.0382
    651.2393        1.0396
    651.2519        1.0411
    651.2646        1.0420
    651.2772        1.0391
    651.2898        1.0307
    651.3025        1.0222
    651.3151        1.0143
    651.3277        1.0105
    651.3403        1.0125
    651.3530        1.0145
    651.3656        1.0165
    651.3782        1.0184
    651.3908        1.0203
    651.4035        1.0222
    651.4161        1.0229
    651.4287        1.0167
    651.4414        1.0014
    651.4540        0.9862
    651.4666        0.9722
    651.4792        0.9655
    651.4919        0.9679
    651.5045        0.9703
    651.5171        0.9728
    651.5297        0.9756
    651.5424        0.9790
    651.5550        0.9823
    651.5676        0.9849
    651.5803        0.9836
    651.5929        0.9778
    651.6055        0.9719
    651.6181        0.9660
    651.6308        0.9598
    651.6434        0.9532
    651.6560        0.9466
    651.6686        0.9420
    651.6813        0.9460
    651.6939        0.9594
    651.7065        0.9728
    651.7192        0.9849
    651.7318        0.9918
    651.7444        0.9932
    651.7570        0.9946
    651.7697        0.9968
    651.7823        1.0016
    651.7949        1.0093
    651.8075        1.0169
    651.8202        1.0231
    651.8328        1.0235
    651.8454        1.0185
    651.8581        1.0134
    651.8707        1.0091
    651.8833        1.0074
    651.8959        1.0082
    651.9086        1.0090
    651.9212        1.0094
    651.9338        1.0085
    651.9464        1.0064
    651.9591        1.0044
    651.9717        1.0035
    651.9843        1.0066
    651.9970        1.0131
    652.0096        1.0195
    652.0222        1.0261
    652.0348        1.0331
    652.0475        1.0404
    652.0601        1.0476
    652.0727        1.0533
    652.0853        1.0536
    652.0980        1.0498
    652.1106        1.0460
    652.1232        1.0419
    652.1359        1.0371
    652.1485        1.0318
    652.1611        1.0265
    652.1737        1.0226
    652.1864        1.0228
    652.1990        1.0258
    652.2116        1.0289
    652.2242        1.0303
    652.2369        1.0269
    652.2495        1.0201
    652.2621        1.0133
    652.2748        1.0088
    652.2874        1.0106
    652.3000        1.0166
    652.3126        1.0225
    652.3253        1.0271
    652.3379        1.0283
    652.3505        1.0272
    652.3631        1.0262
    652.3758        1.0241
    652.3884        1.0192
    652.4010        1.0127
    652.4137        1.0062
    652.4263        1.0015
    652.4389        1.0015
    652.4515        1.0042
    652.4642        1.0069
    652.4768        1.0107
    652.4894        1.0174
    652.5020        1.0255
    652.5147        1.0336
    652.5273        1.0397
    652.5399        1.0409
    652.5526        1.0396
    652.5652        1.0384
    652.5778        1.0374
    652.5904        1.0370
    652.6031        1.0369
    652.6157        1.0368
    652.6283        1.0366
    652.6409        1.0361
    652.6536        1.0356
    652.6662        1.0351
    652.6788        1.0346
    652.6915        1.0342
    652.7041        1.0339
    652.7167        1.0336
    652.7293        1.0330
    652.7420        1.0315
    652.7546        1.0297
    652.7672        1.0279
    652.7798        1.0279
    652.7925        1.0319
    652.8051        1.0373
    652.8177        1.0426
    652.8304        1.0470
    652.8430        1.0491
    652.8556        1.0504
    652.8682        1.0517
    652.8809        1.0506
    652.8935        1.0439
    652.9061        1.0356
    652.9187        1.0274
    652.9314        1.0206
    652.9440        1.0170
    652.9566        1.0143
    652.9693        1.0115
    652.9819        1.0141
    652.9945        1.0279
    653.0071        1.0445
    653.0198        1.0611
    653.0324        1.0709
    653.0450        1.0668
    653.0576        1.0596
    653.0703        1.0525
    653.0829        1.0445
    653.0955        1.0348
    653.1082        1.0248
    653.1208        1.0148
    653.1334        1.0092
    653.1460        1.0121
    653.1587        1.0164
    653.1713        1.0208
    653.1839        1.0212
    653.1965        1.0138
    653.2092        1.0052
    653.2218        0.9966
    653.2344        0.9925
    653.2471        0.9970
    653.2597        1.0026
    653.2723        1.0082
    653.2849        1.0107
    653.2976        1.0073
    653.3102        1.0034
    653.3228        0.9995
    653.3354        0.9940
    653.3481        0.9857
    653.3607        0.9771
    653.3733        0.9685
    653.3860        0.9664
    653.3986        0.9762
    653.4112        0.9867
    653.4238        0.9971
    653.4365        1.0048
    653.4491        1.0074
    653.4617        1.0098
    653.4743        1.0122
    653.4870        1.0139
    653.4996        1.0142
    653.5122        1.0145
    653.5249        1.0148
    653.5375        1.0171
    653.5501        1.0228
    653.5627        1.0285
    653.5754        1.0341
    653.5880        1.0363
    653.6006        1.0328
    653.6132        1.0293
    653.6259        1.0258
    653.6385        1.0225
    653.6511        1.0196
    653.6638        1.0166
    653.6764        1.0135
    653.6890        1.0082
    653.7016        0.9993
    653.7143        0.9905
    653.7269        0.9824
    653.7395        0.9819
    653.7521        0.9930
    653.7648        1.0041
    653.7774        1.0152
    653.7900        1.0270
    653.8027        1.0395
    653.8153        1.0520
    653.8279        1.0633
    653.8405        1.0658
    653.8532        1.0558
    653.8658        1.0458
    653.8784        1.0367
    653.8910        1.0341
    653.9037        1.0400
    653.9163        1.0460
    653.9289        1.0513
    653.9416        1.0526
    653.9542        1.0490
    653.9668        1.0454
    653.9794        1.0416
    653.9921        1.0370
    654.0047        1.0313
    654.0173        1.0255
    654.0299        1.0205
    654.0426        1.0190
    654.0552        1.0216
    654.0678        1.0243
    654.0805        1.0267
    654.0931        1.0279
    654.1057        1.0278
    654.1183        1.0278
    654.1310        1.0274
    654.1436        1.0252
    654.1562        1.0213
    654.1688        1.0174
    654.1815        1.0138
    654.1941        1.0113
    654.2067        1.0099
    654.2194        1.0086
    654.2320        1.0069
    654.2446        1.0036
    654.2572        0.9988
    654.2699        0.9941
    654.2825        0.9891
    654.2951        0.9833
    654.3077        0.9768
    654.3204        0.9702
    654.3330        0.9646
    654.3456        0.9623
    654.3583        0.9629
    654.3709        0.9635
    654.3835        0.9638
    654.3961        0.9632
    654.4088        0.9618
    654.4214        0.9605
    654.4340        0.9600
    654.4466        0.9626
    654.4593        0.9675
    654.4719        0.9724
    654.4845        0.9771
    654.4972        0.9814
    654.5098        0.9853
    654.5224        0.9891
    654.5350        0.9914
    654.5477        0.9891
    654.5603        0.9834
    654.5729        0.9777
    654.5855        0.9734
    654.5982        0.9729
    654.6108        0.9749
    654.6234        0.9769
    654.6361        0.9777
    654.6487        0.9751
    654.6613        0.9702
    654.6739        0.9654
    654.6866        0.9622
    654.6992        0.9635
    654.7118        0.9673
    654.7244        0.9711
    654.7371        0.9726
    654.7497        0.9679
    654.7623        0.9598
    654.7750        0.9518
    654.7876        0.9454
    654.8002        0.9435
    654.8128        0.9439
    654.8255        0.9443
    654.8381        0.9441
    654.8507        0.9425
    654.8633        0.9403
    654.8760        0.9381
    654.8886        0.9373
    654.9012        0.9395
    654.9139        0.9431
    654.9265        0.9467
    654.9391        0.9515
    654.9517        0.9589
    654.9644        0.9675
    654.9770        0.9761
    654.9896        0.9821
    655.0022        0.9823
    655.0149        0.9803
    655.0275        0.9783
    655.0401        0.9769
    655.0528        0.9769
    655.0654        0.9774
    655.0780        0.9779
    655.0906        0.9783
    655.1033        0.9783
    655.1159        0.9783
    655.1285        0.9782
    655.1411        0.9783
    655.1538        0.9784
    655.1664        0.9787
    655.1790        0.9789
    655.1917        0.9754
    655.2043        0.9640
    655.2169        0.9507
    655.2295        0.9374
    655.2422        0.9269
    655.2548        0.9221
    655.2674        0.9185
    655.2800        0.9149
    655.2927        0.9144
    655.3053        0.9205
    655.3179        0.9277
    655.3306        0.9349
    655.3432        0.9394
    655.3558        0.9386
    655.3684        0.9369
    655.3811        0.9352
    655.3937        0.9345
    655.4063        0.9354
    655.4189        0.9366
    655.4316        0.9378
    655.4442        0.9403
    655.4568        0.9452
    655.4695        0.9503
    655.4821        0.9555
    655.4947        0.9602
    655.5073        0.9638
    655.5200        0.9674
    655.5326        0.9710
    655.5452        0.9706
    655.5578        0.9626
    655.5705        0.9543
    655.5831        0.9459
    655.5957        0.9418
    655.6084        0.9455
    655.6210        0.9494
    655.6336        0.9532
    655.6462        0.9565
    655.6589        0.9588
    655.6715        0.9611
    655.6841        0.9634
    655.6967        0.9676
    655.7094        0.9750
    655.7220        0.9825
    655.7346        0.9897
    655.7473        0.9944
    655.7599        0.9948
    655.7725        0.9952
    655.7851        0.9961
    655.7978        1.0045
    655.8104        1.0244
    655.8230        1.0443
    655.8356        1.0641
    655.8483        1.0829
    655.8609        1.1000
    655.8735        1.1172
    655.8862        1.1349
    655.8988        1.1569
    655.9114        1.1849
    655.9240        1.2129
    655.9367        1.2429
    655.9493        1.2868
    655.9619        1.3495
    655.9745        1.4121
    655.9872        1.4772
    655.9998        1.5570
    656.0124        1.6555
    656.0251        1.7540
    656.0377        1.8552
    656.0503        1.9709
    656.0629        2.1041
    656.0756        2.2374
    656.0882        2.3758
    656.1008        2.5396
    656.1134        2.7326
    656.1261        2.9256
    656.1387        3.1187
    656.1513        3.3121
    656.1640        3.5056
    656.1766        3.6992
    656.1892        3.8934
    656.2018        4.0901
    656.2145        4.2892
    656.2271        4.4884
    656.2397        4.6817
    656.2523        4.8519
    656.2650        4.9996
    656.2776        5.1474
    656.2902        5.2907
    656.3029        5.4177
    656.3155        5.5297
    656.3281        5.6417
    656.3407        5.7417
    656.3534        5.7999
    656.3660        5.8220
    656.3786        5.8440
    656.3912        5.8570
    656.4039        5.8400
    656.4165        5.7987
    656.4291        5.7574
    656.4418        5.7000
    656.4544        5.5920
    656.4670        5.4453
    656.4796        5.2987
    656.4923        5.1513
    656.5049        5.0015
    656.5175        4.8501
    656.5301        4.6987
    656.5428        4.5420
    656.5554        4.3703
    656.5680        4.1886
    656.5807        4.0068
    656.5933        3.8218
    656.6059        3.6278
    656.6185        3.4283
    656.6312        3.2288
    656.6438        3.0359
    656.6564        2.8607
    656.6690        2.6958
    656.6817        2.5309
    656.6943        2.3761
    656.7069        2.2471
    656.7196        2.1321
    656.7322        2.0170
    656.7448        1.9094
    656.7574        1.8208
    656.7701        1.7415
    656.7827        1.6622
    656.7953        1.5873
    656.8079        1.5232
    656.8206        1.4639
    656.8332        1.4045
    656.8458        1.3500
    656.8585        1.3065
    656.8711        1.2676
    656.8837        1.2287
    656.8963        1.1925
    656.9090        1.1622
    656.9216        1.1341
    656.9342        1.1061
    656.9468        1.0810
    656.9595        1.0626
    656.9721        1.0464
    656.9847        1.0302
    656.9974        1.0169
    657.0100        1.0099
    657.0226        1.0047
    657.0352        0.9995
    657.0479        0.9958
    657.0605        0.9954
    657.0731        0.9957
    657.0857        0.9961
    657.0984        0.9948
    657.1110        0.9903
    657.1236        0.9850
    657.1363        0.9797
    657.1489        0.9745
    657.1615        0.9696
    657.1741        0.9646
    657.1868        0.9597
    657.1994        0.9574
    657.2120        0.9603
    657.2246        0.9640
    657.2373        0.9677
    657.2499        0.9689
    657.2625        0.9652
    657.2752        0.9609
    657.2878        0.9566
    657.3004        0.9512
    657.3130        0.9437
    657.3257        0.9359
    657.3383        0.9282
    657.3509        0.9254
    657.3635        0.9322
    657.3762        0.9395
    657.3888        0.9468
    657.4014        0.9516
    657.4141        0.9516
    657.4267        0.9515
    657.4393        0.9513
    657.4519        0.9515
    657.4646        0.9522
    657.4772        0.9528
    657.4898        0.9535
    657.5024        0.9545
    657.5151        0.9560
    657.5277        0.9575
    657.5403        0.9590
    657.5530        0.9608
    657.5656        0.9631
    657.5782        0.9654
    657.5908        0.9679
    657.6035        0.9728
    657.6161        0.9815
    657.6287        0.9902
    657.6413        0.9993
    657.6540        1.0120
    657.6666        1.0299
    657.6792        1.0478
    657.6919        1.0632
    657.7045        1.0592
    657.7171        1.0284
    657.7297        0.9975
    657.7424        0.9685
    657.7550        0.9514
    657.7676        0.9498
    657.7802        0.9482
    657.7929        0.9474
    657.8055        0.9505
    657.8181        0.9584
    657.8308        0.9664
    657.8434        0.9734
    657.8560        0.9752
    657.8686        0.9711
    657.8813        0.9671
    657.8939        0.9627
    657.9065        0.9570
    657.9191        0.9498
    657.9318        0.9427
    657.9444        0.9379
    657.9570        0.9432
    657.9697        0.9586
    657.9823        0.9741
    657.9949        0.9870
    658.0075        0.9895
    658.0202        0.9823
    658.0328        0.9750
    658.0454        0.9682
    658.0580        0.9629
    658.0707        0.9589
    658.0833        0.9550
    658.0959        0.9524
    658.1086        0.9546
    658.1212        0.9606
    658.1338        0.9667
    658.1464        0.9725
    658.1591        0.9774
    658.1717        0.9816
    658.1843        0.9858
    658.1969        0.9880
    658.2096        0.9841
    658.2222        0.9757
    658.2348        0.9672
    658.2475        0.9592
    658.2601        0.9524
    658.2727        0.9464
    658.2853        0.9404
    658.2980        0.9384
    658.3106        0.9476
    658.3232        0.9639
    658.3358        0.9801
    658.3485        0.9913
    658.3611        0.9891
    658.3737        0.9792
    658.3864        0.9694
    658.3990        0.9635
    658.4116        0.9674
    658.4242        0.9765
    658.4369        0.9856
    658.4495        0.9925
    658.4621        0.9940
    658.4747        0.9931
    658.4874        0.9921
    658.5000        0.9918
    658.5126        0.9927
    658.5253        0.9942
    658.5379        0.9957
    658.5505        0.9969
    658.5631        0.9975
    658.5758        0.9979
    658.5884        0.9982
    658.6010        0.9989
    658.6136        1.0004
    658.6263        1.0021
    658.6389        1.0038
    658.6515        1.0055
    658.6642        1.0072
    658.6768        1.0088
    658.6894        1.0105
    658.7020        1.0126
    658.7147        1.0157
    658.7273        1.0190
    658.7399        1.0223
    658.7525        1.0221
    658.7652        1.0144
    658.7778        1.0050
    658.7904        0.9957
    658.8031        0.9887
    658.8157        0.9863
    658.8283        0.9848
    658.8409        0.9833
    658.8536        0.9829
    658.8662        0.9847
    658.8788        0.9869
    658.8914        0.9891
    658.9041        0.9920
    658.9167        0.9962
    658.9293        1.0005
    658.9420        1.0049
    658.9546        1.0055
    658.9672        0.9990
    658.9798        0.9921
    658.9925        0.9852
    659.0051        0.9827
    659.0177        0.9886
    659.0303        0.9948
    659.0430        1.0010
    659.0556        1.0047
    659.0682        1.0039
    659.0809        1.0031
    659.0935        1.0022
    659.1061        1.0005
    659.1187        0.9971
    659.1314        0.9938
    659.1440        0.9905
    659.1566        0.9870
    659.1692        0.9834
    659.1819        0.9797
    659.1945        0.9766
    659.2071        0.9786
    659.2198        0.9886
    659.2324        0.9987
    659.2450        1.0081
    659.2576        1.0122
    659.2703        1.0087
    659.2829        1.0052
    659.2955        1.0020
    659.3081        1.0007
    659.3208        1.0019
    659.3334        1.0032
    659.3460        1.0041
    659.3587        1.0031
    659.3713        0.9997
    659.3839        0.9963
    659.3965        0.9930
    659.4092        0.9901
    659.4218        0.9878
    659.4344        0.9855
    659.4470        0.9839
    659.4597        0.9853
    659.4723        0.9901
    659.4849        0.9949
    659.4976        0.9983
    659.5102        0.9956
    659.5228        0.9868
    659.5354        0.9779
    659.5481        0.9706
    659.5607        0.9692
    659.5733        0.9735
    659.5859        0.9778
    659.5986        0.9827
    659.6112        0.9897
    659.6238        0.9986
    659.6365        1.0074
    659.6491        1.0132
    659.6617        1.0087
    659.6743        0.9956
    659.6870        0.9825
    659.6996        0.9717
    659.7122        0.9682
    659.7248        0.9701
    659.7375        0.9720
    659.7501        0.9748
    659.7627        0.9802
    659.7754        0.9875
    659.7880        0.9947
    659.8006        0.9990
    659.8132        0.9951
    659.8259        0.9859
    659.8385        0.9768
    659.8511        0.9702
    659.8637        0.9706
    659.8764        0.9751
    659.8890        0.9795
    659.9016        0.9841
    659.9143        0.9888
    659.9269        0.9937
    659.9395        0.9985
    659.9521        1.0030
    659.9648        1.0064
    659.9774        1.0094
    659.9900        1.0124
    660.0026        1.0143
    660.0153        1.0138
    660.0279        1.0122
    660.0405        1.0107
    660.0532        1.0078
    660.0658        1.0020
    660.0784        0.9951
    660.0910        0.9881
    660.1037        0.9856
    660.1163        0.9929
    660.1289        1.0035
    660.1415        1.0141
    660.1542        1.0206
    660.1668        1.0184
    660.1794        1.0137
    660.1921        1.0090
    660.2047        1.0047
    660.2173        1.0014
    660.2299        0.9984
    660.2426        0.9953
    660.2552        1.0039
    660.2678        1.0362
    660.2804        1.0733
    660.2931        1.1103
    660.3057        1.1248
    660.3183        1.0941
    660.3310        1.0563
    660.3436        1.0186
    660.3562        0.9946
    660.3688        0.9977
    660.3815        1.0038
    660.3941        1.0100
    660.4067        1.0137
    660.4193        1.0129
    660.4320        1.0117
    660.4446        1.0105
    660.4572        1.0099
    660.4699        1.0105
    660.4825        1.0112
    660.4951        1.0118
    660.5077        1.0124
    660.5204        1.0128
    660.5330        1.0133
    660.5456        1.0139
    660.5582        1.0171
    660.5709        1.0248
    660.5835        1.0325
    660.5961        1.0397
    660.6088        1.0388
    660.6214        1.0251
    660.6340        1.0113
    660.6466        0.9980
    660.6593        0.9893
    660.6719        0.9873
    660.6845        0.9854
    660.6971        0.9837
    660.7098        0.9830
    660.7224        0.9840
    660.7350        0.9850
    660.7477        0.9864
    660.7603        0.9907
    660.7729        0.9986
    660.7855        1.0066
    660.7982        1.0133
    660.8108        1.0136
    660.8234        1.0060
    660.8360        0.9983
    660.8487        0.9910
    660.8613        0.9849
    660.8739        0.9803
    660.8866        0.9757
    660.8992        0.9724
    660.9118        0.9743
    660.9244        0.9818
    660.9371        0.9893
    660.9497        0.9956
    660.9623        0.9973
    660.9749        0.9946
    660.9876        0.9919
    661.0002        0.9902
    661.0128        0.9922
    661.0255        0.9974
    661.0381        1.0025
    661.0507        1.0070
    661.0633        1.0092
    661.0760        1.0094
    661.0886        1.0096
    661.1012        1.0079
    661.1138        0.9999
    661.1265        0.9873
    661.1391        0.9746
    661.1517        0.9663
    661.1644        0.9703
    661.1770        0.9828
    661.1896        0.9953
    661.2022        1.0060
    661.2149        1.0119
    661.2275        1.0148
    661.2401        1.0176
    661.2527        1.0189
    661.2654        1.0161
    661.2780        1.0109
    661.2906        1.0057
    661.3033        1.0005
    661.3159        0.9953
    661.3285        0.9902
    661.3411        0.9850
    661.3538        0.9816
    661.3664        0.9825
    661.3790        0.9851
    661.3916        0.9878
    661.4043        0.9909
    661.4169        0.9949
    661.4295        0.9993
    661.4422        1.0036
    661.4548        1.0075
    661.4674        1.0104
    661.4800        1.0129
    661.4927        1.0154
    661.5053        1.0162
    661.5179        1.0132
    661.5305        1.0090
    661.5432        1.0049
    661.5558        1.0001
    661.5684        0.9939
    661.5811        0.9874
    661.5937        0.9808
    661.6063        0.9805
    661.6189        0.9929
    661.6316        1.0077
    661.6442        1.0225
    661.6568        1.0292
    661.6694        1.0196
    661.6821        1.0076
    661.6947        0.9955
    661.7073        0.9911
    661.7200        1.0016
    661.7326        1.0136
    661.7452        1.0255
    661.7578        1.0308
    661.7705        1.0231
    661.7831        1.0147
    661.7957        1.0062
    661.8083        1.0016
    661.8210        1.0041
    661.8336        1.0067
    661.8462        1.0093
    661.8589        1.0104
    661.8715        1.0087
    661.8841        1.0071
    661.8967        1.0052
    661.9094        0.9988
    661.9220        0.9849
    661.9346        0.9710
    661.9472        0.9578
    661.9599        0.9534
    661.9725        0.9624
    661.9851        0.9713
    661.9978        0.9800
    662.0104        0.9866
    662.0230        0.9903
    662.0356        0.9939
    662.0483        0.9973
    662.0609        0.9997
    662.0735        1.0007
    662.0861        1.0017
    662.0988        1.0020
    662.1114        0.9988
    662.1240        0.9913
    662.1367        0.9837
    662.1493        0.9780
    662.1619        0.9807
    662.1745        0.9930
    662.1872        1.0053
    662.1998        1.0157
    662.2124        1.0181
    662.2250        1.0121
    662.2377        1.0061
    662.2503        1.0014
    662.2629        1.0017
    662.2756        1.0069
    662.2882        1.0121
    662.3008        1.0163
    662.3134        1.0171
    662.3261        1.0150
    662.3387        1.0129
    662.3513        1.0097
    662.3639        1.0027
    662.3766        0.9928
    662.3892        0.9829
    662.4018        0.9744
    662.4145        0.9700
    662.4271        0.9685
    662.4397        0.9670
    662.4523        0.9693
    662.4650        0.9822
    662.4776        1.0020
    662.4902        1.0218
    662.5028        1.0340
    662.5155        1.0261
    662.5281        1.0063
    662.5407        0.9865
    662.5534        0.9700
    662.5660        0.9622
    662.5786        0.9589
    662.5912        0.9556
    662.6039        0.9541
    662.6165        0.9570
    662.6291        0.9619
    662.6417        0.9669
    662.6544        0.9727
    662.6670        0.9809
    662.6796        0.9899
    662.6923        0.9990
    662.7049        1.0037
    662.7175        0.9984
    662.7301        0.9898
    662.7428        0.9812
    662.7554        0.9748
    662.7680        0.9734
    662.7806        0.9734
    662.7933        0.9735
    662.8059        0.9740
    662.8185        0.9753
    662.8312        0.9769
    662.8438        0.9785
    662.8564        0.9776
    662.8690        0.9716
    662.8817        0.9645
    662.8943        0.9575
    662.9069        0.9544
    662.9195        0.9591
    662.9322        0.9648
    662.9448        0.9706
    662.9574        0.9766
    662.9701        0.9832
    662.9827        0.9898
    662.9953        0.9964
    663.0079        1.0011
    663.0206        1.0020
    663.0332        1.0028
    663.0458        1.0036
    663.0584        1.0023
    663.0711        0.9973
    663.0837        0.9923
    663.0963        0.9874
    663.1090        0.9855
    663.1216        0.9887
    663.1342        0.9919
    663.1468        0.9949
    663.1595        0.9938
    663.1721        0.9863
    663.1847        0.9788
    663.1973        0.9719
    663.2100        0.9704
    663.2226        0.9765
    663.2352        0.9827
    663.2479        0.9887
    663.2605        0.9934
    663.2731        0.9964
    663.2857        0.9993
    663.2984        1.0028
    663.3110        1.0093
    663.3236        1.0196
    663.3362        1.0299
    663.3489        1.0385
    663.3615        1.0390
    663.3741        1.0302
    663.3868        1.0214
    663.3994        1.0120
    663.4120        0.9999
    663.4246        0.9851
    663.4373        0.9703
    663.4499        0.9582
    663.4625        0.9568
    663.4751        0.9655
    663.4878        0.9742
    663.5004        0.9811
    663.5130        0.9816
    663.5257        0.9764
    663.5383        0.9713
    663.5509        0.9682
    663.5635        0.9718
    663.5762        0.9805
    663.5888        0.9892
    663.6014        0.9964
    663.6140        0.9986
    663.6267        0.9975
    663.6393        0.9964
    663.6519        0.9963
    663.6646        0.9991
    663.6772        1.0037
    663.6898        1.0083
    663.7024        1.0112
    663.7151        1.0096
    663.7277        1.0055
    663.7403        1.0014
    663.7529        1.0007
    663.7656        1.0083
    663.7782        1.0200
    663.7908        1.0318
    663.8035        1.0368
    663.8161        1.0256
    663.8287        1.0074
    663.8413        0.9891
    663.8540        0.9750
    663.8666        0.9705
    663.8792        0.9694
    663.8918        0.9683
    663.9045        0.9685
    663.9171        0.9715
    663.9297        0.9754
    663.9424        0.9793
    663.9550        0.9810
    663.9676        0.9781
    663.9802        0.9740
    663.9929        0.9700
    664.0055        0.9691
    664.0181        0.9750
    664.0308        0.9821
    664.0434        0.9893
    664.0560        0.9942
    664.0686        0.9945
    664.0813        0.9942
    664.0939        0.9938
    664.1065        0.9943
    664.1191        0.9963
    664.1318        0.9986
    664.1444        1.0008
    664.1570        1.0001
    664.1697        0.9939
    664.1823        0.9874
    664.1949        0.9809
    664.2075        0.9781
    664.2202        0.9822
    664.2328        0.9864
    664.2454        0.9906
    664.2580        0.9951
    664.2707        1.0002
    664.2833        1.0053
    664.2959        1.0101
    664.3086        1.0106
    664.3212        1.0046
    664.3338        0.9985
    664.3464        0.9927
    664.3591        0.9901
    664.3717        0.9918
    664.3843        0.9936
    664.3969        0.9950
    664.4096        0.9936
    664.4222        0.9888
    664.4348        0.9839
    664.4475        0.9793
    664.4601        0.9760
    664.4727        0.9744
    664.4853        0.9728
    664.4980        0.9717
    664.5106        0.9732
    664.5232        0.9775
    664.5358        0.9817
    664.5485        0.9861
    664.5611        0.9908
    664.5737        0.9959
    664.5864        1.0010
    664.5990        1.0036
    664.6116        0.9972
    664.6242        0.9825
    664.6369        0.9679
    664.6495        0.9568
    664.6621        0.9575
    664.6747        0.9677
    664.6874        0.9779
    664.7000        0.9852
    664.7126        0.9835
    664.7253        0.9752
    664.7379        0.9670
    664.7505        0.9596
    664.7631        0.9549
    664.7758        0.9520
    664.7884        0.9490
    664.8010        0.9493
    664.8136        0.9583
    664.8263        0.9724
    664.8389        0.9865
    664.8515        0.9966
    664.8642        0.9969
    664.8768        0.9922
    664.8894        0.9875
    664.9020        0.9845
    664.9147        0.9858
    664.9273        0.9890
    664.9399        0.9921
    664.9525        0.9937
    664.9652        0.9914
    664.9778        0.9878
    664.9904        0.9842
    665.0031        0.9783
    665.0157        0.9676
    665.0283        0.9554
    665.0409        0.9432
    665.0536        0.9378
    665.0662        0.9466
    665.0788        0.9589
    665.0914        0.9712
    665.1041        0.9799
    665.1167        0.9813
    665.1293        0.9813
    665.1420        0.9813
    665.1546        0.9825
    665.1672        0.9861
    665.1798        0.9900
    665.1925        0.9939
    665.2051        0.9935
    665.2177        0.9846
    665.2303        0.9749
    665.2430        0.9653
    665.2556        0.9623
    665.2682        0.9717
    665.2809        0.9815
    665.2935        0.9912
    665.3061        0.9961
    665.3187        0.9926
    665.3314        0.9891
    665.3440        0.9857
    665.3566        0.9839
    665.3692        0.9847
    665.3819        0.9855
    665.3945        0.9861
    665.4071        0.9843
    665.4198        0.9790
    665.4324        0.9738
    665.4450        0.9693
    665.4576        0.9706
    665.4703        0.9797
    665.4829        0.9887
    665.4955        0.9965
    665.5081        0.9964
    665.5208        0.9868
    665.5334        0.9772
    665.5460        0.9682
    665.5587        0.9624
    665.5713        0.9601
    665.5839        0.9578
    665.5965        0.9554
    665.6092        0.9527
    665.6218        0.9496
    665.6344        0.9466
    665.6470        0.9453
    665.6597        0.9504
    665.6723        0.9616
    665.6849        0.9727
    665.6976        0.9809
    665.7102        0.9796
    665.7228        0.9703
    665.7354        0.9611
    665.7481        0.9537
    665.7607        0.9523
    665.7733        0.9552
    665.7859        0.9580
    665.7986        0.9609
    665.8112        0.9635
    665.8238        0.9661
    665.8365        0.9687
    665.8491        0.9712
    665.8617        0.9734
    665.8743        0.9755
    665.8870        0.9776
    665.8996        0.9797
    665.9122        0.9818
    665.9248        0.9840
    665.9375        0.9861
    665.9501        0.9883
    665.9627        0.9906
    665.9754        0.9930
    665.9880        0.9953
    666.0006        0.9963
    666.0132        0.9940
    666.0259        0.9905
    666.0385        0.9871
    666.0511        0.9861
    666.0637        0.9905
    666.0764        0.9964
    666.0890        1.0023
    666.1016        1.0082
    666.1143        1.0143
    666.1269        1.0204
    666.1395        1.0265
    666.1521        1.0264
    666.1648        1.0138
    666.1774        0.9992
    666.1900        0.9846
    666.2026        0.9749
    666.2153        0.9747
    666.2279        0.9756
    666.2405        0.9765
    666.2532        0.9782
    666.2658        0.9812
    666.2784        0.9844
    666.2910        0.9876
    666.3037        0.9871
    666.3163        0.9799
    666.3289        0.9726
    666.3415        0.9654
    666.3542        0.9595
    666.3668        0.9558
    666.3794        0.9522
    666.3921        0.9489
    666.4047        0.9507
    666.4173        0.9600
    666.4299        0.9693
    666.4426        0.9780
    666.4552        0.9816
    666.4678        0.9782
    666.4804        0.9747
    666.4931        0.9714
    666.5057        0.9687
    666.5183        0.9670
    666.5310        0.9653
    666.5436        0.9638
    666.5562        0.9640
    666.5688        0.9660
    666.5815        0.9680
    666.5941        0.9702
    666.6067        0.9735
    666.6193        0.9777
    666.6320        0.9820
    666.6446        0.9858
    666.6572        0.9882
    666.6699        0.9893
    666.6825        0.9903
    666.6951        0.9908
    666.7077        0.9892
    666.7204        0.9861
    666.7330        0.9829
    666.7456        0.9796
    666.7582        0.9760
    666.7709        0.9722
    666.7835        0.9684
    666.7961        0.9675
    666.8088        0.9747
    666.8214        0.9871
    666.8340        0.9995
    666.8466        1.0080
    666.8593        1.0060
    666.8719        0.9984
    666.8845        0.9907
    666.8971        0.9867
    666.9098        0.9919
    666.9224        1.0015
    666.9350        1.0111
    666.9477        1.0167
    666.9603        1.0129
    666.9729        1.0053
    666.9855        0.9978
    666.9982        0.9923
    667.0108        0.9915
    667.0234        0.9923
    667.0360        0.9931
    667.0487        0.9916
    667.0613        0.9851
    667.0739        0.9774
    667.0866        0.9696
    667.0992        0.9667
    667.1118        0.9738
    667.1244        0.9829
    667.1371        0.9920
    667.1497        0.9973
    667.1623        0.9951
    667.1749        0.9920
    667.1876        0.9888
    667.2002        0.9869
    667.2128        0.9876
    667.2255        0.9884
    667.2381        0.9892
    667.2507        0.9871
    667.2633        0.9796
    667.2760        0.9720
    667.2886        0.9644
    667.3012        0.9581
    667.3138        0.9539
    667.3265        0.9497
    667.3391        0.9460
    667.3517        0.9479
    667.3644        0.9589
    667.3770        0.9698
    667.3896        0.9800
    667.4022        0.9836
    667.4149        0.9778
    667.4275        0.9720
    667.4401        0.9667
    667.4527        0.9643
    667.4654        0.9657
    667.4780        0.9670
    667.4906        0.9677
    667.5033        0.9650
    667.5159        0.9585
    667.5285        0.9520
    667.5411        0.9471
    667.5538        0.9493
    667.5664        0.9586
    667.5790        0.9679
    667.5916        0.9771
    667.6043        0.9855
    667.6169        0.9933
    667.6295        1.0011
    667.6422        1.0048
    667.6548        0.9952
    667.6674        0.9747
    667.6800        0.9541
    667.6927        0.9392
    667.7053        0.9413
    667.7179        0.9557
    667.7305        0.9701
    667.7432        0.9813
    667.7558        0.9839
    667.7684        0.9810
    667.7811        0.9781
    667.7937        0.9733
    667.8063        0.9636
    667.8189        0.9514
    667.8316        0.9391
    667.8442        0.9310
    667.8568        0.9329
    667.8694        0.9394
    667.8821        0.9459
    667.8947        0.9505
    667.9073        0.9508
    667.9200        0.9495
    667.9326        0.9481
    667.9452        0.9465
    667.9578        0.9442
    667.9705        0.9416
    667.9831        0.9390
    667.9957        0.9394
    668.0083        0.9458
    668.0210        0.9537
    668.0336        0.9616
    668.0462        0.9680
    668.0589        0.9714
    668.0715        0.9744
    668.0841        0.9773
    668.0967        0.9770
    668.1094        0.9706
    668.1220        0.9635
    668.1346        0.9564
    668.1472        0.9497
    668.1599        0.9437
    668.1725        0.9377
    668.1851        0.9317
    668.1978        0.9303
    668.2104        0.9371
    668.2230        0.9439
    668.2356        0.9507
    668.2483        0.9570
    668.2609        0.9624
    668.2735        0.9678
    668.2861        0.9731
    668.2988        0.9771
    668.3114        0.9791
    668.3240        0.9812
    668.3367        0.9829
    668.3493        0.9821
    668.3619        0.9782
    668.3745        0.9742
    668.3872        0.9701
    668.3998        0.9655
    668.4124        0.9604
    668.4250        0.9552
    668.4377        0.9510
    668.4503        0.9506
    668.4629        0.9544
    668.4756        0.9582
    668.4882        0.9615
    668.5008        0.9634
    668.5134        0.9637
    668.5261        0.9641
    668.5387        0.9658
    668.5513        0.9717
    668.5639        0.9813
    668.5766        0.9908
    668.5892        0.9976
    668.6018        0.9965
    668.6145        0.9896
    668.6271        0.9826
    668.6397        0.9775
    668.6523        0.9777
    668.6650        0.9811
    668.6776        0.9845
    668.6902        0.9860
    668.7028        0.9823
    668.7155        0.9759
    668.7281        0.9695
    668.7407        0.9663
    668.7534        0.9710
    668.7660        0.9793
    668.7786        0.9876
    668.7912        0.9941
    668.8039        0.9964
    668.8165        0.9973
    668.8291        0.9981
    668.8417        0.9964
    668.8544        0.9893
    668.8670        0.9805
    668.8796        0.9717
    668.8923        0.9667
    668.9049        0.9695
    668.9175        0.9742
    668.9301        0.9789
    668.9428        0.9831
    668.9554        0.9866
    668.9680        0.9899
    668.9806        0.9932
    668.9933        0.9973
    669.0059        1.0030
    669.0185        1.0089
    669.0312        1.0148
    669.0438        1.0185
    669.0564        1.0182
    669.0690        1.0178
    669.0817        1.0174
    669.0943        1.0176
    669.1069        1.0189
    669.1195        1.0203
    669.1322        1.0212
    669.1448        1.0165
    669.1574        1.0030
    669.1701        0.9895
    669.1827        0.9769
    669.1953        0.9715
    669.2079        0.9762
    669.2206        0.9809
    669.2332        0.9853
    669.2458        0.9887
    669.2584        0.9906
    669.2711        0.9925
    669.2837        0.9931
    669.2963        0.9879
    669.3090        0.9762
    669.3216        0.9645
    669.3342        0.9533
    669.3468        0.9443
    669.3595        0.9374
    669.3721        0.9305
    669.3847        0.9249
    669.3973        0.9238
    669.4100        0.9265
    669.4226        0.9293
    669.4352        0.9328
    669.4479        0.9388
    669.4605        0.9468
    669.4731        0.9548
    669.4857        0.9622
    669.4984        0.9679
    669.5110        0.9725
    669.5236        0.9771
    669.5362        0.9813
    669.5489        0.9845
    669.5615        0.9870
    669.5741        0.9896
    669.5868        0.9904
    669.5994        0.9867
    669.6120        0.9809
    669.6246        0.9750
    669.6373        0.9703
    669.6499        0.9679
    669.6625        0.9664
    669.6751        0.9649
    669.6878        0.9665
    669.7004        0.9747
    669.7130        0.9849
    669.7257        0.9952
    669.7383        1.0033
    669.7509        1.0071
    669.7635        1.0099
    669.7762        1.0126
    669.7888        1.0099
    669.8014        0.9965
    669.8140        0.9813
    669.8267        0.9661
    669.8393        0.9580
    669.8519        0.9639
    669.8646        0.9711
    669.8772        0.9783
    669.8898        0.9823
    669.9024        0.9803
    669.9151        0.9781
    669.9277        0.9759
    669.9403        0.9730
    669.9529        0.9690
    669.9656        0.9650
    669.9782        0.9612
    669.9908        0.9591
