    650.3340        1.0323
    650.3381        1.0559
    650.3423        1.0756
    650.3464        1.0872
    650.3506        1.0890
    650.3547        1.0827
    650.3589        1.0722
    650.3630        1.0612
    650.3672        1.0521
    650.3713        1.0455
    650.3754        1.0404
    650.3796        1.0348
    650.3837        1.0262
    650.3879        1.0125
    650.3920        0.9938
    650.3962        0.9722
    650.4003        0.9514
    650.4045        0.9341
    650.4086        0.9212
    650.4128        0.9120
    650.4169        0.9057
    650.4211        0.9025
    650.4252        0.9039
    650.4293        0.9123
    650.4335        0.9298
    650.4376        0.9574
    650.4418        0.9932
    650.4459        1.0327
    650.4501        1.0695
    650.4542        1.0979
    650.4584        1.1149
    650.4625        1.1208
    650.4667        1.1174
    650.4708        1.1065
    650.4749        1.0893
    650.4791        1.0676
    650.4832        1.0450
    650.4874        1.0269
    650.4915        1.0190
    650.4957        1.0238
    650.4998        1.0390
    650.5040        1.0573
    650.5081        1.0696
    650.5123        1.0693
    650.5164        1.0557
    650.5206        1.0346
    650.5247        1.0150
    650.5288        1.0035
    650.5330        1.0012
    650.5371        1.0037
    650.5413        1.0052
    650.5454        1.0021
    650.5496        0.9944
    650.5537        0.9842
    650.5579        0.9734
    650.5620        0.9631
    650.5662        0.9532
    650.5703        0.9444
    650.5745        0.9383
    650.5786        0.9372
    650.5827        0.9428
    650.5869        0.9552
    650.5910        0.9728
    650.5952        0.9924
    650.5993        1.0107
    650.6035        1.0242
    650.6076        1.0302
    650.6118        1.0283
    650.6159        1.0203
    650.6201        1.0109
    650.6242        1.0053
    650.6283        1.0078
    650.6325        1.0194
    650.6366        1.0376
    650.6408        1.0572
    650.6449        1.0722
    650.6491        1.0786
    650.6532        1.0757
    650.6574        1.0660
    650.6615        1.0535
    650.6657        1.0423
    650.6698        1.0349
    650.6740        1.0320
    650.6781        1.0326
    650.6822        1.0344
    650.6864        1.0347
    650.6905        1.0311
    650.6947        1.0236
    650.6988        1.0139
    650.7030        1.0053
    650.7071        1.0011
    650.7113        1.0035
    650.7154        1.0133
    650.7196        1.0288
    650.7237        1.0463
    650.7278        1.0601
    650.7320        1.0650
    650.7361        1.0587
    650.7403        1.0430
    650.7444        1.0229
    650.7486        1.0040
    650.7527        0.9901
    650.7569        0.9823
    650.7610        0.9796
    650.7652        0.9810
    650.7693        0.9856
    650.7735        0.9934
    650.7776        1.0039
    650.7817        1.0151
    650.7859        1.0236
    650.7900        1.0244
    650.7942        1.0131
    650.7983        0.9874
    650.8025        0.9488
    650.8066        0.9038
    650.8108        0.8621
    650.8149        0.8343
    650.8191        0.8279
    650.8232        0.8453
    650.8274        0.8831
    650.8315        0.9330
    650.8356        0.9847
    650.8398        1.0283
    650.8439        1.0568
    650.8481        1.0670
    650.8522        1.0599
    650.8564        1.0401
    650.8605        1.0141
    650.8647        0.9888
    650.8688        0.9697
    650.8730        0.9597
    650.8771        0.9591
    650.8812        0.9660
    650.8854        0.9772
    650.8895        0.9895
    650.8937        1.0004
    650.8978        1.0084
    650.9020        1.0138
    650.9061        1.0178
    650.9103        1.0227
    650.9144        1.0307
    650.9186        1.0428
    650.9227        1.0575
    650.9269        1.0715
    650.9310        1.0806
    650.9351        1.0820
    650.9393        1.0759
    650.9434        1.0653
    650.9476        1.0548
    650.9517        1.0489
    650.9559        1.0507
    650.9600        1.0608
    650.9642        1.0772
    650.9683        1.0964
    650.9725        1.1148
    650.9766        1.1297
    650.9808        1.1400
    650.9849        1.1455
    650.9890        1.1460
    650.9932        1.1404
    650.9973        1.1279
    651.0015        1.1077
    651.0056        1.0805
    651.0098        1.0482
    651.0139        1.0141
    651.0181        0.9824
    651.0222        0.9584
    651.0264        0.9461
    651.0305        0.9469
    651.0346        0.9577
    651.0388        0.9722
    651.0429        0.9839
    651.0471        0.9892
    651.0512        0.9886
    651.0554        0.9856
    651.0595        0.9841
    651.0637        0.9865
    651.0678        0.9931
    651.0720        1.0024
    651.0761        1.0121
    651.0803        1.0197
    651.0844        1.0227
    651.0885        1.0196
    651.0927        1.0109
    651.0968        0.9993
    651.1010        0.9898
    651.1051        0.9874
    651.1093        0.9951
    651.1134        1.0114
    651.1176        1.0304
    651.1217        1.0445
    651.1259        1.0479
    651.1300        1.0398
    651.1341        1.0251
    651.1383        1.0113
    651.1424        1.0051
    651.1466        1.0091
    651.1507        1.0219
    651.1549        1.0394
    651.1590        1.0572
    651.1632        1.0718
    651.1673        1.0808
    651.1715        1.0835
    651.1756        1.0809
    651.1798        1.0754
    651.1839        1.0691
    651.1880        1.0633
    651.1922        1.0580
    651.1963        1.0528
    651.2005        1.0476
    651.2046        1.0424
    651.2088        1.0360
    651.2129        1.0263
    651.2171        1.0105
    651.2212        0.9877
    651.2254        0.9596
    651.2295        0.9306
    651.2337        0.9065
    651.2378        0.8917
    651.2419        0.8890
    651.2461        0.8984
    651.2502        0.9175
    651.2544        0.9421
    651.2585        0.9664
    651.2627        0.9856
    651.2668        0.9972
    651.2710        1.0016
    651.2751        1.0015
    651.2793        0.9994
    651.2834        0.9967
    651.2875        0.9932
    651.2917        0.9885
    651.2958        0.9824
    651.3000        0.9752
    651.3041        0.9676
    651.3083        0.9603
    651.3124        0.9534
    651.3166        0.9467
    651.3207        0.9399
    651.3249        0.9332
    651.3290        0.9272
    651.3332        0.9229
    651.3373        0.9218
    651.3414        0.9247
    651.3456        0.9312
    651.3497        0.9392
    651.3539        0.9459
    651.3580        0.9487
    651.3622        0.9470
    651.3663        0.9418
    651.3705        0.9355
    651.3746        0.9309
    651.3788        0.9311
    651.3829        0.9383
    651.3871        0.9534
    651.3912        0.9749
    651.3953        0.9992
    651.3995        1.0221
    651.4036        1.0393
    651.4078        1.0483
    651.4119        1.0488
    651.4161        1.0424
    651.4202        1.0325
    651.4244        1.0224
    651.4285        1.0149
    651.4327        1.0113
    651.4368        1.0118
    651.4409        1.0152
    651.4451        1.0197
    651.4492        1.0238
    651.4534        1.0265
    651.4575        1.0277
    651.4617        1.0278
    651.4658        1.0271
    651.4700        1.0251
    651.4741        1.0206
    651.4783        1.0120
    651.4824        0.9979
    651.4866        0.9770
    651.4907        0.9501
    651.4948        0.9204
    651.4990        0.8933
    651.5031        0.8749
    651.5073        0.8683
    651.5114        0.8725
    651.5156        0.8829
    651.5197        0.8938
    651.5239        0.9009
    651.5280        0.9033
    651.5322        0.9025
    651.5363        0.9014
    651.5404        0.9030
    651.5446        0.9091
    651.5487        0.9201
    651.5529        0.9346
    651.5570        0.9504
    651.5612        0.9648
    651.5653        0.9753
    651.5695        0.9809
    651.5736        0.9823
    651.5778        0.9818
    651.5819        0.9822
    651.5861        0.9847
    651.5902        0.9885
    651.5943        0.9910
    651.5985        0.9895
    651.6026        0.9829
    651.6068        0.9717
    651.6109        0.9571
    651.6151        0.9405
    651.6192        0.9232
    651.6234        0.9066
    651.6275        0.8924
    651.6317        0.8819
    651.6358        0.8757
    651.6400        0.8733
    651.6441        0.8736
    651.6482        0.8752
    651.6524        0.8766
    651.6565        0.8762
    651.6607        0.8737
    651.6648        0.8704
    651.6690        0.8690
    651.6731        0.8733
    651.6773        0.8857
    651.6814        0.9062
    651.6856        0.9318
    651.6897        0.9580
    651.6938        0.9811
    651.6980        0.9991
    651.7021        1.0113
    651.7063        1.0170
    651.7104        1.0144
    651.7146        1.0023
    651.7187        0.9813
    651.7229        0.9554
    651.7270        0.9310
    651.7312        0.9152
    651.7353        0.9135
    651.7395        0.9270
    651.7436        0.9522
    651.7477        0.9817
    651.7519        1.0077
    651.7560        1.0254
    651.7602        1.0343
    651.7643        1.0376
    651.7685        1.0395
    651.7726        1.0421
    651.7768        1.0448
    651.7809        1.0449
    651.7851        1.0400
    651.7892        1.0293
    651.7934        1.0147
    651.7975        0.9994
    651.8016        0.9867
    651.8058        0.9781
    651.8099        0.9727
    651.8141        0.9677
    651.8182        0.9606
    651.8224        0.9513
    651.8265        0.9420
    651.8307        0.9363
    651.8348        0.9367
    651.8390        0.9435
    651.8431        0.9544
    651.8472        0.9663
    651.8514        0.9764
    651.8555        0.9833
    651.8597        0.9870
    651.8638        0.9882
    651.8680        0.9883
    651.8721        0.9885
    651.8763        0.9899
    651.8804        0.9929
    651.8846        0.9970
    651.8887        1.0008
    651.8929        1.0032
    651.8970        1.0039
    651.9011        1.0042
    651.9053        1.0064
    651.9094        1.0128
    651.9136        1.0243
    651.9177        1.0394
    651.9219        1.0548
    651.9260        1.0659
    651.9302        1.0691
    651.9343        1.0626
    651.9385        1.0476
    651.9426        1.0278
    651.9467        1.0083
    651.9509        0.9930
    651.9550        0.9839
    651.9592        0.9805
    651.9633        0.9816
    651.9675        0.9860
    651.9716        0.9929
    651.9758        1.0018
    651.9799        1.0111
    651.9841        1.0180
    651.9882        1.0200
    651.9924        1.0157
    651.9965        1.0061
    652.0006        0.9946
    652.0048        0.9854
    652.0089        0.9815
    652.0131        0.9840
    652.0172        0.9914
    652.0214        1.0007
    652.0255        1.0085
    652.0297        1.0124
    652.0338        1.0108
    652.0380        1.0035
    652.0421        0.9913
    652.0463        0.9762
    652.0504        0.9612
    652.0545        0.9496
    652.0587        0.9442
    652.0628        0.9456
    652.0670        0.9523
    652.0711        0.9612
    652.0753        0.9690
    652.0794        0.9743
    652.0836        0.9780
    652.0877        0.9821
    652.0919        0.9880
    652.0960        0.9946
    652.1001        0.9976
    652.1043        0.9918
    652.1084        0.9745
    652.1126        0.9476
    652.1167        0.9179
    652.1209        0.8945
    652.1250        0.8846
    652.1292        0.8911
    652.1333        0.9127
    652.1375        0.9447
    652.1416        0.9806
    652.1458        1.0134
    652.1499        1.0372
    652.1540        1.0484
    652.1582        1.0472
    652.1623        1.0371
    652.1665        1.0233
    652.1706        1.0100
    652.1748        0.9998
    652.1789        0.9933
    652.1831        0.9903
    652.1872        0.9905
    652.1914        0.9932
    652.1955        0.9969
    652.1997        1.0001
    652.2038        1.0019
    652.2079        1.0030
    652.2121        1.0051
    652.2162        1.0094
    652.2204        1.0156
    652.2245        1.0221
    652.2287        1.0269
    652.2328        1.0280
    652.2370        1.0246
    652.2411        1.0172
    652.2453        1.0080
    652.2494        1.0003
    652.2535        0.9970
    652.2577        0.9995
    652.2618        1.0071
    652.2660        1.0181
    652.2701        1.0309
    652.2743        1.0446
    652.2784        1.0588
    652.2826        1.0733
    652.2867        1.0879
    652.2909        1.1024
    652.2950        1.1160
    652.2992        1.1267
    652.3033        1.1317
    652.3074        1.1289
    652.3116        1.1174
    652.3157        1.0985
    652.3199        1.0746
    652.3240        1.0493
    652.3282        1.0265
    652.3323        1.0098
    652.3365        1.0014
    652.3406        1.0003
    652.3448        1.0021
    652.3489        1.0018
    652.3530        0.9967
    652.3572        0.9876
    652.3613        0.9776
    652.3655        0.9693
    652.3696        0.9633
    652.3738        0.9578
    652.3779        0.9511
    652.3821        0.9432
    652.3862        0.9361
    652.3904        0.9325
    652.3945        0.9341
    652.3987        0.9403
    652.4028        0.9481
    652.4069        0.9534
    652.4111        0.9524
    652.4152        0.9434
    652.4194        0.9273
    652.4235        0.9085
    652.4277        0.8924
    652.4318        0.8836
    652.4360        0.8833
    652.4401        0.8894
    652.4443        0.8981
    652.4484        0.9063
    652.4526        0.9132
    652.4567        0.9196
    652.4608        0.9266
    652.4650        0.9346
    652.4691        0.9429
    652.4733        0.9506
    652.4774        0.9573
    652.4816        0.9640
    652.4857        0.9722
    652.4899        0.9839
    652.4940        1.0003
    652.4982        1.0206
    652.5023        1.0419
    652.5064        1.0593
    652.5106        1.0685
    652.5147        1.0668
    652.5189        1.0548
    652.5230        1.0359
    652.5272        1.0154
    652.5313        0.9989
    652.5355        0.9897
    652.5396        0.9886
    652.5438        0.9935
    652.5479        1.0004
    652.5521        1.0046
    652.5562        1.0015
    652.5603        0.9890
    652.5645        0.9678
    652.5686        0.9424
    652.5728        0.9190
    652.5769        0.9036
    652.5811        0.8991
    652.5852        0.9056
    652.5894        0.9214
    652.5935        0.9439
    652.5977        0.9708
    652.6018        0.9997
    652.6060        1.0280
    652.6101        1.0536
    652.6142        1.0751
    652.6184        1.0910
    652.6225        1.1007
    652.6267        1.1037
    652.6308        1.1006
    652.6350        1.0925
    652.6391        1.0807
    652.6433        1.0667
    652.6474        1.0518
    652.6516        1.0382
    652.6557        1.0281
    652.6598        1.0236
    652.6640        1.0242
    652.6681        1.0267
    652.6723        1.0264
    652.6764        1.0193
    652.6806        1.0046
    652.6847        0.9851
    652.6889        0.9657
    652.6930        0.9501
    652.6972        0.9400
    652.7013        0.9351
    652.7055        0.9358
    652.7096        0.9437
    652.7137        0.9602
    652.7179        0.9851
    652.7220        1.0146
    652.7262        1.0433
    652.7303        1.0659
    652.7345        1.0794
    652.7386        1.0834
    652.7428        1.0799
    652.7469        1.0719
    652.7511        1.0626
    652.7552        1.0543
    652.7593        1.0487
    652.7635        1.0456
    652.7676        1.0434
    652.7718        1.0392
    652.7759        1.0295
    652.7801        1.0123
    652.7842        0.9883
    652.7884        0.9612
    652.7925        0.9370
    652.7967        0.9219
    652.8008        0.9194
    652.8050        0.9281
    652.8091        0.9424
    652.8132        0.9544
    652.8174        0.9574
    652.8215        0.9490
    652.8257        0.9315
    652.8298        0.9109
    652.8340        0.8947
    652.8381        0.8885
    652.8423        0.8952
    652.8464        0.9134
    652.8506        0.9386
    652.8547        0.9649
    652.8589        0.9864
    652.8630        0.9998
    652.8671        1.0051
    652.8713        1.0051
    652.8754        1.0040
    652.8796        1.0049
    652.8837        1.0083
    652.8879        1.0125
    652.8920        1.0146
    652.8962        1.0131
    652.9003        1.0090
    652.9045        1.0054
    652.9086        1.0059
    652.9127        1.0128
    652.9169        1.0257
    652.9210        1.0417
    652.9252        1.0563
    652.9293        1.0650
    652.9335        1.0653
    652.9376        1.0583
    652.9418        1.0477
    652.9459        1.0386
    652.9501        1.0347
    652.9542        1.0370
    652.9584        1.0435
    652.9625        1.0514
    652.9666        1.0597
    652.9708        1.0696
    652.9749        1.0834
    652.9791        1.1021
    652.9832        1.1238
    652.9874        1.1450
    652.9915        1.1615
    652.9957        1.1710
    652.9998        1.1729
    653.0040        1.1684
    653.0081        1.1597
    653.0122        1.1487
    653.0164        1.1371
    653.0205        1.1262
    653.0247        1.1166
    653.0288        1.1080
    653.0330        1.1001
    653.0371        1.0924
    653.0413        1.0846
    653.0454        1.0774
    653.0496        1.0711
    653.0537        1.0656
    653.0579        1.0598
    653.0620        1.0526
    653.0661        1.0444
    653.0703        1.0364
    653.0744        1.0303
    653.0786        1.0267
    653.0827        1.0256
    653.0869        1.0274
    653.0910        1.0325
    653.0952        1.0412
    653.0993        1.0521
    653.1035        1.0618
    653.1076        1.0660
    653.1118        1.0616
    653.1159        1.0488
    653.1200        1.0310
    653.1242        1.0140
    653.1283        1.0024
    653.1325        0.9970
    653.1366        0.9949
    653.1408        0.9904
    653.1449        0.9789
    653.1491        0.9587
    653.1532        0.9323
    653.1574        0.9049
    653.1615        0.8827
    653.1656        0.8709
    653.1698        0.8726
    653.1739        0.8882
    653.1781        0.9150
    653.1822        0.9480
    653.1864        0.9808
    653.1905        1.0078
    653.1947        1.0249
    653.1988        1.0308
    653.2030        1.0266
    653.2071        1.0163
    653.2113        1.0051
    653.2154        0.9982
    653.2195        0.9984
    653.2237        1.0049
    653.2278        1.0145
    653.2320        1.0235
    653.2361        1.0298
    653.2403        1.0328
    653.2444        1.0334
    653.2486        1.0330
    653.2527        1.0332
    653.2569        1.0347
    653.2610        1.0360
    653.2652        1.0343
    653.2693        1.0273
    653.2734        1.0151
    653.2776        1.0011
    653.2817        0.9900
    653.2859        0.9848
    653.2900        0.9860
    653.2942        0.9918
    653.2983        0.9999
    653.3025        1.0088
    653.3066        1.0184
    653.3108        1.0285
    653.3149        1.0383
    653.3190        1.0463
    653.3232        1.0511
    653.3273        1.0526
    653.3315        1.0521
    653.3356        1.0508
    653.3398        1.0485
    653.3439        1.0433
    653.3481        1.0326
    653.3522        1.0156
    653.3564        0.9950
    653.3605        0.9767
    653.3647        0.9667
    653.3688        0.9678
    653.3729        0.9778
    653.3771        0.9908
    653.3812        1.0009
    653.3854        1.0048
    653.3895        1.0028
    653.3937        0.9968
    653.3978        0.9887
    653.4020        0.9796
    653.4061        0.9699
    653.4103        0.9604
    653.4144        0.9527
    653.4185        0.9486
    653.4227        0.9498
    653.4268        0.9572
    653.4310        0.9705
    653.4351        0.9877
    653.4393        1.0051
    653.4434        1.0182
    653.4476        1.0233
    653.4517        1.0198
    653.4559        1.0103
    653.4600        0.9991
    653.4642        0.9901
    653.4683        0.9849
    653.4724        0.9823
    653.4766        0.9794
    653.4807        0.9742
    653.4849        0.9668
    653.4890        0.9595
    653.4932        0.9558
    653.4973        0.9579
    653.5015        0.9651
    653.5056        0.9739
    653.5098        0.9796
    653.5139        0.9784
    653.5181        0.9694
    653.5222        0.9544
    653.5263        0.9369
    653.5305        0.9214
    653.5346        0.9120
    653.5388        0.9113
    653.5429        0.9194
    653.5471        0.9343
    653.5512        0.9529
    653.5554        0.9730
    653.5595        0.9946
    653.5637        1.0180
    653.5678        1.0431
    653.5719        1.0680
    653.5761        1.0897
    653.5802        1.1060
    653.5844        1.1161
    653.5885        1.1200
    653.5927        1.1192
    653.5968        1.1154
    653.6010        1.1116
    653.6051        1.1114
    653.6093        1.1169
    653.6134        1.1272
    653.6176        1.1371
    653.6217        1.1386
    653.6258        1.1251
    653.6300        1.0953
    653.6341        1.0537
    653.6383        1.0093
    653.6424        0.9710
    653.6466        0.9446
    653.6507        0.9324
    653.6549        0.9337
    653.6590        0.9466
    653.6632        0.9680
    653.6673        0.9945
    653.6715        1.0219
    653.6756        1.0459
    653.6797        1.0629
    653.6839        1.0707
    653.6880        1.0693
    653.6922        1.0599
    653.6963        1.0448
    653.7005        1.0270
    653.7046        1.0096
    653.7088        0.9959
    653.7129        0.9881
    653.7171        0.9869
    653.7212        0.9915
    653.7253        0.9997
    653.7295        1.0091
    653.7336        1.0179
    653.7378        1.0259
    653.7419        1.0343
    653.7461        1.0445
    653.7502        1.0564
    653.7544        1.0679
    653.7585        1.0758
    653.7627        1.0776
    653.7668        1.0736
    653.7710        1.0662
    653.7751        1.0594
    653.7792        1.0557
    653.7834        1.0562
    653.7875        1.0599
    653.7917        1.0658
    653.7958        1.0728
    653.8000        1.0796
    653.8041        1.0840
    653.8083        1.0831
    653.8124        1.0733
    653.8166        1.0534
    653.8207        1.0256
    653.8248        0.9961
    653.8290        0.9729
    653.8331        0.9624
    653.8373        0.9668
    653.8414        0.9832
    653.8456        1.0054
    653.8497        1.0267
    653.8539        1.0428
    653.8580        1.0521
    653.8622        1.0555
    653.8663        1.0553
    653.8705        1.0527
    653.8746        1.0474
    653.8787        1.0378
    653.8829        1.0231
    653.8870        1.0054
    653.8912        0.9898
    653.8953        0.9819
    653.8995        0.9853
    653.9036        0.9986
    653.9078        1.0168
    653.9119        1.0334
    653.9161        1.0446
    653.9202        1.0504
    653.9244        1.0540
    653.9285        1.0582
    653.9326        1.0629
    653.9368        1.0647
    653.9409        1.0600
    653.9451        1.0480
    653.9492        1.0320
    653.9534        1.0173
    653.9575        1.0082
    653.9617        1.0047
    653.9658        1.0037
    653.9700        1.0011
    653.9741        0.9943
    653.9782        0.9838
    653.9824        0.9721
    653.9865        0.9615
    653.9907        0.9533
    653.9948        0.9478
    653.9990        0.9452
    654.0031        0.9463
    654.0073        0.9524
    654.0114        0.9644
    654.0156        0.9812
    654.0197        0.9998
    654.0239        1.0157
    654.0280        1.0251
    654.0321        1.0271
    654.0363        1.0245
    654.0404        1.0225
    654.0446        1.0253
    654.0487        1.0342
    654.0529        1.0468
    654.0570        1.0598
    654.0612        1.0711
    654.0653        1.0819
    654.0695        1.0946
    654.0736        1.1102
    654.0778        1.1268
    654.0819        1.1395
    654.0860        1.1439
    654.0902        1.1385
    654.0943        1.1258
    654.0985        1.1110
    654.1026        1.0994
    654.1068        1.0950
    654.1109        1.0990
    654.1151        1.1095
    654.1192        1.1215
    654.1234        1.1297
    654.1275        1.1292
    654.1316        1.1180
    654.1358        1.0965
    654.1399        1.0678
    654.1441        1.0358
    654.1482        1.0043
    654.1524        0.9762
    654.1565        0.9533
    654.1607        0.9376
    654.1648        0.9312
    654.1690        0.9355
    654.1731        0.9495
    654.1773        0.9694
    654.1814        0.9889
    654.1855        1.0024
    654.1897        1.0061
    654.1938        0.9996
    654.1980        0.9849
    654.2021        0.9651
    654.2063        0.9437
    654.2104        0.9232
    654.2146        0.9052
    654.2187        0.8901
    654.2229        0.8783
    654.2270        0.8702
    654.2311        0.8671
    654.2353        0.8707
    654.2394        0.8822
    654.2436        0.9013
    654.2477        0.9262
    654.2519        0.9546
    654.2560        0.9838
    654.2602        1.0118
    654.2643        1.0363
    654.2685        1.0545
    654.2726        1.0641
    654.2768        1.0644
    654.2809        1.0572
    654.2850        1.0460
    654.2892        1.0341
    654.2933        1.0224
    654.2975        1.0100
    654.3016        0.9951
    654.3058        0.9775
    654.3099        0.9590
    654.3141        0.9432
    654.3182        0.9329
    654.3224        0.9299
    654.3265        0.9331
    654.3307        0.9396
    654.3348        0.9453
    654.3389        0.9462
    654.3431        0.9406
    654.3472        0.9298
    654.3514        0.9175
    654.3555        0.9078
    654.3597        0.9030
    654.3638        0.9021
    654.3680        0.9021
    654.3721        0.9006
    654.3763        0.8975
    654.3804        0.8951
    654.3845        0.8971
    654.3887        0.9065
    654.3928        0.9241
    654.3970        0.9482
    654.4011        0.9750
    654.4053        0.9996
    654.4094        1.0180
    654.4136        1.0274
    654.4177        1.0277
    654.4219        1.0212
    654.4260        1.0125
    654.4302        1.0071
    654.4343        1.0094
    654.4384        1.0204
    654.4426        1.0369
    654.4467        1.0525
    654.4509        1.0607
    654.4550        1.0581
    654.4592        1.0452
    654.4633        1.0253
    654.4675        1.0030
    654.4716        0.9825
    654.4758        0.9674
    654.4799        0.9601
    654.4841        0.9608
    654.4882        0.9672
    654.4923        0.9761
    654.4965        0.9841
    654.5006        0.9893
    654.5048        0.9920
    654.5089        0.9935
    654.5131        0.9957
    654.5172        0.9997
    654.5214        1.0059
    654.5255        1.0143
    654.5297        1.0250
    654.5338        1.0373
    654.5379        1.0490
    654.5421        1.0569
    654.5462        1.0582
    654.5504        1.0524
    654.5545        1.0417
    654.5587        1.0298
    654.5628        1.0195
    654.5670        1.0114
    654.5711        1.0045
    654.5753        0.9971
    654.5794        0.9878
    654.5836        0.9766
    654.5877        0.9645
    654.5918        0.9535
    654.5960        0.9454
    654.6001        0.9412
    654.6043        0.9414
    654.6084        0.9454
    654.6126        0.9518
    654.6167        0.9587
    654.6209        0.9640
    654.6250        0.9657
    654.6292        0.9633
    654.6333        0.9576
    654.6374        0.9506
    654.6416        0.9442
    654.6457        0.9394
    654.6499        0.9362
    654.6540        0.9332
    654.6582        0.9289
    654.6623        0.9220
    654.6665        0.9130
    654.6706        0.9040
    654.6748        0.8978
    654.6789        0.8966
    654.6831        0.9002
    654.6872        0.9069
    654.6913        0.9145
    654.6955        0.9223
    654.6996        0.9311
    654.7038        0.9420
    654.7079        0.9559
    654.7121        0.9727
    654.7162        0.9910
    654.7204        1.0089
    654.7245        1.0245
    654.7287        1.0367
    654.7328        1.0457
    654.7370        1.0528
    654.7411        1.0583
    654.7452        1.0608
    654.7494        1.0573
    654.7535        1.0454
    654.7577        1.0252
    654.7618        1.0000
    654.7660        0.9749
    654.7701        0.9542
    654.7743        0.9397
    654.7784        0.9307
    654.7826        0.9247
    654.7867        0.9188
    654.7908        0.9109
    654.7950        0.9006
    654.7991        0.8896
    654.8033        0.8812
    654.8074        0.8786
    654.8116        0.8828
    654.8157        0.8918
    654.8199        0.9030
    654.8240        0.9149
    654.8282        0.9283
    654.8323        0.9448
    654.8365        0.9641
    654.8406        0.9830
    654.8447        0.9972
    654.8489        1.0028
    654.8530        0.9992
    654.8572        0.9886
    654.8613        0.9756
    654.8655        0.9648
    654.8696        0.9590
    654.8738        0.9587
    654.8779        0.9628
    654.8821        0.9696
    654.8862        0.9781
    654.8904        0.9880
    654.8945        0.9985
    654.8986        1.0084
    654.9028        1.0159
    654.9069        1.0199
    654.9111        1.0197
    654.9152        1.0151
    654.9194        1.0062
    654.9235        0.9940
    654.9277        0.9811
    654.9318        0.9710
    654.9360        0.9660
    654.9401        0.9653
    654.9442        0.9650
    654.9484        0.9609
    654.9525        0.9517
    654.9567        0.9402
    654.9608        0.9325
    654.9650        0.9346
    654.9691        0.9494
    654.9733        0.9753
    654.9774        1.0068
    654.9816        1.0364
    654.9857        1.0561
    654.9899        1.0605
    654.9940        1.0492
    654.9981        1.0276
    655.0023        1.0052
    655.0064        0.9912
    655.0106        0.9895
    655.0147        0.9978
    655.0189        1.0087
    655.0230        1.0143
    655.0272        1.0096
    655.0313        0.9941
    655.0355        0.9708
    655.0396        0.9448
    655.0437        0.9214
    655.0479        0.9048
    655.0520        0.8976
    655.0562        0.9000
    655.0603        0.9106
    655.0645        0.9267
    655.0686        0.9454
    655.0728        0.9646
    655.0769        0.9825
    655.0811        0.9976
    655.0852        1.0079
    655.0894        1.0119
    655.0935        1.0098
    655.0976        1.0036
    655.1018        0.9970
    655.1059        0.9926
    655.1101        0.9910
    655.1142        0.9901
    655.1184        0.9871
    655.1225        0.9801
    655.1267        0.9687
    655.1308        0.9545
    655.1350        0.9398
    655.1391        0.9272
    655.1433        0.9179
    655.1474        0.9118
    655.1515        0.9070
    655.1557        0.9016
    655.1598        0.8952
    655.1640        0.8893
    655.1681        0.8878
    655.1723        0.8940
    655.1764        0.9092
    655.1806        0.9312
    655.1847        0.9545
    655.1889        0.9737
    655.1930        0.9851
    655.1971        0.9890
    655.2013        0.9883
    655.2054        0.9867
    655.2096        0.9864
    655.2137        0.9875
    655.2179        0.9880
    655.2220        0.9862
    655.2262        0.9814
    655.2303        0.9738
    655.2345        0.9642
    655.2386        0.9526
    655.2428        0.9390
    655.2469        0.9235
    655.2510        0.9071
    655.2552        0.8922
    655.2593        0.8816
    655.2635        0.8772
    655.2676        0.8790
    655.2718        0.8857
    655.2759        0.8953
    655.2801        0.9075
    655.2842        0.9233
    655.2884        0.9442
    655.2925        0.9703
    655.2966        0.9993
    655.3008        1.0266
    655.3049        1.0475
    655.3091        1.0589
    655.3132        1.0602
    655.3174        1.0528
    655.3215        1.0385
    655.3257        1.0186
    655.3298        0.9943
    655.3340        0.9678
    655.3381        0.9426
    655.3423        0.9228
    655.3464        0.9118
    655.3505        0.9100
    655.3547        0.9154
    655.3588        0.9242
    655.3630        0.9330
    655.3671        0.9403
    655.3713        0.9461
    655.3754        0.9507
    655.3796        0.9540
    655.3837        0.9555
    655.3879        0.9546
    655.3920        0.9513
    655.3962        0.9463
    655.4003        0.9414
    655.4044        0.9391
    655.4086        0.9419
    655.4127        0.9504
    655.4169        0.9629
    655.4210        0.9750
    655.4252        0.9826
    655.4293        0.9836
    655.4335        0.9798
    655.4376        0.9751
    655.4418        0.9728
    655.4459        0.9732
    655.4500        0.9733
    655.4542        0.9690
    655.4583        0.9578
    655.4625        0.9408
    655.4666        0.9218
    655.4708        0.9066
    655.4749        0.8995
    655.4791        0.9027
    655.4832        0.9156
    655.4874        0.9355
    655.4915        0.9584
    655.4957        0.9798
    655.4998        0.9956
    655.5039        1.0033
    655.5081        1.0028
    655.5122        0.9963
    655.5164        0.9871
    655.5205        0.9785
    655.5247        0.9731
    655.5288        0.9721
    655.5330        0.9757
    655.5371        0.9832
    655.5413        0.9931
    655.5454        1.0045
    655.5496        1.0170
    655.5537        1.0308
    655.5578        1.0456
    655.5620        1.0600
    655.5661        1.0716
    655.5703        1.0770
    655.5744        1.0736
    655.5786        1.0604
    655.5827        1.0394
    655.5869        1.0152
    655.5910        0.9938
    655.5952        0.9805
    655.5993        0.9788
    655.6034        0.9894
    655.6076        1.0108
    655.6117        1.0397
    655.6159        1.0712
    655.6200        1.1002
    655.6242        1.1223
    655.6283        1.1350
    655.6325        1.1379
    655.6366        1.1330
    655.6408        1.1245
    655.6449        1.1170
    655.6491        1.1144
    655.6532        1.1187
    655.6573        1.1296
    655.6615        1.1452
    655.6656        1.1626
    655.6698        1.1784
    655.6739        1.1891
    655.6781        1.1910
    655.6822        1.1818
    655.6864        1.1616
    655.6905        1.1342
    655.6947        1.1057
    655.6988        1.0831
    655.7029        1.0710
    655.7071        1.0697
    655.7112        1.0762
    655.7154        1.0858
    655.7195        1.0948
    655.7237        1.1022
    655.7278        1.1099
    655.7320        1.1205
    655.7361        1.1363
    655.7403        1.1572
    655.7444        1.1811
    655.7486        1.2048
    655.7527        1.2254
    655.7568        1.2408
    655.7610        1.2507
    655.7651        1.2562
    655.7693        1.2600
    655.7734        1.2653
    655.7776        1.2741
    655.7817        1.2865
    655.7859        1.3001
    655.7900        1.3115
    655.7942        1.3180
    655.7983        1.3192
    655.8025        1.3173
    655.8066        1.3159
    655.8107        1.3183
    655.8149        1.3260
    655.8190        1.3383
    655.8232        1.3531
    655.8273        1.3673
    655.8315        1.3785
    655.8356        1.3853
    655.8398        1.3888
    655.8439        1.3922
    655.8481        1.3998
    655.8522        1.4139
    655.8563        1.4339
    655.8605        1.4564
    655.8646        1.4784
    655.8688        1.4986
    655.8729        1.5176
    655.8771        1.5358
    655.8812        1.5525
    655.8854        1.5664
    655.8895        1.5768
    655.8937        1.5849
    655.8978        1.5933
    655.9020        1.6040
    655.9061        1.6179
    655.9102        1.6342
    655.9144        1.6524
    655.9185        1.6725
    655.9227        1.6953
    655.9268        1.7215
    655.9310        1.7508
    655.9351        1.7816
    655.9393        1.8112
    655.9434        1.8377
    655.9476        1.8599
    655.9517        1.8773
    655.9559        1.8892
    655.9600        1.8948
    655.9641        1.8931
    655.9683        1.8842
    655.9724        1.8701
    655.9766        1.8548
    655.9807        1.8433
    655.9849        1.8402
    655.9890        1.8474
    655.9932        1.8632
    655.9973        1.8824
    656.0015        1.8986
    656.0056        1.9063
    656.0097        1.9044
    656.0139        1.8958
    656.0180        1.8863
    656.0222        1.8811
    656.0263        1.8824
    656.0305        1.8895
    656.0346        1.9009
    656.0388        1.9166
    656.0429        1.9385
    656.0471        1.9682
    656.0512        2.0045
    656.0554        2.0421
    656.0595        2.0736
    656.0636        2.0940
    656.0678        2.1031
    656.0719        2.1057
    656.0761        2.1084
    656.0802        2.1157
    656.0844        2.1279
    656.0885        2.1409
    656.0927        2.1486
    656.0968        2.1454
    656.1010        2.1295
    656.1051        2.1027
    656.1092        2.0696
    656.1134        2.0361
    656.1175        2.0069
    656.1217        1.9849
    656.1258        1.9709
    656.1300        1.9641
    656.1341        1.9617
    656.1383        1.9604
    656.1424        1.9572
    656.1466        1.9507
    656.1507        1.9415
    656.1549        1.9317
    656.1590        1.9234
    656.1631        1.9176
    656.1673        1.9136
    656.1714        1.9092
    656.1756        1.9013
    656.1797        1.8869
    656.1839        1.8633
    656.1880        1.8293
    656.1922        1.7855
    656.1963        1.7340
    656.2005        1.6776
    656.2046        1.6188
    656.2088        1.5592
    656.2129        1.4999
    656.2170        1.4413
    656.2212        1.3836
    656.2253        1.3258
    656.2295        1.2661
    656.2336        1.2026
    656.2378        1.1346
    656.2419        1.0635
    656.2461        0.9923
    656.2502        0.9247
    656.2544        0.8632
    656.2585        0.8084
    656.2626        0.7588
    656.2668        0.7121
    656.2709        0.6669
    656.2751        0.6228
    656.2792        0.5800
    656.2834        0.5382
    656.2875        0.4965
    656.2917        0.4539
    656.2958        0.4116
    656.3000        0.3733
    656.3041        0.3443
    656.3083        0.3290
    656.3124        0.3294
    656.3165        0.3450
    656.3207        0.3735
    656.3248        0.4119
    656.3290        0.4573
    656.3331        0.5080
    656.3373        0.5635
    656.3414        0.6244
    656.3456        0.6914
    656.3497        0.7641
    656.3539        0.8413
    656.3580        0.9215
    656.3622        1.0032
    656.3663        1.0844
    656.3704        1.1622
    656.3746        1.2332
    656.3787        1.2951
    656.3829        1.3479
    656.3870        1.3942
    656.3912        1.4383
    656.3953        1.4838
    656.3995        1.5329
    656.4036        1.5856
    656.4078        1.6396
    656.4119        1.6915
    656.4160        1.7374
    656.4202        1.7752
    656.4243        1.8050
    656.4285        1.8302
    656.4326        1.8555
    656.4368        1.8847
    656.4409        1.9191
    656.4451        1.9562
    656.4492        1.9913
    656.4534        2.0207
    656.4575        2.0439
    656.4617        2.0635
    656.4658        2.0832
    656.4699        2.1051
    656.4741        2.1292
    656.4782        2.1540
    656.4824        2.1775
    656.4865        2.1984
    656.4907        2.2165
    656.4948        2.2323
    656.4990        2.2475
    656.5031        2.2638
    656.5073        2.2824
    656.5114        2.3025
    656.5155        2.3213
    656.5197        2.3346
    656.5238        2.3391
    656.5280        2.3333
    656.5321        2.3184
    656.5363        2.2976
    656.5404        2.2747
    656.5446        2.2523
    656.5487        2.2314
    656.5529        2.2113
    656.5570        2.1914
    656.5612        2.1720
    656.5653        2.1554
    656.5694        2.1442
    656.5736        2.1398
    656.5777        2.1410
    656.5819        2.1441
    656.5860        2.1445
    656.5902        2.1395
    656.5943        2.1290
    656.5985        2.1155
    656.6026        2.1021
    656.6068        2.0910
    656.6109        2.0827
    656.6151        2.0767
    656.6192        2.0713
    656.6233        2.0635
    656.6275        2.0505
    656.6316        2.0302
    656.6358        2.0029
    656.6399        1.9704
    656.6441        1.9349
    656.6482        1.8980
    656.6524        1.8608
    656.6565        1.8247
    656.6607        1.7911
    656.6648        1.7605
    656.6689        1.7316
    656.6731        1.7015
    656.6772        1.6676
    656.6814        1.6291
    656.6855        1.5873
    656.6897        1.5451
    656.6938        1.5061
    656.6980        1.4733
    656.7021        1.4488
    656.7063        1.4337
    656.7104        1.4273
    656.7146        1.4280
    656.7187        1.4330
    656.7228        1.4400
    656.7270        1.4471
    656.7311        1.4535
    656.7353        1.4586
    656.7394        1.4622
    656.7436        1.4637
    656.7477        1.4626
    656.7519        1.4585
    656.7560        1.4513
    656.7602        1.4410
    656.7643        1.4276
    656.7685        1.4118
    656.7726        1.3949
    656.7767        1.3790
    656.7809        1.3659
    656.7850        1.3563
    656.7892        1.3496
    656.7933        1.3443
    656.7975        1.3392
    656.8016        1.3334
    656.8058        1.3265
    656.8099        1.3178
    656.8141        1.3068
    656.8182        1.2942
    656.8223        1.2816
    656.8265        1.2709
    656.8306        1.2629
    656.8348        1.2564
    656.8389        1.2489
    656.8431        1.2376
    656.8472        1.2210
    656.8514        1.1995
    656.8555        1.1752
    656.8597        1.1507
    656.8638        1.1285
    656.8680        1.1101
    656.8721        1.0959
    656.8762        1.0851
    656.8804        1.0762
    656.8845        1.0681
    656.8887        1.0604
    656.8928        1.0539
    656.8970        1.0500
    656.9011        1.0500
    656.9053        1.0541
    656.9094        1.0605
    656.9136        1.0656
    656.9177        1.0654
    656.9218        1.0585
    656.9260        1.0468
    656.9301        1.0345
    656.9343        1.0252
    656.9384        1.0200
    656.9426        1.0178
    656.9467        1.0166
    656.9509        1.0145
    656.9550        1.0116
    656.9592        1.0098
    656.9633        1.0130
    656.9675        1.0260
    656.9716        1.0519
    656.9757        1.0889
    656.9799        1.1308
    656.9840        1.1686
    656.9882        1.1946
    656.9923        1.2054
    656.9965        1.2019
    657.0006        1.1876
    657.0048        1.1667
    657.0089        1.1426
    657.0131        1.1181
    657.0172        1.0951
    657.0214        1.0743
    657.0255        1.0556
    657.0296        1.0386
    657.0338        1.0242
    657.0379        1.0140
    657.0421        1.0106
    657.0462        1.0151
    657.0504        1.0267
    657.0545        1.0422
    657.0587        1.0568
    657.0628        1.0657
    657.0670        1.0672
    657.0711        1.0630
    657.0752        1.0578
    657.0794        1.0560
    657.0835        1.0593
    657.0877        1.0655
    657.0918        1.0708
    657.0960        1.0723
    657.1001        1.0691
    657.1043        1.0625
    657.1084        1.0542
    657.1126        1.0459
    657.1167        1.0390
    657.1209        1.0348
    657.1250        1.0340
    657.1291        1.0359
    657.1333        1.0374
    657.1374        1.0341
    657.1416        1.0217
    657.1457        0.9985
    657.1499        0.9667
    657.1540        0.9316
    657.1582        0.8997
    657.1623        0.8764
    657.1665        0.8637
    657.1706        0.8606
    657.1748        0.8634
    657.1789        0.8678
    657.1830        0.8702
    657.1872        0.8691
    657.1913        0.8655
    657.1955        0.8624
    657.1996        0.8628
    657.2038        0.8679
    657.2079        0.8755
    657.2121        0.8818
    657.2162        0.8843
    657.2204        0.8833
    657.2245        0.8822
    657.2286        0.8844
    657.2328        0.8908
    657.2369        0.8996
    657.2411        0.9070
    657.2452        0.9101
    657.2494        0.9083
    657.2535        0.9042
    657.2577        0.9024
    657.2618        0.9081
    657.2660        0.9246
    657.2701        0.9516
    657.2743        0.9840
    657.2784        1.0135
    657.2825        1.0319
    657.2867        1.0351
    657.2908        1.0236
    657.2950        1.0022
    657.2991        0.9764
    657.3033        0.9510
    657.3074        0.9295
    657.3116        0.9147
    657.3157        0.9084
    657.3199        0.9112
    657.3240        0.9214
    657.3281        0.9351
    657.3323        0.9482
    657.3364        0.9582
    657.3406        0.9652
    657.3447        0.9713
    657.3489        0.9781
    657.3530        0.9857
    657.3572        0.9918
    657.3613        0.9939
    657.3655        0.9912
    657.3696        0.9852
    657.3738        0.9799
    657.3779        0.9793
    657.3820        0.9862
    657.3862        1.0012
    657.3903        1.0226
    657.3945        1.0462
    657.3986        1.0675
    657.4028        1.0826
    657.4069        1.0902
    657.4111        1.0915
    657.4152        1.0890
    657.4194        1.0841
    657.4235        1.0760
    657.4277        1.0624
    657.4318        1.0412
    657.4359        1.0131
    657.4401        0.9820
    657.4442        0.9535
    657.4484        0.9319
    657.4525        0.9178
    657.4567        0.9091
    657.4608        0.9032
    657.4650        0.8990
    657.4691        0.8973
    657.4733        0.8993
    657.4774        0.9045
    657.4815        0.9108
    657.4857        0.9155
    657.4898        0.9166
    657.4940        0.9146
    657.4981        0.9126
    657.5023        0.9143
    657.5064        0.9217
    657.5106        0.9340
    657.5147        0.9481
    657.5189        0.9599
    657.5230        0.9664
    657.5272        0.9660
    657.5313        0.9587
    657.5354        0.9462
    657.5396        0.9317
    657.5437        0.9186
    657.5479        0.9102
    657.5520        0.9086
    657.5562        0.9141
    657.5603        0.9252
    657.5645        0.9388
    657.5686        0.9508
    657.5728        0.9576
    657.5769        0.9573
    657.5811        0.9506
    657.5852        0.9405
    657.5893        0.9308
    657.5935        0.9245
    657.5976        0.9224
    657.6018        0.9236
    657.6059        0.9269
    657.6101        0.9321
    657.6142        0.9399
    657.6184        0.9502
    657.6225        0.9619
    657.6267        0.9728
    657.6308        0.9815
    657.6349        0.9878
    657.6391        0.9928
    657.6432        0.9973
    657.6474        1.0016
    657.6515        1.0052
    657.6557        1.0076
    657.6598        1.0088
    657.6640        1.0096
    657.6681        1.0123
    657.6723        1.0192
    657.6764        1.0321
    657.6806        1.0495
    657.6847        1.0667
    657.6888        1.0770
    657.6930        1.0754
    657.6971        1.0612
    657.7013        1.0387
    657.7054        1.0142
    657.7096        0.9938
    657.7137        0.9808
    657.7179        0.9768
    657.7220        0.9819
    657.7262        0.9955
    657.7303        1.0162
    657.7344        1.0410
    657.7386        1.0651
    657.7427        1.0823
    657.7469        1.0879
    657.7510        1.0810
    657.7552        1.0654
    657.7593        1.0480
    657.7635        1.0348
    657.7676        1.0282
    657.7718        1.0270
    657.7759        1.0277
    657.7801        1.0265
    657.7842        1.0216
    657.7883        1.0130
    657.7925        1.0027
    657.7966        0.9944
    657.8008        0.9914
    657.8049        0.9955
    657.8091        1.0048
    657.8132        1.0149
    657.8174        1.0213
    657.8215        1.0224
    657.8257        1.0203
    657.8298        1.0195
    657.8340        1.0233
    657.8381        1.0316
    657.8422        1.0412
    657.8464        1.0481
    657.8505        1.0501
    657.8547        1.0476
    657.8588        1.0427
    657.8630        1.0373
    657.8671        1.0316
    657.8713        1.0248
    657.8754        1.0165
    657.8796        1.0073
    657.8837        0.9987
    657.8878        0.9924
    657.8920        0.9891
    657.8961        0.9887
    657.9003        0.9905
    657.9044        0.9938
    657.9086        0.9981
    657.9127        1.0020
    657.9169        1.0043
    657.9210        1.0038
    657.9252        0.9997
    657.9293        0.9925
    657.9335        0.9837
    657.9376        0.9758
    657.9417        0.9716
    657.9459        0.9725
    657.9500        0.9780
    657.9542        0.9851
    657.9583        0.9902
    657.9625        0.9904
    657.9666        0.9855
    657.9708        0.9785
    657.9749        0.9736
    657.9791        0.9742
    657.9832        0.9814
    657.9873        0.9933
    657.9915        1.0065
    657.9956        1.0179
    657.9998        1.0260
    658.0039        1.0310
    658.0081        1.0343
    658.0122        1.0383
    658.0164        1.0457
    658.0205        1.0573
    658.0247        1.0715
    658.0288        1.0842
    658.0330        1.0910
    658.0371        1.0894
    658.0412        1.0804
    658.0454        1.0669
    658.0495        1.0517
    658.0537        1.0364
    658.0578        1.0214
    658.0620        1.0070
    658.0661        0.9937
    658.0703        0.9813
    658.0744        0.9696
    658.0786        0.9584
    658.0827        0.9484
    658.0869        0.9415
    658.0910        0.9392
    658.0951        0.9421
    658.0993        0.9493
    658.1034        0.9592
    658.1076        0.9697
    658.1117        0.9784
    658.1159        0.9830
    658.1200        0.9821
    658.1242        0.9763
    658.1283        0.9684
    658.1325        0.9620
    658.1366        0.9602
    658.1407        0.9643
    658.1449        0.9731
    658.1490        0.9844
    658.1532        0.9958
    658.1573        1.0058
    658.1615        1.0134
    658.1656        1.0176
    658.1698        1.0178
    658.1739        1.0139
    658.1781        1.0070
    658.1822        0.9990
    658.1864        0.9924
    658.1905        0.9879
    658.1946        0.9849
    658.1988        0.9810
    658.2029        0.9737
    658.2071        0.9606
    658.2112        0.9406
    658.2154        0.9144
    658.2195        0.8854
    658.2237        0.8591
    658.2278        0.8417
    658.2320        0.8376
    658.2361        0.8475
    658.2403        0.8680
    658.2444        0.8938
    658.2485        0.9198
    658.2527        0.9429
    658.2568        0.9618
    658.2610        0.9758
    658.2651        0.9844
    658.2693        0.9870
    658.2734        0.9838
    658.2776        0.9758
    658.2817        0.9648
    658.2859        0.9529
    658.2900        0.9423
    658.2941        0.9349
    658.2983        0.9320
    658.3024        0.9343
    658.3066        0.9412
    658.3107        0.9518
    658.3149        0.9640
    658.3190        0.9753
    658.3232        0.9831
    658.3273        0.9850
    658.3315        0.9797
    658.3356        0.9675
    658.3398        0.9501
    658.3439        0.9305
    658.3480        0.9118
    658.3522        0.8969
    658.3563        0.8885
    658.3605        0.8882
    658.3646        0.8967
    658.3688        0.9126
    658.3729        0.9328
    658.3771        0.9531
    658.3812        0.9694
    658.3854        0.9790
    658.3895        0.9819
    658.3936        0.9801
    658.3978        0.9765
    658.4019        0.9745
    658.4061        0.9763
    658.4102        0.9834
    658.4144        0.9960
    658.4185        1.0127
    658.4227        1.0305
    658.4268        1.0456
    658.4310        1.0552
    658.4351        1.0586
    658.4393        1.0572
    658.4434        1.0537
    658.4475        1.0501
    658.4517        1.0476
    658.4558        1.0458
    658.4600        1.0441
    658.4641        1.0422
    658.4683        1.0409
    658.4724        1.0414
    658.4766        1.0447
    658.4807        1.0506
    658.4849        1.0585
    658.4890        1.0675
    658.4932        1.0768
    658.4973        1.0856
    658.5014        1.0925
    658.5056        1.0953
    658.5097        1.0925
    658.5139        1.0838
    658.5180        1.0703
    658.5222        1.0540
    658.5263        1.0368
    658.5305        1.0200
    658.5346        1.0051
    658.5388        0.9938
    658.5429        0.9872
    658.5470        0.9855
    658.5512        0.9870
    658.5553        0.9893
    658.5595        0.9902
    658.5636        0.9897
    658.5678        0.9896
    658.5719        0.9926
    658.5761        0.9998
    658.5802        1.0093
    658.5844        1.0177
    658.5885        1.0227
    658.5927        1.0249
    658.5968        1.0275
    658.6009        1.0340
    658.6051        1.0453
    658.6092        1.0589
    658.6134        1.0696
    658.6175        1.0723
    658.6217        1.0642
    658.6258        1.0454
    658.6300        1.0190
    658.6341        0.9895
    658.6383        0.9614
    658.6424        0.9387
    658.6466        0.9238
    658.6507        0.9181
    658.6548        0.9217
    658.6590        0.9327
    658.6631        0.9477
    658.6673        0.9624
    658.6714        0.9724
    658.6756        0.9752
    658.6797        0.9702
    658.6839        0.9592
    658.6880        0.9450
    658.6922        0.9307
    658.6963        0.9192
    658.7004        0.9128
    658.7046        0.9134
    658.7087        0.9220
    658.7129        0.9371
    658.7170        0.9544
    658.7212        0.9681
    658.7253        0.9734
    658.7295        0.9698
    658.7336        0.9611
    658.7378        0.9532
    658.7419        0.9506
    658.7461        0.9542
    658.7502        0.9622
    658.7543        0.9726
    658.7585        0.9843
    658.7626        0.9971
    658.7668        1.0097
    658.7709        1.0198
    658.7751        1.0253
    658.7792        1.0262
    658.7834        1.0253
    658.7875        1.0262
    658.7917        1.0316
    658.7958        1.0414
    658.7999        1.0533
    658.8041        1.0635
    658.8082        1.0683
    658.8124        1.0645
    658.8165        1.0509
    658.8207        1.0282
    658.8248        0.9998
    658.8290        0.9703
    658.8331        0.9443
    658.8373        0.9248
    658.8414        0.9123
    658.8456        0.9044
    658.8497        0.8981
    658.8538        0.8904
    658.8580        0.8811
    658.8621        0.8729
    658.8663        0.8712
    658.8704        0.8813
    658.8746        0.9056
    658.8787        0.9412
    658.8829        0.9801
    658.8870        1.0124
    658.8912        1.0306
    658.8953        1.0322
    658.8995        1.0209
    658.9036        1.0036
    658.9077        0.9877
    658.9119        0.9785
    658.9160        0.9784
    658.9202        0.9869
    658.9243        1.0021
    658.9285        1.0211
    658.9326        1.0410
    658.9368        1.0589
    658.9409        1.0720
    658.9451        1.0783
    658.9492        1.0768
    658.9533        1.0685
    658.9575        1.0562
    658.9616        1.0437
    658.9658        1.0345
    658.9699        1.0308
    658.9741        1.0339
    658.9782        1.0439
    658.9824        1.0595
    658.9865        1.0783
    658.9907        1.0962
    658.9948        1.1089
    658.9990        1.1135
    659.0031        1.1099
    659.0072        1.1012
    659.0114        1.0916
    659.0155        1.0839
    659.0197        1.0784
    659.0238        1.0740
    659.0280        1.0694
    659.0321        1.0646
    659.0363        1.0605
    659.0404        1.0583
    659.0446        1.0586
    659.0487        1.0608
    659.0529        1.0635
    659.0570        1.0646
    659.0611        1.0624
    659.0653        1.0560
    659.0694        1.0456
    659.0736        1.0321
    659.0777        1.0164
    659.0819        0.9986
    659.0860        0.9785
    659.0902        0.9569
    659.0943        0.9366
    659.0985        0.9222
    659.1026        0.9177
    659.1067        0.9243
    659.1109        0.9392
    659.1150        0.9572
    659.1192        0.9726
    659.1233        0.9818
    659.1275        0.9847
    659.1316        0.9837
    659.1358        0.9828
    659.1399        0.9850
    659.1441        0.9919
    659.1482        1.0024
    659.1524        1.0137
    659.1565        1.0223
    659.1606        1.0256
    659.1648        1.0234
    659.1689        1.0172
    659.1731        1.0092
    659.1772        1.0007
    659.1814        0.9916
    659.1855        0.9812
    659.1897        0.9693
    659.1938        0.9563
    659.1980        0.9431
    659.2021        0.9311
    659.2062        0.9226
    659.2104        0.9204
    659.2145        0.9268
    659.2187        0.9425
    659.2228        0.9656
    659.2270        0.9930
    659.2311        1.0211
    659.2353        1.0472
    659.2394        1.0687
    659.2436        1.0832
    659.2477        1.0888
    659.2519        1.0851
    659.2560        1.0737
    659.2601        1.0581
    659.2643        1.0423
    659.2684        1.0287
    659.2726        1.0178
    659.2767        1.0085
    659.2809        0.9995
    659.2850        0.9900
    659.2892        0.9798
    659.2933        0.9688
    659.2975        0.9572
    659.3016        0.9456
    659.3058        0.9348
    659.3099        0.9262
    659.3140        0.9204
    659.3182        0.9172
    659.3223        0.9155
    659.3265        0.9135
    659.3306        0.9100
    659.3348        0.9056
    659.3389        0.9022
    659.3431        0.9019
    659.3472        0.9055
    659.3514        0.9117
    659.3555        0.9188
    659.3596        0.9261
    659.3638        0.9350
    659.3679        0.9476
    659.3721        0.9650
    659.3762        0.9861
    659.3804        1.0077
    659.3845        1.0268
    659.3887        1.0420
    659.3928        1.0548
    659.3970        1.0674
    659.4011        1.0806
    659.4053        1.0923
    659.4094        1.0988
    659.4135        1.0972
    659.4177        1.0871
    659.4218        1.0707
    659.4260        1.0513
    659.4301        1.0326
    659.4343        1.0171
    659.4384        1.0066
    659.4426        1.0013
    659.4467        0.9997
    659.4509        0.9995
    659.4550        0.9971
    659.4592        0.9899
    659.4633        0.9769
    659.4674        0.9597
    659.4716        0.9420
    659.4757        0.9277
    659.4799        0.9190
    659.4840        0.9157
    659.4882        0.9159
    659.4923        0.9177
    659.4965        0.9205
    659.5006        0.9245
    659.5048        0.9304
    659.5089        0.9386
    659.5130        0.9487
    659.5172        0.9599
    659.5213        0.9710
    659.5255        0.9805
    659.5296        0.9865
    659.5338        0.9875
    659.5379        0.9836
    659.5421        0.9778
    659.5462        0.9754
    659.5504        0.9816
    659.5545        0.9979
    659.5587        1.0210
    659.5628        1.0438
    659.5669        1.0601
    659.5711        1.0670
    659.5752        1.0658
    659.5794        1.0594
    659.5835        1.0499
    659.5877        1.0376
    659.5918        1.0224
    659.5960        1.0043
    659.6001        0.9843
    659.6043        0.9648
    659.6084        0.9488
    659.6125        0.9401
    659.6167        0.9415
    659.6208        0.9535
    659.6250        0.9723
    659.6291        0.9913
    659.6333        1.0038
    659.6374        1.0057
    659.6416        0.9974
    659.6457        0.9826
    659.6499        0.9661
    659.6540        0.9518
    659.6582        0.9418
    659.6623        0.9366
    659.6664        0.9364
    659.6706        0.9415
    659.6747        0.9524
    659.6789        0.9696
    659.6830        0.9923
    659.6872        1.0182
    659.6913        1.0432
    659.6955        1.0629
    659.6996        1.0737
    659.7038        1.0750
    659.7079        1.0693
    659.7121        1.0610
    659.7162        1.0547
    659.7203        1.0529
    659.7245        1.0556
    659.7286        1.0596
    659.7328        1.0607
    659.7369        1.0548
    659.7411        1.0408
    659.7452        1.0204
    659.7494        0.9981
    659.7535        0.9779
    659.7577        0.9619
    659.7618        0.9501
    659.7659        0.9420
    659.7701        0.9388
    659.7742        0.9436
    659.7784        0.9591
    659.7825        0.9853
    659.7867        1.0182
    659.7908        1.0514
    659.7950        1.0783
    659.7991        1.0946
    659.8033        1.0992
    659.8074        1.0931
    659.8116        1.0788
    659.8157        1.0596
    659.8198        1.0396
    659.8240        1.0236
    659.8281        1.0150
    659.8323        1.0149
    659.8364        1.0214
    659.8406        1.0303
    659.8447        1.0378
    659.8489        1.0421
    659.8530        1.0430
    659.8572        1.0409
    659.8613        1.0353
    659.8655        1.0255
    659.8696        1.0119
    659.8737        0.9977
    659.8779        0.9872
    659.8820        0.9833
    659.8862        0.9858
    659.8903        0.9922
    659.8945        0.9991
    659.8986        1.0040
    659.9028        1.0058
    659.9069        1.0039
    659.9111        0.9989
    659.9152        0.9933
    659.9193        0.9907
    659.9235        0.9941
    659.9276        1.0042
    659.9318        1.0179
    659.9359        1.0295
    659.9401        1.0339
    659.9442        1.0292
    659.9484        1.0171
    659.9525        1.0023
    659.9567        0.9897
    659.9608        0.9826
    659.9650        0.9819
    659.9691        0.9858
    659.9732        0.9906
    659.9774        0.9931
    659.9815        0.9917
    659.9857        0.9876
    659.9898        0.9839
    659.9940        0.9829
    659.9981        0.9844
    660.0023        0.9854
    660.0064        0.9828
    660.0106        0.9750
    660.0147        0.9636
    660.0188        0.9520
    660.0230        0.9431
    660.0271        0.9383
    660.0313        0.9371
    660.0354        0.9388
    660.0396        0.9429
    660.0437        0.9498
    660.0479        0.9604
    660.0520        0.9745
    660.0562        0.9908
    660.0603        1.0063
    660.0645        1.0181
    660.0686        1.0240
    660.0727        1.0236
    660.0769        1.0174
    660.0810        1.0068
    660.0852        0.9937
    660.0893        0.9803
    660.0935        0.9690
    660.0976        0.9616
    660.1018        0.9597
    660.1059        0.9637
    660.1101        0.9734
    660.1142        0.9880
    660.1184        1.0065
    660.1225        1.0270
    660.1266        1.0464
    660.1308        1.0609
    660.1349        1.0673
    660.1391        1.0640
    660.1432        1.0523
    660.1474        1.0350
    660.1515        1.0162
    660.1557        0.9997
    660.1598        0.9889
    660.1640        0.9857
    660.1681        0.9900
    660.1722        0.9998
    660.1764        1.0119
    660.1805        1.0234
    660.1847        1.0312
    660.1888        1.0319
    660.1930        1.0219
    660.1971        0.9988
    660.2013        0.9631
    660.2054        0.9196
    660.2096        0.8765
    660.2137        0.8426
    660.2179        0.8239
    660.2220        0.8215
    660.2261        0.8328
    660.2303        0.8536
    660.2344        0.8807
    660.2386        0.9116
    660.2427        0.9448
    660.2469        0.9776
    660.2510        1.0071
    660.2552        1.0299
    660.2593        1.0443
    660.2635        1.0502
    660.2676        1.0494
    660.2717        1.0436
    660.2759        1.0342
    660.2800        1.0226
    660.2842        1.0111
    660.2883        1.0028
    660.2925        1.0000
    660.2966        1.0026
    660.3008        1.0071
    660.3049        1.0091
    660.3091        1.0055
    660.3132        0.9963
    660.3174        0.9840
    660.3215        0.9716
    660.3256        0.9614
    660.3298        0.9542
    660.3339        0.9500
    660.3381        0.9481
    660.3422        0.9476
    660.3464        0.9477
    660.3505        0.9485
    660.3547        0.9509
    660.3588        0.9571
    660.3630        0.9682
    660.3671        0.9838
    660.3713        1.0013
    660.3754        1.0174
    660.3795        1.0297
    660.3837        1.0378
    660.3878        1.0427
    660.3920        1.0449
    660.3961        1.0435
    660.4003        1.0365
    660.4044        1.0230
    660.4086        1.0053
    660.4127        0.9895
    660.4169        0.9821
    660.4210        0.9873
    660.4251        1.0041
    660.4293        1.0276
    660.4334        1.0505
    660.4376        1.0673
    660.4417        1.0751
    660.4459        1.0741
    660.4500        1.0664
    660.4542        1.0556
    660.4583        1.0449
    660.4625        1.0365
    660.4666        1.0309
    660.4708        1.0274
    660.4749        1.0249
    660.4790        1.0221
    660.4832        1.0183
    660.4873        1.0131
    660.4915        1.0071
    660.4956        1.0017
    660.4998        0.9987
    660.5039        0.9995
    660.5081        1.0041
    660.5122        1.0108
    660.5164        1.0169
    660.5205        1.0195
    660.5247        1.0170
    660.5288        1.0097
    660.5329        0.9997
    660.5371        0.9893
    660.5412        0.9797
    660.5454        0.9712
    660.5495        0.9639
    660.5537        0.9584
    660.5578        0.9557
    660.5620        0.9559
    660.5661        0.9583
    660.5703        0.9618
    660.5744        0.9658
    660.5785        0.9712
    660.5827        0.9792
    660.5868        0.9903
    660.5910        1.0033
    660.5951        1.0157
    660.5993        1.0249
    660.6034        1.0296
    660.6076        1.0304
    660.6117        1.0288
    660.6159        1.0258
    660.6200        1.0219
    660.6242        1.0173
    660.6283        1.0122
    660.6324        1.0076
    660.6366        1.0041
    660.6407        1.0017
    660.6449        0.9993
    660.6490        0.9964
    660.6532        0.9931
    660.6573        0.9914
    660.6615        0.9938
    660.6656        1.0023
    660.6698        1.0167
    660.6739        1.0349
    660.6780        1.0539
    660.6822        1.0707
    660.6863        1.0836
    660.6905        1.0919
    660.6946        1.0954
    660.6988        1.0947
    660.7029        1.0913
    660.7071        1.0871
    660.7112        1.0836
    660.7154        1.0812
    660.7195        1.0788
    660.7237        1.0747
    660.7278        1.0669
    660.7319        1.0546
    660.7361        1.0387
    660.7402        1.0218
    660.7444        1.0073
    660.7485        0.9989
    660.7527        0.9980
    660.7568        1.0031
    660.7610        1.0096
    660.7651        1.0129
    660.7693        1.0105
    660.7734        1.0040
    660.7776        0.9974
    660.7817        0.9943
    660.7858        0.9959
    660.7900        1.0010
    660.7941        1.0076
    660.7983        1.0147
    660.8024        1.0222
    660.8066        1.0307
    660.8107        1.0406
    660.8149        1.0526
    660.8190        1.0665
    660.8232        1.0805
    660.8273        1.0910
    660.8314        1.0941
    660.8356        1.0881
    660.8397        1.0751
    660.8439        1.0603
    660.8480        1.0496
    660.8522        1.0464
    660.8563        1.0501
    660.8605        1.0568
    660.8646        1.0622
    660.8688        1.0636
    660.8729        1.0600
    660.8771        1.0521
    660.8812        1.0404
    660.8853        1.0252
    660.8895        1.0072
    660.8936        0.9876
    660.8978        0.9684
    660.9019        0.9515
    660.9061        0.9383
    660.9102        0.9294
    660.9144        0.9248
    660.9185        0.9241
    660.9227        0.9265
    660.9268        0.9311
    660.9310        0.9372
    660.9351        0.9455
    660.9392        0.9576
    660.9434        0.9748
    660.9475        0.9973
    660.9517        1.0229
    660.9558        1.0481
    660.9600        1.0692
    660.9641        1.0845
    660.9683        1.0944
    660.9724        1.1010
    660.9766        1.1061
    660.9807        1.1104
    660.9848        1.1123
    660.9890        1.1093
    660.9931        1.0994
    660.9973        1.0829
    661.0014        1.0622
    661.0056        1.0407
    661.0097        1.0202
    661.0139        1.0012
    661.0180        0.9836
    661.0222        0.9686
    661.0263        0.9586
    661.0305        0.9553
    661.0346        0.9585
    661.0387        0.9659
    661.0429        0.9741
    661.0470        0.9807
    661.0512        0.9840
    661.0553        0.9836
    661.0595        0.9796
    661.0636        0.9733
    661.0678        0.9673
    661.0719        0.9650
    661.0761        0.9691
    661.0802        0.9804
    661.0843        0.9972
    661.0885        1.0156
    661.0926        1.0309
    661.0968        1.0403
    661.1009        1.0429
    661.1051        1.0398
    661.1092        1.0328
    661.1134        1.0235
    661.1175        1.0133
    661.1217        1.0039
    661.1258        0.9969
    661.1300        0.9938
    661.1341        0.9955
    661.1382        1.0016
    661.1424        1.0113
    661.1465        1.0232
    661.1507        1.0365
    661.1548        1.0507
    661.1590        1.0652
    661.1631        1.0780
    661.1673        1.0854
    661.1714        1.0833
    661.1756        1.0699
    661.1797        1.0477
    661.1839        1.0228
    661.1880        1.0024
    661.1921        0.9911
    661.1963        0.9890
    661.2004        0.9929
    661.2046        0.9985
    661.2087        1.0027
    661.2129        1.0037
    661.2170        1.0012
    661.2212        0.9949
    661.2253        0.9846
    661.2295        0.9704
    661.2336        0.9527
    661.2377        0.9324
    661.2419        0.9119
    661.2460        0.8946
    661.2502        0.8845
    661.2543        0.8838
    661.2585        0.8919
    661.2626        0.9050
    661.2668        0.9181
    661.2709        0.9269
    661.2751        0.9296
    661.2792        0.9268
    661.2834        0.9215
    661.2875        0.9172
    661.2916        0.9167
    661.2958        0.9209
    661.2999        0.9288
    661.3041        0.9381
    661.3082        0.9467
    661.3124        0.9527
    661.3165        0.9548
    661.3207        0.9515
    661.3248        0.9420
    661.3290        0.9255
    661.3331        0.9028
    661.3373        0.8762
    661.3414        0.8494
    661.3455        0.8259
