    631.2136        1.0083
    631.2306        1.0119
    631.2476        1.0125
    631.2647        1.0110
    631.2817        1.0095
    631.2987        1.0079
    631.3158        1.0086
    631.3328        1.0105
    631.3498        1.0123
    631.3669        1.0142
    631.3839        1.0127
    631.4009        1.0098
    631.4179        1.0069
    631.4350        1.0041
    631.4520        1.0046
    631.4690        1.0062
    631.4861        1.0078
    631.5031        1.0093
    631.5201        1.0077
    631.5372        1.0053
    631.5542        1.0028
    631.5712        1.0006
    631.5883        1.0007
    631.6053        1.0012
    631.6223        1.0017
    631.6393        1.0023
    631.6564        1.0045
    631.6734        1.0068
    631.6904        1.0093
    631.7075        1.0115
    631.7245        1.0112
    631.7415        1.0107
    631.7586        1.0102
    631.7756        1.0098
    631.7926        1.0091
    631.8097        1.0084
    631.8267        1.0076
    631.8437        1.0069
    631.8607        1.0058
    631.8778        1.0048
    631.8948        1.0037
    631.9118        1.0027
    631.9289        1.0019
    631.9459        1.0011
    631.9629        1.0002
    631.9800        0.9996
    631.9970        0.9999
    632.0140        1.0003
    632.0311        1.0007
    632.0481        1.0011
    632.0651        1.0020
    632.0821        1.0029
    632.0992        1.0038
    632.1162        1.0046
    632.1332        1.0048
    632.1503        1.0051
    632.1673        1.0053
    632.1843        1.0057
    632.2014        1.0068
    632.2184        1.0079
    632.2354        1.0090
    632.2525        1.0097
    632.2695        1.0091
    632.2865        1.0084
    632.3035        1.0078
    632.3206        1.0061
    632.3376        1.0019
    632.3546        0.9977
    632.3717        0.9935
    632.3887        0.9917
    632.4057        0.9940
    632.4228        0.9963
    632.4398        0.9986
    632.4568        1.0002
    632.4738        1.0010
    632.4909        1.0019
    632.5079        1.0028
    632.5249        1.0034
    632.5420        1.0039
    632.5590        1.0044
    632.5760        1.0050
    632.5931        1.0055
    632.6101        1.0058
    632.6271        1.0061
    632.6442        1.0064
    632.6612        1.0060
    632.6782        1.0054
    632.6952        1.0047
    632.7123        1.0040
    632.7293        1.0035
    632.7463        1.0029
    632.7634        1.0023
    632.7804        1.0017
    632.7974        1.0011
    632.8145        1.0005
    632.8315        1.0000
    632.8485        0.9995
    632.8656        0.9998
    632.8826        1.0005
    632.8996        1.0012
    632.9166        1.0017
    632.9337        1.0017
    632.9507        1.0014
    632.9677        1.0013
    632.9848        1.0010
    633.0018        1.0004
    633.0188        0.9994
    633.0359        0.9986
    633.0529        0.9978
    633.0699        0.9965
    633.0870        0.9951
    633.1040        0.9936
    633.1210        0.9922
    633.1380        0.9931
    633.1551        0.9945
    633.1721        0.9959
    633.1891        0.9973
    633.2062        0.9978
    633.2232        0.9983
    633.2402        0.9988
    633.2573        0.9992
    633.2743        0.9986
    633.2913        0.9979
    633.3084        0.9973
    633.3254        0.9967
    633.3424        0.9964
    633.3594        0.9963
    633.3765        0.9960
    633.3935        0.9959
    633.4105        0.9961
    633.4276        0.9962
    633.4446        0.9964
    633.4616        0.9963
    633.4787        0.9951
    633.4957        0.9941
    633.5127        0.9930
    633.5298        0.9924
    633.5468        0.9933
    633.5638        0.9940
    633.5808        0.9947
    633.5979        0.9952
    633.6149        0.9960
    633.6319        0.9969
    633.6490        0.9976
    633.6660        0.9983
    633.6830        0.9981
    633.7001        0.9980
    633.7171        0.9977
    633.7341        0.9974
    633.7511        0.9965
    633.7682        0.9955
    633.7852        0.9945
    633.8022        0.9945
    633.8193        0.9966
    633.8363        0.9987
    633.8533        1.0008
    633.8704        1.0021
    633.8874        1.0017
    633.9044        1.0014
    633.9215        1.0010
    633.9385        1.0001
    633.9555        0.9982
    633.9725        0.9962
    633.9896        0.9944
    634.0066        0.9934
    634.0236        0.9936
    634.0407        0.9938
    634.0577        0.9940
    634.0747        0.9934
    634.0918        0.9920
    634.1088        0.9905
    634.1258        0.9890
    634.1429        0.9905
    634.1599        0.9942
    634.1769        0.9978
    634.1939        1.0015
    634.2110        1.0018
    634.2280        1.0002
    634.2450        0.9986
    634.2621        0.9971
    634.2791        0.9969
    634.2961        0.9973
    634.3132        0.9978
    634.3302        0.9981
    634.3472        0.9973
    634.3643        0.9960
    634.3813        0.9947
    634.3983        0.9935
    634.4153        0.9937
    634.4324        0.9945
    634.4494        0.9953
    634.4664        0.9961
    634.4835        0.9976
    634.5005        0.9994
    634.5175        1.0012
    634.5346        1.0029
    634.5516        1.0003
    634.5686        0.9968
    634.5857        0.9934
    634.6027        0.9900
    634.6197        0.9893
    634.6367        0.9890
    634.6538        0.9886
    634.6708        0.9881
    634.6878        0.9846
    634.7049        0.9810
    634.7219        0.9774
    634.7389        0.9740
    634.7560        0.9769
    634.7730        0.9796
    634.7900        0.9825
    634.8070        0.9850
    634.8241        0.9832
    634.8411        0.9817
    634.8581        0.9801
    634.8752        0.9789
    634.8922        0.9821
    634.9092        0.9851
    634.9263        0.9881
    634.9433        0.9909
    634.9603        0.9920
    634.9774        0.9931
    634.9944        0.9942
    635.0114        0.9952
    635.0284        0.9958
    635.0455        0.9964
    635.0625        0.9971
    635.0795        0.9975
    635.0966        0.9973
    635.1136        0.9971
    635.1306        0.9970
    635.1477        0.9972
    635.1647        0.9987
    635.1817        1.0001
    635.1988        1.0016
    635.2158        1.0025
    635.2328        1.0021
    635.2498        1.0016
    635.2669        1.0011
    635.2839        1.0016
    635.3009        1.0040
    635.3180        1.0063
    635.3350        1.0087
    635.3520        1.0104
    635.3691        1.0112
    635.3861        1.0120
    635.4031        1.0129
    635.4202        1.0125
    635.4372        1.0108
    635.4542        1.0092
    635.4712        1.0075
    635.4883        1.0077
    635.5053        1.0098
    635.5223        1.0118
    635.5394        1.0139
    635.5564        1.0130
    635.5734        1.0096
    635.5905        1.0063
    635.6075        1.0030
    635.6245        1.0025
    635.6416        1.0040
    635.6586        1.0055
    635.6756        1.0068
    635.6926        1.0069
    635.7097        1.0064
    635.7267        1.0059
    635.7437        1.0053
    635.7608        1.0042
    635.7778        1.0029
    635.7948        1.0016
    635.8119        1.0002
    635.8289        0.9990
    635.8459        0.9978
    635.8630        0.9965
    635.8800        0.9953
    635.8970        0.9932
    635.9140        0.9910
    635.9311        0.9888
    635.9481        0.9867
    635.9651        0.9872
    635.9822        0.9882
    635.9992        0.9891
    636.0162        0.9902
    636.0333        0.9920
    636.0503        0.9939
    636.0673        0.9957
    636.0843        0.9976
    636.1014        0.9964
    636.1184        0.9952
    636.1354        0.9939
    636.1525        0.9926
    636.1695        0.9942
    636.1865        0.9960
    636.2036        0.9976
    636.2206        0.9993
    636.2376        0.9988
    636.2547        0.9983
    636.2717        0.9978
    636.2887        0.9974
    636.3057        0.9982
    636.3228        0.9989
    636.3398        0.9998
    636.3568        1.0003
    636.3739        0.9992
    636.3909        0.9981
    636.4079        0.9971
    636.4250        0.9964
    636.4420        0.9977
    636.4590        0.9989
    636.4761        1.0002
    636.4931        1.0010
    636.5101        1.0005
    636.5271        0.9999
    636.5442        0.9994
    636.5612        0.9988
    636.5782        0.9983
    636.5953        0.9977
    636.6123        0.9972
    636.6293        0.9977
    636.6464        1.0003
    636.6634        1.0028
    636.6804        1.0054
    636.6975        1.0063
    636.7145        1.0045
    636.7315        1.0027
    636.7485        1.0009
    636.7656        0.9989
    636.7826        0.9967
    636.7996        0.9945
    636.8167        0.9925
    636.8337        0.9911
    636.8507        0.9903
    636.8678        0.9895
    636.8848        0.9887
    636.9018        0.9891
    636.9189        0.9904
    636.9359        0.9917
    636.9529        0.9931
    636.9699        0.9918
    636.9870        0.9887
    637.0040        0.9857
    637.0210        0.9827
    637.0381        0.9823
    637.0551        0.9833
    637.0721        0.9844
    637.0892        0.9855
    637.1062        0.9856
    637.1232        0.9852
    637.1402        0.9850
    637.1573        0.9847
    637.1743        0.9844
    637.1913        0.9839
    637.2084        0.9834
    637.2254        0.9830
    637.2424        0.9845
    637.2595        0.9864
    637.2765        0.9884
    637.2935        0.9902
    637.3106        0.9905
    637.3276        0.9905
    637.3446        0.9904
    637.3616        0.9905
    637.3787        0.9915
    637.3957        0.9927
    637.4127        0.9938
    637.4298        0.9950
    637.4468        0.9945
    637.4638        0.9939
    637.4809        0.9933
    637.4979        0.9927
    637.5149        0.9941
    637.5320        0.9956
    637.5490        0.9970
    637.5660        0.9984
    637.5830        0.9968
    637.6001        0.9952
    637.6171        0.9937
    637.6341        0.9924
    637.6512        0.9934
    637.6682        0.9942
    637.6852        0.9952
    637.7023        0.9961
    637.7193        0.9962
    637.7363        0.9964
    637.7534        0.9966
    637.7704        0.9969
    637.7874        0.9978
    637.8044        0.9988
    637.8215        0.9997
    637.8385        1.0011
    637.8555        1.0030
    637.8726        1.0048
    637.8896        1.0067
    637.9066        1.0075
    637.9237        1.0057
    637.9407        1.0040
    637.9577        1.0022
    637.9748        1.0014
    637.9918        1.0027
    638.0088        1.0041
    638.0258        1.0055
    638.0429        1.0057
    638.0599        1.0040
    638.0769        1.0022
    638.0940        1.0004
    638.1110        0.9992
    638.1280        0.9989
    638.1451        0.9987
    638.1621        0.9984
    638.1791        0.9981
    638.1962        0.9975
    638.2132        0.9969
    638.2302        0.9964
    638.2472        0.9963
    638.2643        0.9965
    638.2813        0.9968
    638.2983        0.9971
    638.3154        0.9970
    638.3324        0.9966
    638.3494        0.9964
    638.3665        0.9961
    638.3835        0.9953
    638.4005        0.9942
    638.4175        0.9931
    638.4346        0.9920
    638.4516        0.9922
    638.4686        0.9933
    638.4857        0.9943
    638.5027        0.9955
    638.5197        0.9971
    638.5368        0.9990
    638.5538        1.0008
    638.5708        1.0024
    638.5879        0.9992
    638.6049        0.9947
    638.6219        0.9902
    638.6389        0.9859
    638.6560        0.9868
    638.6730        0.9888
    638.6900        0.9908
    638.7071        0.9928
    638.7241        0.9925
    638.7411        0.9920
    638.7582        0.9914
    638.7752        0.9909
    638.7922        0.9933
    638.8093        0.9960
    638.8263        0.9987
    638.8433        1.0014
    638.8603        1.0003
    638.8774        0.9990
    638.8944        0.9977
    638.9114        0.9964
    638.9285        0.9961
    638.9455        0.9958
    638.9625        0.9955
    638.9796        0.9952
    638.9966        0.9947
    639.0136        0.9941
    639.0307        0.9935
    639.0477        0.9931
    639.0647        0.9939
    639.0817        0.9948
    639.0988        0.9958
    639.1158        0.9964
    639.1328        0.9958
    639.1499        0.9953
    639.1669        0.9947
    639.1839        0.9945
    639.2010        0.9954
    639.2180        0.9963
    639.2350        0.9971
    639.2521        0.9983
    639.2691        0.9999
    639.2861        1.0016
    639.3031        1.0033
    639.3202        1.0044
    639.3372        1.0048
    639.3542        1.0051
    639.3713        1.0055
    639.3883        1.0054
    639.4053        1.0046
    639.4224        1.0038
    639.4394        1.0031
    639.4564        1.0014
    639.4734        0.9989
    639.4905        0.9964
    639.5075        0.9940
    639.5245        0.9930
    639.5416        0.9934
    639.5586        0.9938
    639.5756        0.9942
    639.5927        0.9937
    639.6097        0.9925
    639.6267        0.9913
    639.6438        0.9902
    639.6608        0.9905
    639.6778        0.9919
    639.6948        0.9933
    639.7119        0.9946
    639.7289        0.9937
    639.7459        0.9916
    639.7630        0.9896
    639.7800        0.9876
    639.7970        0.9862
    639.8141        0.9850
    639.8311        0.9837
    639.8481        0.9825
    639.8652        0.9830
    639.8822        0.9840
    639.8992        0.9849
    639.9162        0.9859
    639.9333        0.9862
    639.9503        0.9862
    639.9673        0.9862
    639.9844        0.9862
    640.0014        0.9860
    640.0184        0.9859
    640.0355        0.9858
    640.0525        0.9858
    640.0695        0.9878
    640.0866        0.9896
    640.1036        0.9917
    640.1206        0.9933
    640.1376        0.9889
    640.1547        0.9845
    640.1717        0.9799
    640.1887        0.9756
    640.2058        0.9782
    640.2228        0.9805
    640.2398        0.9828
    640.2569        0.9850
    640.2739        0.9850
    640.2909        0.9851
    640.3080        0.9851
    640.3250        0.9855
    640.3420        0.9876
    640.3590        0.9897
    640.3761        0.9917
    640.3931        0.9933
    640.4101        0.9929
    640.4272        0.9926
    640.4442        0.9924
    640.4612        0.9921
    640.4783        0.9922
    640.4953        0.9923
    640.5123        0.9924
    640.5294        0.9921
    640.5464        0.9910
    640.5634        0.9899
    640.5804        0.9888
    640.5975        0.9883
    640.6145        0.9885
    640.6315        0.9887
    640.6486        0.9888
    640.6656        0.9896
    640.6826        0.9917
    640.6997        0.9937
    640.7167        0.9957
    640.7337        0.9971
    640.7507        0.9973
    640.7678        0.9975
    640.7848        0.9978
    640.8018        0.9974
    640.8189        0.9968
    640.8359        0.9962
    640.8529        0.9956
    640.8700        0.9939
    640.8870        0.9915
    640.9040        0.9888
    640.9211        0.9865
    640.9381        0.9885
    640.9551        0.9934
    640.9721        0.9984
    640.9892        1.0032
    641.0062        1.0030
    641.0232        1.0003
    641.0403        0.9975
    641.0573        0.9948
    641.0743        0.9946
    641.0914        0.9955
    641.1084        0.9964
    641.1254        0.9973
    641.1425        0.9980
    641.1595        0.9986
    641.1765        0.9993
    641.1935        0.9999
    641.2106        1.0008
    641.2276        1.0017
    641.2446        1.0025
    641.2617        1.0034
    641.2787        1.0031
    641.2957        1.0025
    641.3128        1.0020
    641.3298        1.0013
    641.3468        1.0015
    641.3639        1.0016
    641.3809        1.0018
    641.3979        1.0019
    641.4149        1.0027
    641.4320        1.0036
    641.4490        1.0046
    641.4660        1.0055
    641.4831        1.0053
    641.5001        1.0051
    641.5171        1.0049
    641.5342        1.0048
    641.5512        1.0054
    641.5682        1.0061
    641.5853        1.0068
    641.6023        1.0071
    641.6193        1.0053
    641.6363        1.0034
    641.6534        1.0017
    641.6704        1.0000
    641.6874        0.9994
    641.7045        0.9988
    641.7215        0.9982
    641.7385        0.9986
    641.7556        1.0018
    641.7726        1.0050
    641.7896        1.0082
    641.8066        1.0093
    641.8237        1.0055
    641.8407        1.0018
    641.8577        0.9981
    641.8748        0.9956
    641.8918        0.9958
    641.9088        0.9960
    641.9259        0.9962
    641.9429        0.9967
    641.9599        0.9975
    641.9770        0.9983
    641.9940        0.9991
    642.0110        1.0000
    642.0280        1.0013
    642.0451        1.0025
    642.0621        1.0038
    642.0791        1.0055
    642.0962        1.0076
    642.1132        1.0096
    642.1302        1.0115
    642.1473        1.0097
    642.1643        1.0051
    642.1813        1.0005
    642.1984        0.9961
    642.2154        0.9960
    642.2324        0.9986
    642.2494        1.0012
    642.2665        1.0038
    642.2835        1.0054
    642.3005        1.0066
    642.3176        1.0078
    642.3346        1.0090
    642.3516        1.0097
    642.3687        1.0101
    642.3857        1.0106
    642.4027        1.0110
    642.4198        1.0104
    642.4368        1.0094
    642.4538        1.0085
    642.4708        1.0077
    642.4879        1.0064
    642.5049        1.0049
    642.5219        1.0035
    642.5390        1.0021
    642.5560        1.0031
    642.5730        1.0044
    642.5901        1.0058
    642.6071        1.0072
    642.6241        1.0095
    642.6412        1.0117
    642.6582        1.0141
    642.6752        1.0161
    642.6922        1.0124
    642.7093        1.0087
    642.7263        1.0049
    642.7433        1.0015
    642.7604        1.0027
    642.7774        1.0037
    642.7944        1.0048
    642.8115        1.0058
    642.8285        1.0060
    642.8455        1.0064
    642.8626        1.0067
    642.8796        1.0070
    642.8966        1.0077
    642.9136        1.0084
    642.9307        1.0092
    642.9477        1.0095
    642.9647        1.0076
    642.9818        1.0058
    642.9988        1.0040
    643.0158        1.0030
    643.0329        1.0044
    643.0499        1.0059
    643.0669        1.0073
    643.0839        1.0084
    643.1010        1.0084
    643.1180        1.0083
    643.1350        1.0082
    643.1521        1.0084
    643.1691        1.0090
    643.1861        1.0098
    643.2032        1.0104
    643.2202        1.0102
    643.2372        1.0086
    643.2543        1.0070
    643.2713        1.0055
    643.2883        1.0052
    643.3053        1.0062
    643.3224        1.0072
    643.3394        1.0083
    643.3564        1.0084
    643.3735        1.0076
    643.3905        1.0068
    643.4075        1.0060
    643.4246        1.0069
    643.4416        1.0092
    643.4586        1.0116
    643.4757        1.0140
    643.4927        1.0143
    643.5097        1.0132
    643.5267        1.0121
    643.5438        1.0111
    643.5608        1.0105
    643.5778        1.0103
    643.5949        1.0100
    643.6119        1.0097
    643.6289        1.0091
    643.6460        1.0083
    643.6630        1.0076
    643.6800        1.0069
    643.6971        1.0060
    643.7141        1.0052
    643.7311        1.0044
    643.7481        1.0035
    643.7652        1.0037
    643.7822        1.0041
    643.7992        1.0046
    643.8163        1.0049
    643.8333        1.0045
    643.8503        1.0040
    643.8674        1.0035
    643.8844        1.0032
    643.9014        1.0049
    643.9185        1.0066
    643.9355        1.0084
    643.9525        1.0099
    643.9695        1.0101
    643.9866        1.0104
    644.0036        1.0106
    644.0206        1.0107
    644.0377        1.0087
    644.0547        1.0068
    644.0717        1.0049
    644.0888        1.0039
    644.1058        1.0071
    644.1228        1.0104
    644.1398        1.0135
    644.1569        1.0153
    644.1739        1.0120
    644.1909        1.0089
    644.2080        1.0057
    644.2250        1.0038
    644.2420        1.0056
    644.2591        1.0074
    644.2761        1.0091
    644.2931        1.0096
    644.3102        1.0076
    644.3272        1.0056
    644.3442        1.0036
    644.3612        1.0035
    644.3783        1.0067
    644.3953        1.0098
    644.4123        1.0129
    644.4294        1.0141
    644.4464        1.0127
    644.4634        1.0115
    644.4805        1.0103
    644.4975        1.0100
    644.5145        1.0105
    644.5316        1.0111
    644.5486        1.0115
    644.5656        1.0098
    644.5826        1.0061
    644.5997        1.0026
    644.6167        0.9991
    644.6337        1.0004
    644.6508        1.0053
    644.6678        1.0101
    644.6848        1.0148
    644.7019        1.0150
    644.7189        1.0126
    644.7359        1.0102
    644.7530        1.0078
    644.7700        1.0061
    644.7870        1.0050
    644.8040        1.0038
    644.8211        1.0026
    644.8381        1.0016
    644.8551        1.0006
    644.8722        0.9995
    644.8892        0.9985
    644.9062        1.0014
    644.9233        1.0050
    644.9403        1.0086
    644.9573        1.0121
    644.9744        1.0119
    644.9914        1.0113
    645.0084        1.0107
    645.0254        1.0102
    645.0425        1.0118
    645.0595        1.0135
    645.0765        1.0151
    645.0936        1.0168
    645.1106        1.0163
    645.1276        1.0158
    645.1447        1.0152
    645.1617        1.0145
    645.1787        1.0121
    645.1958        1.0098
    645.2128        1.0073
    645.2298        1.0052
    645.2468        1.0052
    645.2639        1.0050
    645.2809        1.0049
    645.2979        1.0043
    645.3150        1.0018
    645.3320        0.9993
    645.3490        0.9969
    645.3661        0.9954
    645.3831        0.9964
    645.4001        0.9973
    645.4171        0.9983
    645.4342        0.9995
    645.4512        1.0022
    645.4682        1.0048
    645.4853        1.0074
    645.5023        1.0087
    645.5193        1.0072
    645.5364        1.0056
    645.5534        1.0039
    645.5704        1.0028
    645.5875        1.0024
    645.6045        1.0021
    645.6215        1.0019
    645.6385        1.0018
    645.6556        1.0018
    645.6726        1.0018
    645.6896        1.0017
    645.7067        1.0017
    645.7237        1.0020
    645.7407        1.0022
    645.7578        1.0025
    645.7748        1.0022
    645.7918        1.0015
    645.8089        1.0009
    645.8259        1.0002
    645.8429        0.9991
    645.8599        0.9979
    645.8770        0.9967
    645.8940        0.9956
    645.9110        0.9956
    645.9281        0.9961
    645.9451        0.9968
    645.9621        0.9974
    645.9792        0.9989
    645.9962        1.0007
    646.0132        1.0024
    646.0303        1.0042
    646.0473        1.0078
    646.0643        1.0117
    646.0813        1.0157
    646.0984        1.0195
    646.1154        1.0185
    646.1324        1.0166
    646.1495        1.0148
    646.1665        1.0130
    646.1835        1.0127
    646.2006        1.0126
    646.2176        1.0125
    646.2346        1.0122
    646.2517        1.0095
    646.2687        1.0068
    646.2857        1.0039
    646.3027        1.0014
    646.3198        1.0023
    646.3368        1.0029
    646.3538        1.0036
    646.3709        1.0042
    646.3879        1.0039
    646.4049        1.0038
    646.4220        1.0038
    646.4390        1.0036
    646.4560        1.0037
    646.4730        1.0039
    646.4901        1.0040
    646.5071        1.0039
    646.5241        1.0029
    646.5412        1.0018
    646.5582        1.0007
    646.5752        0.9994
    646.5923        0.9973
    646.6093        0.9952
    646.6263        0.9931
    646.6434        0.9929
    646.6604        0.9967
    646.6774        1.0006
    646.6944        1.0044
    646.7115        1.0061
    646.7285        1.0039
    646.7455        1.0019
    646.7626        0.9999
    646.7796        0.9985
    646.7966        0.9982
    646.8137        0.9978
    646.8307        0.9975
    646.8477        0.9970
    646.8648        0.9966
    646.8818        0.9963
    646.8988        0.9958
    646.9158        0.9943
    646.9329        0.9917
    646.9499        0.9893
    646.9669        0.9868
    646.9840        0.9867
    647.0010        0.9881
    647.0180        0.9896
    647.0351        0.9910
    647.0521        0.9931
    647.0691        0.9956
    647.0862        0.9982
    647.1032        1.0007
    647.1202        1.0018
    647.1372        1.0020
    647.1543        1.0024
    647.1713        1.0026
    647.1883        1.0001
    647.2054        0.9967
    647.2224        0.9933
    647.2394        0.9901
    647.2565        0.9902
    647.2735        0.9910
    647.2905        0.9918
    647.3076        0.9927
    647.3246        0.9940
    647.3416        0.9955
    647.3586        0.9968
    647.3757        0.9982
    647.3927        0.9972
    647.4097        0.9960
    647.4268        0.9948
    647.4438        0.9936
    647.4608        0.9866
    647.4779        0.9796
    647.4949        0.9725
    647.5119        0.9658
    647.5290        0.9638
    647.5460        0.9617
    647.5630        0.9596
    647.5800        0.9586
    647.5971        0.9643
    647.6141        0.9699
    647.6311        0.9756
    647.6482        0.9802
    647.6652        0.9796
    647.6822        0.9793
    647.6993        0.9788
    647.7163        0.9790
    647.7333        0.9814
    647.7503        0.9838
    647.7674        0.9862
    647.7844        0.9878
    647.8014        0.9878
    647.8185        0.9878
    647.8355        0.9878
    647.8525        0.9878
    647.8696        0.9879
    647.8866        0.9879
    647.9036        0.9880
    647.9207        0.9859
    647.9377        0.9810
    647.9547        0.9762
    647.9717        0.9715
    647.9888        0.9710
    648.0058        0.9755
    648.0228        0.9798
    648.0399        0.9842
    648.0569        0.9869
    648.0739        0.9882
    648.0910        0.9894
    648.1080        0.9907
    648.1250        0.9921
    648.1421        0.9936
    648.1591        0.9953
    648.1761        0.9969
    648.1931        0.9960
    648.2102        0.9938
    648.2272        0.9916
    648.2442        0.9892
    648.2613        0.9834
    648.2783        0.9763
    648.2953        0.9691
    648.3124        0.9623
    648.3294        0.9603
    648.3464        0.9596
    648.3635        0.9589
    648.3805        0.9581
    648.3975        0.9618
    648.4145        0.9665
    648.4316        0.9712
    648.4486        0.9758
    648.4656        0.9783
    648.4827        0.9806
    648.4997        0.9828
    648.5167        0.9852
    648.5338        0.9871
    648.5508        0.9889
    648.5678        0.9908
    648.5849        0.9923
    648.6019        0.9906
    648.6189        0.9889
    648.6359        0.9872
    648.6530        0.9857
    648.6700        0.9883
    648.6870        0.9908
    648.7041        0.9933
    648.7211        0.9953
    648.7381        0.9938
    648.7552        0.9923
    648.7722        0.9907
    648.7892        0.9905
    648.8062        0.9958
    648.8233        1.0010
    648.8403        1.0062
    648.8573        1.0098
    648.8744        1.0088
    648.8914        1.0079
    648.9084        1.0070
    648.9255        1.0053
    648.9425        1.0019
    648.9595        0.9985
    648.9766        0.9950
    648.9936        0.9914
    649.0106        0.9873
    649.0276        0.9833
    649.0447        0.9794
    649.0617        0.9781
    649.0787        0.9807
    649.0958        0.9832
    649.1128        0.9857
    649.1298        0.9876
    649.1469        0.9892
    649.1639        0.9908
    649.1809        0.9923
    649.1980        0.9921
    649.2150        0.9903
    649.2320        0.9886
    649.2490        0.9866
    649.2661        0.9858
    649.2831        0.9858
    649.3001        0.9858
    649.3172        0.9860
    649.3342        0.9877
    649.3512        0.9901
    649.3683        0.9925
    649.3853        0.9947
    649.4023        0.9938
    649.4194        0.9915
    649.4364        0.9893
    649.4534        0.9872
    649.4704        0.9882
    649.4875        0.9901
    649.5045        0.9921
    649.5215        0.9939
    649.5386        0.9898
    649.5556        0.9846
    649.5726        0.9793
    649.5897        0.9742
    649.6067        0.9772
    649.6237        0.9810
    649.6408        0.9849
    649.6578        0.9886
    649.6748        0.9880
    649.6918        0.9871
    649.7089        0.9860
    649.7259        0.9852
    649.7429        0.9876
    649.7600        0.9900
    649.7770        0.9924
    649.7940        0.9946
    649.8111        0.9949
    649.8281        0.9953
    649.8451        0.9956
    649.8622        0.9959
    649.8792        0.9962
    649.8962        0.9965
    649.9132        0.9969
    649.9303        0.9975
    649.9473        0.9997
    649.9643        1.0017
    649.9814        1.0039
    649.9984        1.0062
    650.0154        1.0088
    650.0325        1.0114
    650.0495        1.0139
    650.0665        1.0144
    650.0835        1.0106
    650.1006        1.0070
    650.1176        1.0034
    650.1346        0.9998
    650.1517        0.9961
    650.1687        0.9925
    650.1857        0.9890
    650.2028        0.9888
    650.2198        0.9933
    650.2368        0.9977
    650.2539        1.0020
    650.2709        1.0042
    650.2879        1.0042
    650.3049        1.0042
    650.3220        1.0042
    650.3390        1.0036
    650.3560        1.0024
    650.3731        1.0013
    650.3901        1.0002
    650.4071        0.9989
    650.4242        0.9977
    650.4412        0.9964
    650.4582        0.9952
    650.4753        0.9940
    650.4923        0.9927
    650.5093        0.9914
    650.5263        0.9901
    650.5434        0.9914
    650.5604        0.9936
    650.5774        0.9957
    650.5945        0.9979
    650.6115        0.9983
    650.6285        0.9984
    650.6456        0.9985
    650.6626        0.9986
    650.6796        0.9964
    650.6967        0.9938
    650.7137        0.9913
    650.7307        0.9888
    650.7477        0.9907
    650.7648        0.9929
    650.7818        0.9952
    650.7988        0.9972
    650.8159        0.9939
    650.8329        0.9905
    650.8499        0.9871
    650.8670        0.9840
    650.8840        0.9855
    650.9010        0.9869
    650.9181        0.9883
    650.9351        0.9899
    650.9521        0.9922
    650.9691        0.9946
    650.9862        0.9969
    651.0032        0.9990
    651.0202        0.9996
    651.0373        1.0005
    651.0543        1.0012
    651.0713        1.0015
    651.0884        1.0002
    651.1054        0.9989
    651.1224        0.9975
    651.1395        0.9956
    651.1565        0.9924
    651.1735        0.9891
    651.1905        0.9860
    651.2076        0.9852
    651.2246        0.9890
    651.2416        0.9925
    651.2587        0.9961
    651.2757        0.9980
    651.2927        0.9974
    651.3098        0.9969
    651.3268        0.9964
    651.3438        0.9947
    651.3608        0.9915
    651.3779        0.9884
    651.3949        0.9852
    651.4119        0.9813
    651.4290        0.9770
    651.4460        0.9727
    651.4630        0.9684
    651.4801        0.9670
    651.4971        0.9674
    651.5141        0.9680
    651.5312        0.9683
    651.5482        0.9627
    651.5652        0.9539
    651.5822        0.9452
    651.5993        0.9368
    651.6163        0.9361
    651.6333        0.9385
    651.6504        0.9408
    651.6674        0.9432
    651.6844        0.9462
    651.7015        0.9494
    651.7185        0.9527
    651.7355        0.9559
    651.7526        0.9614
    651.7696        0.9672
    651.7866        0.9730
    651.8036        0.9787
    651.8207        0.9794
    651.8377        0.9797
    651.8547        0.9800
    651.8718        0.9804
    651.8888        0.9800
    651.9058        0.9795
    651.9229        0.9791
    651.9399        0.9787
    651.9569        0.9817
    651.9740        0.9848
    651.9910        0.9878
    652.0080        0.9908
    652.0250        0.9933
    652.0421        0.9956
    652.0591        0.9981
    652.0761        1.0001
    652.0932        0.9992
    652.1102        0.9984
    652.1272        0.9975
    652.1443        0.9965
    652.1613        0.9944
    652.1783        0.9923
    652.1954        0.9902
    652.2124        0.9888
    652.2294        0.9894
    652.2464        0.9899
    652.2635        0.9905
    652.2805        0.9897
    652.2975        0.9861
    652.3146        0.9826
    652.3316        0.9791
    652.3486        0.9784
    652.3657        0.9819
    652.3827        0.9853
    652.3997        0.9886
    652.4167        0.9901
    652.4338        0.9895
    652.4508        0.9889
    652.4678        0.9884
    652.4849        0.9888
    652.5019        0.9903
    652.5189        0.9916
    652.5360        0.9929
    652.5530        0.9930
    652.5700        0.9923
    652.5871        0.9914
    652.6041        0.9908
    652.6211        0.9915
    652.6381        0.9929
    652.6552        0.9943
    652.6722        0.9956
    652.6892        0.9944
    652.7063        0.9922
    652.7233        0.9901
    652.7403        0.9882
    652.7574        0.9897
    652.7744        0.9922
    652.7914        0.9949
    652.8085        0.9973
    652.8255        0.9982
    652.8425        0.9988
    652.8595        0.9993
    652.8766        0.9998
    652.8936        0.9985
    652.9106        0.9969
    652.9277        0.9953
    652.9447        0.9937
    652.9617        0.9931
    652.9788        0.9925
    652.9958        0.9920
    653.0128        0.9914
    653.0299        0.9920
    653.0469        0.9925
    653.0639        0.9932
    653.0809        0.9936
    653.0980        0.9927
    653.1150        0.9919
    653.1320        0.9911
    653.1491        0.9901
    653.1661        0.9876
    653.1831        0.9850
    653.2002        0.9825
    653.2172        0.9808
    653.2342        0.9826
    653.2513        0.9844
    653.2683        0.9862
    653.2853        0.9873
    653.3023        0.9870
    653.3194        0.9868
    653.3364        0.9866
    653.3534        0.9864
    653.3705        0.9861
    653.3875        0.9858
    653.4045        0.9855
    653.4216        0.9843
    653.4386        0.9822
    653.4556        0.9803
    653.4727        0.9783
    653.4897        0.9791
    653.5067        0.9834
    653.5237        0.9876
    653.5408        0.9918
    653.5578        0.9933
    653.5748        0.9922
    653.5919        0.9913
    653.6089        0.9903
    653.6259        0.9895
    653.6430        0.9889
    653.6600        0.9883
    653.6770        0.9877
    653.6940        0.9894
    653.7111        0.9925
    653.7281        0.9956
    653.7451        0.9987
    653.7622        1.0000
    653.7792        1.0007
    653.7962        1.0013
    653.8133        1.0019
    653.8303        1.0010
    653.8473        0.9998
    653.8644        0.9984
    653.8814        0.9972
    653.8984        0.9975
    653.9154        0.9980
    653.9325        0.9985
    653.9495        0.9988
    653.9665        0.9969
    653.9836        0.9949
    654.0006        0.9927
    654.0176        0.9908
    654.0347        0.9886
    654.0517        0.9862
    654.0687        0.9840
    654.0858        0.9816
    654.1028        0.9823
    654.1198        0.9831
    654.1368        0.9839
    654.1539        0.9847
    654.1709        0.9852
    654.1879        0.9857
    654.2050        0.9862
    654.2220        0.9863
    654.2390        0.9838
    654.2561        0.9815
    654.2731        0.9792
    654.2901        0.9768
    654.3072        0.9743
    654.3242        0.9718
    654.3412        0.9693
    654.3582        0.9665
    654.3753        0.9635
    654.3923        0.9603
    654.4093        0.9574
    654.4264        0.9572
    654.4434        0.9625
    654.4604        0.9676
    654.4775        0.9727
    654.4945        0.9770
    654.5115        0.9804
    654.5286        0.9838
    654.5456        0.9873
    654.5626        0.9892
    654.5796        0.9890
    654.5967        0.9889
    654.6137        0.9887
    654.6307        0.9887
    654.6478        0.9888
    654.6648        0.9890
    654.6818        0.9891
    654.6989        0.9855
    654.7159        0.9793
    654.7329        0.9731
    654.7499        0.9669
    654.7670        0.9632
    654.7840        0.9606
    654.8010        0.9581
    654.8181        0.9555
    654.8351        0.9569
    654.8521        0.9596
    654.8692        0.9624
    654.8862        0.9653
    654.9032        0.9702
    654.9203        0.9756
    654.9373        0.9810
    654.9543        0.9864
    654.9713        0.9883
    654.9884        0.9895
    655.0054        0.9909
    655.0224        0.9920
    655.0395        0.9912
    655.0565        0.9903
    655.0735        0.9893
    655.0906        0.9884
    655.1076        0.9882
    655.1246        0.9882
    655.1417        0.9881
    655.1587        0.9879
    655.1757        0.9824
    655.1927        0.9769
    655.2098        0.9714
    655.2268        0.9669
    655.2438        0.9702
    655.2609        0.9733
    655.2779        0.9766
    655.2949        0.9800
    655.3120        0.9849
    655.3290        0.9898
    655.3460        0.9947
    655.3631        0.9996
    655.3801        1.0050
    655.3971        1.0104
    655.4141        1.0157
    655.4312        1.0222
    655.4482        1.0305
    655.4652        1.0389
    655.4823        1.0471
    655.4993        1.0551
    655.5163        1.0626
    655.5334        1.0702
    655.5504        1.0777
    655.5674        1.0847
    655.5845        1.0911
    655.6015        1.0974
    655.6185        1.1039
    655.6355        1.1130
    655.6526        1.1247
    655.6696        1.1362
    655.6866        1.1479
    655.7037        1.1641
    655.7207        1.1838
    655.7377        1.2035
    655.7548        1.2234
    655.7718        1.2464
    655.7888        1.2715
    655.8059        1.2966
    655.8229        1.3216
    655.8399        1.3495
    655.8569        1.3787
    655.8740        1.4080
    655.8910        1.4371
    655.9080        1.4600
    655.9251        1.4809
    655.9421        1.5018
    655.9591        1.5224
    655.9762        1.5300
    655.9932        1.5344
    656.0102        1.5389
    656.0272        1.5428
    656.0443        1.5332
    656.0613        1.5220
    656.0783        1.5108
    656.0954        1.4994
    656.1124        1.4784
    656.1294        1.4569
    656.1465        1.4353
    656.1635        1.4136
    656.1805        1.3890
    656.1976        1.3645
    656.2146        1.3399
    656.2316        1.3159
    656.2486        1.2967
    656.2657        1.2775
    656.2827        1.2582
    656.2997        1.2409
    656.3168        1.2355
    656.3338        1.2300
    656.3508        1.2244
    656.3679        1.2227
    656.3849        1.2354
    656.4019        1.2478
    656.4190        1.2601
    656.4360        1.2759
    656.4530        1.3010
    656.4700        1.3261
    656.4871        1.3512
    656.5041        1.3789
    656.5211        1.4119
    656.5382        1.4448
    656.5552        1.4775
    656.5722        1.5028
    656.5893        1.5168
    656.6063        1.5311
    656.6233        1.5452
    656.6404        1.5538
    656.6574        1.5559
    656.6744        1.5581
    656.6914        1.5601
    656.7085        1.5521
    656.7255        1.5347
    656.7425        1.5173
    656.7596        1.4999
    656.7766        1.4810
    656.7936        1.4611
    656.8107        1.4414
    656.8277        1.4215
    656.8447        1.3952
    656.8618        1.3651
    656.8788        1.3352
    656.8958        1.3053
    656.9128        1.2827
    656.9299        1.2632
    656.9469        1.2436
    656.9639        1.2240
    656.9810        1.2061
    656.9980        1.1886
    657.0150        1.1711
    657.0321        1.1538
    657.0491        1.1404
    657.0661        1.1273
    657.0831        1.1143
    657.1002        1.1013
    657.1172        1.0899
    657.1342        1.0786
    657.1513        1.0674
    657.1683        1.0562
    657.1853        1.0482
    657.2024        1.0403
    657.2194        1.0324
    657.2364        1.0246
    657.2535        1.0183
    657.2705        1.0121
    657.2875        1.0058
    657.3045        0.9999
    657.3216        0.9972
    657.3386        0.9944
    657.3556        0.9917
    657.3727        0.9888
    657.3897        0.9848
    657.4067        0.9808
    657.4238        0.9768
    657.4408        0.9734
    657.4578        0.9716
    657.4749        0.9697
    657.4919        0.9680
    657.5089        0.9657
    657.5259        0.9629
    657.5430        0.9601
    657.5600        0.9573
    657.5770        0.9559
    657.5941        0.9568
    657.6111        0.9576
    657.6281        0.9584
    657.6452        0.9573
    657.6622        0.9538
    657.6792        0.9503
    657.6963        0.9469
    657.7133        0.9471
    657.7303        0.9509
    657.7473        0.9547
    657.7644        0.9584
    657.7814        0.9589
    657.7984        0.9570
    657.8155        0.9553
    657.8325        0.9535
    657.8495        0.9516
    657.8666        0.9496
    657.8836        0.9475
    657.9006        0.9456
    657.9177        0.9455
    657.9347        0.9464
    657.9517        0.9471
    657.9687        0.9479
    657.9858        0.9474
    658.0028        0.9465
    658.0198        0.9456
    658.0369        0.9446
    658.0539        0.9464
    658.0709        0.9485
    658.0880        0.9508
    658.1050        0.9529
    658.1220        0.9518
    658.1391        0.9505
    658.1561        0.9491
    658.1731        0.9477
    658.1901        0.9489
    658.2072        0.9502
    658.2242        0.9514
    658.2412        0.9526
    658.2583        0.9539
    658.2753        0.9552
    658.2923        0.9564
    658.3094        0.9573
    658.3264        0.9555
    658.3434        0.9537
    658.3604        0.9519
    658.3775        0.9507
    658.3945        0.9528
    658.4115        0.9551
    658.4286        0.9572
    658.4456        0.9592
    658.4626        0.9599
    658.4797        0.9606
    658.4967        0.9614
    658.5137        0.9621
    658.5308        0.9630
    658.5478        0.9640
    658.5648        0.9649
    658.5818        0.9657
    658.5989        0.9662
    658.6159        0.9667
    658.6329        0.9671
    658.6500        0.9687
    658.6670        0.9716
    658.6840        0.9743
    658.7011        0.9771
    658.7181        0.9781
    658.7351        0.9773
    658.7522        0.9766
    658.7692        0.9757
    658.7862        0.9755
    658.8032        0.9759
    658.8203        0.9763
    658.8373        0.9767
    658.8543        0.9770
    658.8714        0.9772
    658.8884        0.9774
    658.9054        0.9777
    658.9225        0.9791
    658.9395        0.9809
    658.9565        0.9827
    658.9736        0.9845
    658.9906        0.9860
    659.0076        0.9876
    659.0246        0.9892
    659.0417        0.9908
    659.0587        0.9931
    659.0757        0.9958
    659.0928        0.9983
    659.1098        1.0008
    659.1268        1.0009
    659.1439        1.0007
    659.1609        1.0005
    659.1779        1.0003
    659.1950        0.9984
    659.2120        0.9963
    659.2290        0.9943
    659.2460        0.9923
    659.2631        0.9941
    659.2801        0.9958
    659.2971        0.9974
    659.3142        0.9987
    659.3312        0.9973
    659.3482        0.9959
    659.3653        0.9945
    659.3823        0.9932
    659.3993        0.9910
    659.4163        0.9889
    659.4334        0.9868
    659.4504        0.9856
    659.4674        0.9875
    659.4845        0.9893
    659.5015        0.9911
    659.5185        0.9925
    659.5356        0.9926
    659.5526        0.9927
    659.5696        0.9928
    659.5867        0.9937
    659.6037        0.9960
    659.6207        0.9983
    659.6377        1.0005
    659.6548        1.0008
    659.6718        0.9985
    659.6888        0.9962
    659.7059        0.9940
    659.7229        0.9925
    659.7399        0.9917
    659.7570        0.9909
    659.7740        0.9902
    659.7910        0.9908
    659.8081        0.9927
    659.8251        0.9945
    659.8421        0.9962
    659.8591        0.9950
    659.8762        0.9920
    659.8932        0.9890
    659.9102        0.9861
    659.9273        0.9858
    659.9443        0.9868
    659.9613        0.9877
    659.9784        0.9887
    659.9954        0.9903
    660.0124        0.9922
    660.0295        0.9941
    660.0465        0.9959
    660.0635        0.9962
    660.0805        0.9962
    660.0976        0.9962
    660.1146        0.9961
    660.1316        0.9944
    660.1487        0.9927
    660.1657        0.9909
    660.1827        0.9892
    660.1998        0.9914
    660.2168        0.9936
    660.2338        0.9959
    660.2509        0.9979
    660.2679        0.9967
    660.2849        0.9954
    660.3019        0.9942
    660.3190        0.9929
    660.3360        0.9919
    660.3530        0.9909
    660.3701        0.9898
    660.3871        0.9888
    660.4041        0.9881
    660.4212        0.9874
    660.4382        0.9867
    660.4552        0.9863
    660.4723        0.9864
    660.4893        0.9864
    660.5063        0.9864
    660.5233        0.9872
    660.5404        0.9903
    660.5574        0.9936
    660.5744        0.9969
    660.5915        0.9992
    660.6085        0.9993
    660.6255        0.9993
    660.6426        0.9994
    660.6596        0.9988
    660.6766        0.9978
    660.6936        0.9969
    660.7107        0.9960
    660.7277        0.9952
    660.7447        0.9944
    660.7618        0.9935
    660.7788        0.9928
    660.7958        0.9938
    660.8129        0.9960
    660.8299        0.9982
    660.8469        1.0004
    660.8640        1.0003
    660.8810        0.9988
    660.8980        0.9974
    660.9150        0.9959
    660.9321        0.9937
    660.9491        0.9912
    660.9661        0.9887
    660.9832        0.9864
    661.0002        0.9881
    661.0172        0.9910
    661.0343        0.9939
    661.0513        0.9967
    661.0683        0.9957
    661.0854        0.9942
    661.1024        0.9926
    661.1194        0.9912
    661.1364        0.9927
    661.1535        0.9944
    661.1705        0.9961
    661.1875        0.9975
    661.2046        0.9950
    661.2216        0.9925
    661.2386        0.9898
    661.2557        0.9876
    661.2727        0.9901
    661.2897        0.9923
    661.3068        0.9946
    661.3238        0.9964
    661.3408        0.9950
    661.3578        0.9937
    661.3749        0.9924
    661.3919        0.9918
    661.4089        0.9940
    661.4260        0.9962
    661.4430        0.9984
    661.4600        0.9995
    661.4771        0.9976
    661.4941        0.9960
    661.5111        0.9943
    661.5282        0.9928
    661.5452        0.9915
    661.5622        0.9902
    661.5792        0.9888
    661.5963        0.9877
    661.6133        0.9873
    661.6303        0.9871
    661.6474        0.9868
    661.6644        0.9878
    661.6814        0.9902
    661.6985        0.9927
    661.7155        0.9951
    661.7325        0.9972
    661.7495        0.9990
    661.7666        1.0007
    661.7836        1.0023
    661.8006        1.0011
    661.8177        0.9981
    661.8347        0.9951
    661.8517        0.9922
    661.8688        0.9931
    661.8858        0.9958
    661.9028        0.9985
    661.9199        1.0012
    661.9369        1.0009
    661.9539        0.9994
    661.9709        0.9979
    661.9880        0.9963
    662.0050        0.9971
    662.0220        0.9985
    662.0391        0.9999
    662.0561        1.0013
    662.0731        0.9992
    662.0902        0.9964
    662.1072        0.9936
    662.1242        0.9909
    662.1413        0.9922
    662.1583        0.9940
    662.1753        0.9957
    662.1923        0.9974
    662.2094        0.9961
    662.2264        0.9946
    662.2434        0.9932
    662.2605        0.9917
    662.2775        0.9907
    662.2945        0.9899
    662.3116        0.9890
    662.3286        0.9884
    662.3456        0.9881
    662.3627        0.9876
    662.3797        0.9872
    662.3967        0.9874
    662.4137        0.9903
    662.4308        0.9932
    662.4478        0.9962
    662.4648        0.9979
    662.4819        0.9965
    662.4989        0.9952
    662.5159        0.9939
    662.5330        0.9936
    662.5500        0.9952
    662.5670        0.9967
    662.5841        0.9981
    662.6011        0.9989
    662.6181        0.9986
    662.6351        0.9983
    662.6522        0.9981
    662.6692        0.9985
    662.6862        0.9998
    662.7033        1.0011
    662.7203        1.0022
    662.7373        1.0027
    662.7544        1.0025
    662.7714        1.0024
    662.7884        1.0023
    662.8055        1.0013
    662.8225        0.9996
    662.8395        0.9980
    662.8565        0.9963
    662.8736        0.9971
    662.8906        0.9992
    662.9076        1.0013
    662.9247        1.0034
    662.9417        1.0029
    662.9587        1.0014
    662.9758        1.0000
    662.9928        0.9985
    663.0098        0.9980
    663.0268        0.9977
    663.0439        0.9974
    663.0609        0.9971
    663.0779        0.9939
    663.0950        0.9904
    663.1120        0.9868
    663.1290        0.9833
    663.1461        0.9846
    663.1631        0.9860
    663.1801        0.9874
    663.1972        0.9889
    663.2142        0.9897
    663.2312        0.9905
    663.2482        0.9913
    663.2653        0.9923
    663.2823        0.9955
    663.2993        0.9988
    663.3164        1.0020
    663.3334        1.0044
    663.3504        1.0018
    663.3675        0.9991
    663.3845        0.9964
    663.4015        0.9948
    663.4186        0.9962
    663.4356        0.9977
    663.4526        0.9991
    663.4696        0.9995
    663.4867        0.9976
    663.5037        0.9958
    663.5207        0.9940
    663.5378        0.9933
    663.5548        0.9944
    663.5718        0.9956
    663.5889        0.9967
    663.6059        0.9960
    663.6229        0.9931
    663.6400        0.9903
    663.6570        0.9874
    663.6740        0.9860
    663.6910        0.9859
    663.7081        0.9859
    663.7251        0.9859
    663.7421        0.9877
    663.7592        0.9908
    663.7762        0.9939
    663.7932        0.9968
    663.8103        0.9974
    663.8273        0.9965
    663.8443        0.9957
    663.8614        0.9949
    663.8784        0.9943
    663.8954        0.9940
    663.9124        0.9937
    663.9295        0.9935
    663.9465        0.9950
    663.9635        0.9967
    663.9806        0.9984
    663.9976        1.0001
    664.0146        0.9989
    664.0317        0.9973
    664.0487        0.9957
    664.0657        0.9940
    664.0827        0.9934
    664.0998        0.9930
    664.1168        0.9925
    664.1338        0.9922
    664.1509        0.9935
    664.1679        0.9947
    664.1849        0.9960
    664.2020        0.9970
    664.2190        0.9964
    664.2360        0.9959
    664.2531        0.9953
    664.2701        0.9949
    664.2871        0.9959
    664.3041        0.9970
    664.3212        0.9981
    664.3382        0.9990
    664.3552        0.9984
    664.3723        0.9977
    664.3893        0.9970
    664.4063        0.9957
    664.4234        0.9930
    664.4404        0.9903
    664.4574        0.9877
    664.4745        0.9876
    664.4915        0.9921
    664.5085        0.9966
    664.5255        1.0010
    664.5426        1.0024
    664.5596        0.9996
    664.5766        0.9968
    664.5937        0.9941
    664.6107        0.9923
    664.6277        0.9918
    664.6448        0.9912
    664.6618        0.9907
    664.6788        0.9918
    664.6959        0.9940
    664.7129        0.9963
    664.7299        0.9985
    664.7469        0.9985
    664.7640        0.9974
    664.7810        0.9963
    664.7980        0.9953
    664.8151        0.9969
    664.8321        0.9997
    664.8491        1.0025
    664.8662        1.0052
    664.8832        1.0035
    664.9002        1.0005
    664.9173        0.9975
    664.9343        0.9945
    664.9513        0.9941
    664.9683        0.9942
    664.9854        0.9943
    665.0024        0.9945
    665.0194        0.9945
    665.0365        0.9944
    665.0535        0.9943
    665.0705        0.9940
    665.0876        0.9925
    665.1046        0.9909
    665.1216        0.9894
    665.1387        0.9881
    665.1557        0.9886
    665.1727        0.9892
    665.1897        0.9898
    665.2068        0.9903
    665.2238        0.9900
    665.2408        0.9898
    665.2579        0.9895
    665.2749        0.9892
    665.2919        0.9887
    665.3090        0.9881
    665.3260        0.9876
    665.3430        0.9875
    665.3600        0.9890
    665.3771        0.9904
    665.3941        0.9920
    665.4111        0.9926
    665.4282        0.9916
    665.4452        0.9906
    665.4622        0.9895
    665.4793        0.9886
    665.4963        0.9880
    665.5133        0.9873
    665.5304        0.9867
    665.5474        0.9876
    665.5644        0.9902
    665.5814        0.9928
    665.5985        0.9953
    665.6155        0.9957
    665.6325        0.9944
    665.6496        0.9932
    665.6666        0.9919
    665.6836        0.9909
    665.7007        0.9903
    665.7177        0.9895
    665.7347        0.9889
    665.7518        0.9901
    665.7688        0.9919
    665.7858        0.9938
    665.8028        0.9956
    665.8199        0.9981
    665.8369        1.0009
    665.8539        1.0038
    665.8710        1.0066
    665.8880        1.0051
    665.9050        1.0026
    665.9221        1.0003
    665.9391        0.9979
    665.9561        0.9960
    665.9732        0.9940
    665.9902        0.9921
    666.0072        0.9902
    666.0242        0.9919
    666.0413        0.9938
    666.0583        0.9957
    666.0753        0.9974
    666.0924        0.9957
    666.1094        0.9941
    666.1264        0.9925
    666.1435        0.9912
    666.1605        0.9929
    666.1775        0.9944
    666.1946        0.9961
    666.2116        0.9971
    666.2286        0.9966
    666.2456        0.9963
    666.2627        0.9960
    666.2797        0.9955
    666.2967        0.9941
    666.3138        0.9925
    666.3308        0.9911
    666.3478        0.9908
    666.3649        0.9931
    666.3819        0.9952
    666.3989        0.9974
    666.4159        0.9978
    666.4330        0.9958
    666.4500        0.9937
    666.4670        0.9917
    666.4841        0.9894
    666.5011        0.9871
    666.5181        0.9847
    666.5352        0.9824
    666.5522        0.9826
    666.5692        0.9848
    666.5863        0.9870
    666.6033        0.9893
    666.6203        0.9901
    666.6373        0.9899
    666.6544        0.9898
    666.6714        0.9896
    666.6884        0.9898
    666.7055        0.9903
    666.7225        0.9908
    666.7395        0.9915
    666.7566        0.9913
    666.7736        0.9906
    666.7906        0.9898
    666.8077        0.9891
    666.8247        0.9900
    666.8417        0.9912
    666.8587        0.9925
    666.8758        0.9938
    666.8928        0.9948
    666.9098        0.9959
    666.9269        0.9969
    666.9439        0.9977
    666.9609        0.9945
    666.9780        0.9912
    666.9950        0.9877
    667.0120        0.9844
    667.0291        0.9866
    667.0461        0.9889
    667.0631        0.9911
    667.0801        0.9927
    667.0972        0.9887
    667.1142        0.9848
    667.1312        0.9809
    667.1483        0.9772
    667.1653        0.9746
    667.1823        0.9719
    667.1994        0.9694
    667.2164        0.9676
    667.2334        0.9692
    667.2505        0.9707
    667.2675        0.9722
    667.2845        0.9728
    667.3015        0.9712
    667.3186        0.9697
    667.3356        0.9682
    667.3526        0.9654
    667.3697        0.9602
    667.3867        0.9550
    667.4037        0.9500
    667.4208        0.9461
    667.4378        0.9439
    667.4548        0.9415
    667.4719        0.9392
    667.4889        0.9384
    667.5059        0.9391
    667.5229        0.9397
    667.5400        0.9403
    667.5570        0.9365
    667.5740        0.9300
    667.5911        0.9234
    667.6081        0.9172
    667.6251        0.9173
    667.6422        0.9204
    667.6592        0.9236
    667.6762        0.9265
    667.6932        0.9265
    667.7103        0.9255
    667.7273        0.9244
    667.7443        0.9234
    667.7614        0.9233
    667.7784        0.9235
    667.7954        0.9236
    667.8125        0.9237
    667.8295        0.9235
    667.8465        0.9233
    667.8636        0.9230
    667.8806        0.9226
    667.8976        0.9211
    667.9146        0.9196
    667.9317        0.9181
    667.9487        0.9167
    667.9657        0.9171
    667.9828        0.9175
    667.9998        0.9178
    668.0168        0.9178
    668.0339        0.9158
    668.0509        0.9139
    668.0679        0.9119
    668.0850        0.9109
    668.1020        0.9133
    668.1190        0.9156
    668.1360        0.9179
    668.1531        0.9198
    668.1701        0.9209
    668.1871        0.9219
    668.2042        0.9230
    668.2212        0.9250
    668.2382        0.9289
    668.2553        0.9326
    668.2723        0.9363
    668.2893        0.9397
    668.3064        0.9421
    668.3234        0.9445
    668.3404        0.9469
    668.3574        0.9481
    668.3745        0.9481
    668.3915        0.9482
    668.4085        0.9483
    668.4256        0.9503
    668.4426        0.9538
    668.4596        0.9573
    668.4767        0.9607
    668.4937        0.9635
    668.5107        0.9659
    668.5278        0.9684
    668.5448        0.9709
    668.5618        0.9718
    668.5788        0.9718
    668.5959        0.9717
    668.6129        0.9719
    668.6299        0.9756
    668.6470        0.9804
    668.6640        0.9854
    668.6810        0.9902
    668.6981        0.9910
    668.7151        0.9912
    668.7321        0.9914
    668.7491        0.9916
    668.7662        0.9911
    668.7832        0.9906
    668.8002        0.9901
    668.8173        0.9897
    668.8343        0.9905
    668.8513        0.9914
    668.8684        0.9921
    668.8854        0.9929
    668.9024        0.9917
    668.9195        0.9906
    668.9365        0.9894
    668.9535        0.9887
    668.9705        0.9927
    668.9876        0.9967
    669.0046        1.0008
    669.0216        1.0038
    669.0387        1.0014
    669.0557        0.9990
    669.0727        0.9966
    669.0898        0.9945
    669.1068        0.9931
    669.1238        0.9918
    669.1409        0.9905
    669.1579        0.9894
    669.1749        0.9886
    669.1919        0.9877
    669.2090        0.9870
    669.2260        0.9879
    669.2430        0.9913
    669.2601        0.9946
    669.2771        0.9979
    669.2941        0.9982
    669.3112        0.9953
    669.3282        0.9925
    669.3452        0.9897
    669.3623        0.9875
    669.3793        0.9857
    669.3963        0.9840
    669.4133        0.9824
    669.4304        0.9841
    669.4474        0.9879
    669.4644        0.9917
    669.4815        0.9956
    669.4985        0.9969
    669.5155        0.9968
    669.5326        0.9968
    669.5496        0.9967
    669.5666        0.9971
    669.5837        0.9975
    669.6007        0.9980
    669.6177        0.9982
    669.6347        0.9951
    669.6518        0.9916
    669.6688        0.9879
    669.6858        0.9845
    669.7029        0.9861
    669.7199        0.9884
    669.7369        0.9906
    669.7540        0.9929
    669.7710        0.9946
    669.7880        0.9963
    669.8051        0.9979
    669.8221        0.9994
    669.8391        0.9992
    669.8561        0.9991
    669.8732        0.9989
    669.8902        0.9985
    669.9072        0.9961
    669.9243        0.9937
    669.9413        0.9913
    669.9583        0.9893
    669.9754        0.9896
    669.9924        0.9899
    670.0094        0.9902
    670.0264        0.9905
    670.0435        0.9908
    670.0605        0.9910
    670.0775        0.9913
    670.0946        0.9913
    670.1116        0.9905
    670.1286        0.9896
    670.1457        0.9887
    670.1627        0.9883
    670.1797        0.9889
    670.1968        0.9895
    670.2138        0.9900
    670.2308        0.9912
    670.2478        0.9929
    670.2649        0.9946
    670.2819        0.9963
    670.2989        0.9973
    670.3160        0.9981
    670.3330        0.9988
    670.3500        0.9994
    670.3671        0.9986
    670.3841        0.9968
    670.4011        0.9949
    670.4182        0.9932
    670.4352        0.9938
    670.4522        0.9953
    670.4692        0.9968
    670.4863        0.9982
    670.5033        0.9988
    670.5203        0.9991
    670.5374        0.9994
    670.5544        0.9996
    670.5714        0.9982
    670.5885        0.9965
    670.6055        0.9947
    670.6225        0.9930
    670.6396        0.9925
    670.6566        0.9922
    670.6736        0.9918
    670.6906        0.9914
    670.7077        0.9906
    670.7247        0.9900
    670.7417        0.9893
    670.7588        0.9890
    670.7758        0.9931
    670.7928        0.9972
    670.8099        1.0012
    670.8269        1.0043
    670.8439        1.0013
    670.8610        0.9982
    670.8780        0.9952
    670.8950        0.9929
    670.9120        0.9936
    670.9291        0.9941
    670.9461        0.9947
    670.9631        0.9951
    670.9802        0.9948
    670.9972        0.9944
    671.0142        0.9941
    671.0313        0.9939
    671.0483        0.9944
    671.0653        0.9947
    671.0823        0.9951
    671.0994        0.9944
    671.1164        0.9925
    671.1334        0.9906
    671.1505        0.9887
    671.1675        0.9884
    671.1845        0.9898
    671.2016        0.9910
    671.2186        0.9924
    671.2356        0.9947
    671.2527        0.9972
    671.2697        0.9998
    671.2867        1.0022
    671.3037        1.0030
    671.3208        1.0031
    671.3378        1.0032
    671.3548        1.0032
    671.3719        1.0019
    671.3889        1.0000
    671.4059        0.9981
    671.4230        0.9963
    671.4400        0.9968
    671.4570        0.9976
    671.4741        0.9985
    671.4911        0.9992
    671.5081        0.9991
    671.5251        0.9988
    671.5422        0.9986
    671.5592        0.9983
    671.5762        0.9953
    671.5933        0.9925
    671.6103        0.9894
    671.6273        0.9866
    671.6444        0.9883
    671.6614        0.9898
    671.6784        0.9914
    671.6955        0.9928
    671.7125        0.9928
    671.7295        0.9929
    671.7465        0.9930
    671.7636        0.9932
    671.7806        0.9937
    671.7976        0.9943
    671.8147        0.9948
    671.8317        0.9949
    671.8487        0.9944
    671.8658        0.9940
    671.8828        0.9934
    671.8998        0.9932
    671.9169        0.9932
    671.9339        0.9932
    671.9509        0.9934
    671.9679        0.9932
    671.9850        0.9925
    672.0020        0.9920
    672.0190        0.9914
    672.0361        0.9906
    672.0531        0.9897
    672.0701        0.9887
    672.0872        0.9879
    672.1042        0.9867
    672.1212        0.9852
    672.1383        0.9838
    672.1553        0.9824
    672.1723        0.9833
    672.1893        0.9859
    672.2064        0.9883
    672.2234        0.9908
    672.2404        0.9916
    672.2575        0.9916
    672.2745        0.9916
    672.2915        0.9916
    672.3086        0.9898
    672.3256        0.9873
    672.3426        0.9850
    672.3596        0.9826
    672.3767        0.9848
    672.3937        0.9878
    672.4107        0.9909
    672.4278        0.9938
    672.4448        0.9942
    672.4618        0.9945
    672.4789        0.9948
    672.4959        0.9952
    672.5129        0.9961
    672.5300        0.9969
    672.5470        0.9978
    672.5640        0.9988
    672.5810        0.9996
    672.5981        1.0004
    672.6151        1.0012
    672.6321        1.0017
    672.6492        1.0003
    672.6662        0.9991
    672.6832        0.9978
    672.7003        0.9969
    672.7173        0.9968
    672.7343        0.9967
    672.7514        0.9966
    672.7684        0.9971
    672.7854        0.9994
    672.8024        1.0015
    672.8195        1.0037
    672.8365        1.0044
    672.8535        1.0027
    672.8706        1.0010
    672.8876        0.9994
    672.9046        0.9989
    672.9217        0.9998
    672.9387        1.0005
    672.9557        1.0012
    672.9728        1.0002
    672.9898        0.9974
    673.0068        0.9947
    673.0238        0.9920
    673.0409        0.9915
    673.0579        0.9924
    673.0749        0.9935
    673.0920        0.9946
    673.1090        0.9974
    673.1260        1.0012
    673.1431        1.0050
    673.1601        1.0087
    673.1771        1.0069
    673.1942        1.0029
    673.2112        0.9989
    673.2282        0.9950
    673.2452        0.9973
    673.2623        1.0013
    673.2793        1.0053
    673.2963        1.0092
    673.3134        1.0067
    673.3304        1.0033
    673.3474        0.9998
    673.3645        0.9963
    673.3815        0.9949
    673.3985        0.9938
    673.4156        0.9924
    673.4326        0.9913
    673.4496        0.9921
    673.4666        0.9928
    673.4837        0.9936
    673.5007        0.9944
    673.5177        0.9970
    673.5348        0.9997
    673.5518        1.0024
    673.5688        1.0046
    673.5859        1.0037
    673.6029        1.0030
    673.6199        1.0021
    673.6369        1.0012
    673.6540        0.9999
    673.6710        0.9987
    673.6880        0.9974
    673.7051        0.9967
    673.7221        0.9970
    673.7391        0.9972
    673.7562        0.9975
    673.7732        0.9984
    673.7902        1.0008
    673.8073        1.0032
    673.8243        1.0055
    673.8413        1.0056
    673.8583        1.0031
    673.8754        1.0005
    673.8924        0.9981
    673.9094        0.9969
    673.9265        0.9968
    673.9435        0.9967
    673.9605        0.9965
    673.9776        0.9973
    673.9946        0.9991
    674.0116        1.0007
    674.0287        1.0024
    674.0457        1.0030
    674.0627        1.0031
    674.0797        1.0031
    674.0968        1.0032
    674.1138        1.0034
    674.1308        1.0035
    674.1479        1.0037
    674.1649        1.0038
    674.1819        1.0045
    674.1990        1.0051
    674.2160        1.0058
    674.2330        1.0063
    674.2501        1.0042
    674.2671        1.0018
    674.2841        0.9994
    674.3011        0.9972
    674.3182        0.9996
    674.3352        1.0019
    674.3522        1.0044
    674.3693        1.0067
    674.3863        1.0068
    674.4033        1.0070
    674.4204        1.0071
    674.4374        1.0065
    674.4544        1.0027
    674.4715        0.9990
    674.4885        0.9952
    674.5055        0.9935
    674.5225        0.9985
    674.5396        1.0032
    674.5566        1.0080
    674.5736        1.0104
    674.5907        1.0075
    674.6077        1.0048
    674.6247        1.0020
    674.6418        1.0005
    674.6588        1.0011
    674.6758        1.0016
    674.6928        1.0021
    674.7099        1.0034
    674.7269        1.0057
    674.7439        1.0082
    674.7610        1.0106
    674.7780        1.0109
    674.7950        1.0091
    674.8121        1.0073
    674.8291        1.0056
    674.8461        1.0038
    674.8632        1.0020
    674.8802        1.0001
    674.8972        0.9982
    674.9142        0.9992
    674.9313        1.0017
    674.9483        1.0042
    674.9653        1.0067
    674.9824        1.0072
    674.9994        1.0067
    675.0164        1.0064
    675.0335        1.0060
    675.0505        1.0051
    675.0675        1.0044
    675.0846        1.0034
    675.1016        1.0028
    675.1186        1.0041
    675.1356        1.0056
    675.1527        1.0071
    675.1697        1.0086
    675.1867        1.0076
    675.2038        1.0066
    675.2208        1.0055
    675.2378        1.0047
    675.2549        1.0052
    675.2719        1.0058
    675.2889        1.0062
    675.3060        1.0066
    675.3230        1.0058
    675.3400        1.0052
    675.3570        1.0044
    675.3741        1.0038
    675.3911        1.0027
    675.4081        1.0016
    675.4252        1.0005
    675.4422        1.0001
    675.4592        1.0018
    675.4763        1.0037
    675.4933        1.0055
    675.5103        1.0078
    675.5274        1.0109
    675.5444        1.0139
    675.5614        1.0168
    675.5784        1.0185
    675.5955        1.0182
    675.6125        1.0179
    675.6295        1.0175
    675.6466        1.0165
    675.6636        1.0148
    675.6806        1.0133
    675.6977        1.0117
    675.7147        1.0116
    675.7317        1.0127
    675.7488        1.0137
    675.7658        1.0148
    675.7828        1.0150
    675.7998        1.0148
    675.8169        1.0147
    675.8339        1.0144
    675.8509        1.0136
    675.8680        1.0127
    675.8850        1.0118
    675.9020        1.0109
    675.9191        1.0107
    675.9361        1.0105
    675.9531        1.0103
    675.9701        1.0101
    675.9872        1.0123
    676.0042        1.0148
    676.0212        1.0173
    676.0383        1.0198
    676.0553        1.0186
    676.0723        1.0173
    676.0894        1.0158
    676.1064        1.0144
    676.1234        1.0138
    676.1405        1.0132
    676.1575        1.0126
    676.1745        1.0124
    676.1915        1.0141
    676.2086        1.0158
    676.2256        1.0175
    676.2426        1.0185
    676.2597        1.0164
    676.2767        1.0146
    676.2937        1.0128
