    652.4729        0.9787
    652.4844        0.9666
    652.4958        0.9633
    652.5072        0.9822
    652.5187        0.9955
    652.5301        0.9950
    652.5415        0.9976
    652.5529        1.0201
    652.5644        1.0049
    652.5758        0.9911
    652.5872        1.0212
    652.5986        1.0021
    652.6101        0.9666
    652.6215        0.9495
    652.6329        0.9163
    652.6443        0.9813
    652.6558        0.9903
    652.6672        1.0265
    652.6786        1.0240
    652.6900        1.0264
    652.7015        1.0224
    652.7129        0.9981
    652.7243        1.0200
    652.7357        0.9816
    652.7472        0.9923
    652.7586        1.0035
    652.7700        0.9768
    652.7814        0.9852
    652.7929        0.9652
    652.8043        0.9741
    652.8157        1.0097
    652.8271        0.9994
    652.8386        1.0345
    652.8500        1.0272
    652.8614        1.0031
    652.8729        0.9917
    652.8843        0.9845
    652.8957        0.9701
    652.9071        0.9760
    652.9186        0.9394
    652.9300        0.9425
    652.9414        0.9444
    652.9528        0.9624
    652.9643        0.9540
    652.9757        0.9633
    652.9871        0.9794
    652.9985        0.9748
    653.0100        0.9816
    653.0214        0.9760
    653.0328        0.9896
    653.0442        0.9660
    653.0557        0.9425
    653.0671        0.9514
    653.0785        0.9765
    653.0899        0.9343
    653.1014        0.9572
    653.1128        0.9588
    653.1242        0.9395
    653.1356        0.9379
    653.1471        0.9505
    653.1585        0.9492
    653.1699        1.0061
    653.1813        0.9926
    653.1928        1.0028
    653.2042        0.9739
    653.2156        1.0120
    653.2271        0.9976
    653.2385        0.9553
    653.2499        0.9011
    653.2613        0.8984
    653.2728        0.9102
    653.2842        0.9002
    653.2956        0.8997
    653.3070        0.9586
    653.3185        0.9514
    653.3299        0.9634
    653.3413        0.9428
    653.3527        0.9156
    653.3642        0.9550
    653.3756        0.9226
    653.3870        0.9403
    653.3984        0.9050
    653.4099        0.8826
    653.4213        0.8799
    653.4327        0.9035
    653.4441        0.9138
    653.4556        0.9240
    653.4670        0.9204
    653.4784        0.9827
    653.4898        0.9704
    653.5013        0.9730
    653.5127        1.0001
    653.5241        0.9951
    653.5355        1.0064
    653.5470        0.9914
    653.5584        0.9828
    653.5698        0.9764
    653.5813        0.9709
    653.5927        0.9840
    653.6041        0.9970
    653.6155        0.9882
    653.6270        0.9795
    653.6384        0.9472
    653.6498        0.9357
    653.6612        0.9492
    653.6727        0.9521
    653.6841        0.9373
    653.6955        0.9256
    653.7069        0.9688
    653.7184        0.9525
    653.7298        0.9356
    653.7412        0.9342
    653.7526        0.9646
    653.7641        0.9543
    653.7755        0.9893
    653.7869        0.9853
    653.7983        0.9642
    653.8098        0.9585
    653.8212        0.9495
    653.8326        0.9716
    653.8440        0.9731
    653.8555        0.9721
    653.8669        0.9416
    653.8783        0.9434
    653.8897        0.9735
    653.9012        0.9955
    653.9126        0.9991
    653.9240        0.9693
    653.9354        0.9227
    653.9469        0.9617
    653.9583        0.9398
    653.9697        0.9512
    653.9812        0.9774
    653.9926        0.9666
    654.0040        0.9577
    654.0154        0.9239
    654.0269        0.9558
    654.0383        0.9708
    654.0497        0.9357
    654.0611        0.9242
    654.0726        0.9026
    654.0840        0.9341
    654.0954        0.9451
    654.1068        0.9160
    654.1183        0.9160
    654.1297        0.9302
    654.1411        0.9125
    654.1525        0.9346
    654.1640        0.9248
    654.1754        0.9123
    654.1868        0.9421
    654.1982        0.9074
    654.2097        0.8870
    654.2211        0.8731
    654.2325        0.8687
    654.2439        0.8764
    654.2554        0.8690
    654.2668        0.8710
    654.2782        0.8869
    654.2896        0.8785
    654.3011        0.9081
    654.3125        0.9567
    654.3239        0.9556
    654.3354        0.9133
    654.3468        0.8971
    654.3582        0.9234
    654.3696        0.9343
    654.3811        0.9047
    654.3925        0.8877
    654.4039        0.8483
    654.4153        0.8131
    654.4268        0.8135
    654.4382        0.8369
    654.4496        0.8620
    654.4610        0.8651
    654.4725        0.8721
    654.4839        0.8903
    654.4953        0.9304
    654.5067        0.9608
    654.5182        0.9329
    654.5296        0.8627
    654.5410        0.8982
    654.5524        0.8539
    654.5639        0.8558
    654.5753        0.8388
    654.5867        0.8837
    654.5981        0.8604
    654.6096        0.8845
    654.6210        0.9287
    654.6324        0.9440
    654.6438        0.9445
    654.6553        0.9331
    654.6667        0.8951
    654.6781        0.8978
    654.6896        0.9024
    654.7010        0.8809
    654.7124        0.8603
    654.7238        0.8830
    654.7353        0.8772
    654.7467        0.8553
    654.7581        0.8601
    654.7695        0.8729
    654.7810        0.8486
    654.7924        0.8361
    654.8038        0.8446
    654.8152        0.8307
    654.8267        0.8239
    654.8381        0.8273
    654.8495        0.8207
    654.8609        0.7776
    654.8724        0.7494
    654.8838        0.7612
    654.8952        0.7695
    654.9066        0.8012
    654.9181        0.8400
    654.9295        0.8465
    654.9409        0.8277
    654.9523        0.8313
    654.9638        0.8457
    654.9752        0.8788
    654.9866        0.8803
    654.9980        0.8773
    655.0095        0.8469
    655.0209        0.8884
    655.0323        0.9099
    655.0438        0.8743
    655.0552        0.8643
    655.0666        0.8577
    655.0780        0.8655
    655.0895        0.8423
    655.1009        0.8653
    655.1123        0.8576
    655.1237        0.8610
    655.1352        0.8210
    655.1466        0.8321
    655.1580        0.8377
    655.1694        0.8140
    655.1809        0.7735
    655.1923        0.7876
    655.2037        0.8005
    655.2151        0.7792
    655.2266        0.7750
    655.2380        0.7612
    655.2494        0.7566
    655.2608        0.7039
    655.2723        0.7050
    655.2837        0.7572
    655.2951        0.7430
    655.3065        0.7489
    655.3180        0.7607
    655.3294        0.7550
    655.3408        0.7784
    655.3522        0.7620
    655.3637        0.7496
    655.3751        0.7586
    655.3865        0.7588
    655.3979        0.7685
    655.4094        0.7502
    655.4208        0.7243
    655.4322        0.7537
    655.4437        0.7238
    655.4551        0.7197
    655.4665        0.7289
    655.4779        0.7270
    655.4894        0.7193
    655.5008        0.7538
    655.5122        0.7642
    655.5236        0.7434
    655.5351        0.7522
    655.5465        0.7859
    655.5579        0.7860
    655.5693        0.7624
    655.5808        0.7681
    655.5922        0.7401
    655.6036        0.7309
    655.6150        0.7402
    655.6265        0.7487
    655.6379        0.7410
    655.6493        0.7581
    655.6607        0.7245
    655.6722        0.7358
    655.6836        0.7171
    655.6950        0.7380
    655.7064        0.6756
    655.7179        0.6773
    655.7293        0.6581
    655.7407        0.6988
    655.7521        0.7348
    655.7636        0.7198
    655.7750        0.7036
    655.7864        0.7199
    655.7979        0.7358
    655.8093        0.7154
    655.8207        0.7149
    655.8321        0.7025
    655.8436        0.7284
    655.8550        0.7506
    655.8664        0.7625
    655.8778        0.7773
    655.8893        0.7692
    655.9007        0.7664
    655.9121        0.8213
    655.9235        0.8594
    655.9350        0.8416
    655.9464        0.8904
    655.9578        0.8961
    655.9692        0.9206
    655.9807        0.9139
    655.9921        0.9636
    656.0035        0.9796
    656.0149        0.9706
    656.0264        0.9641
    656.0378        0.9605
    656.0492        0.9726
    656.0606        0.9692
    656.0721        1.0078
    656.0835        0.9945
    656.0949        1.0221
    656.1063        1.0217
    656.1178        1.0266
    656.1292        1.0202
    656.1406        1.0294
    656.1521        1.0100
    656.1635        0.9949
    656.1749        1.0044
    656.1863        1.0059
    656.1978        0.9704
    656.2092        0.9564
    656.2206        0.9721
    656.2320        1.0050
    656.2435        1.0100
    656.2549        0.9835
    656.2663        0.9779
    656.2777        1.0149
    656.2892        1.0243
    656.3006        1.0457
    656.3120        1.0373
    656.3234        1.0295
    656.3349        1.0675
    656.3463        1.0683
    656.3577        1.0483
    656.3691        1.0448
    656.3806        1.0424
    656.3920        0.9962
    656.4034        0.9514
    656.4148        0.9148
    656.4263        0.9026
    656.4377        0.9010
    656.4491        0.8608
    656.4605        0.8606
    656.4720        0.8806
    656.4834        0.8677
    656.4948        0.8459
    656.5063        0.8494
    656.5177        0.8604
    656.5291        0.8340
    656.5405        0.8354
    656.5520        0.8048
    656.5634        0.7764
    656.5748        0.7505
    656.5862        0.7505
    656.5977        0.7611
    656.6091        0.7263
    656.6205        0.7418
    656.6319        0.7483
    656.6434        0.7355
    656.6548        0.7423
    656.6662        0.7719
    656.6776        0.7589
    656.6891        0.7555
    656.7005        0.7177
    656.7119        0.6838
    656.7233        0.6876
    656.7348        0.6707
    656.7462        0.7003
    656.7576        0.7043
    656.7690        0.7192
    656.7805        0.7138
    656.7919        0.7260
    656.8033        0.7292
    656.8147        0.7177
    656.8262        0.7002
    656.8376        0.7047
    656.8490        0.7242
    656.8604        0.7081
    656.8719        0.6986
    656.8833        0.6914
    656.8947        0.6827
    656.9062        0.6927
    656.9176        0.7015
    656.9290        0.6941
    656.9404        0.7187
    656.9519        0.7338
    656.9633        0.7278
    656.9747        0.6936
    656.9861        0.7223
    656.9976        0.7019
    657.0090        0.7084
    657.0204        0.7337
    657.0318        0.7215
    657.0433        0.7257
    657.0547        0.7453
    657.0661        0.7407
    657.0775        0.7530
    657.0890        0.7348
    657.1004        0.7000
    657.1118        0.7335
    657.1232        0.7466
    657.1347        0.7259
    657.1461        0.7512
    657.1575        0.7681
    657.1689        0.7415
    657.1804        0.7083
    657.1918        0.7038
    657.2032        0.6922
    657.2146        0.6951
    657.2261        0.6949
    657.2375        0.7177
    657.2489        0.7714
    657.2604        0.8019
    657.2718        0.7901
    657.2832        0.7807
    657.2946        0.7921
    657.3061        0.7835
    657.3175        0.8057
    657.3289        0.8056
    657.3403        0.8127
    657.3518        0.7946
    657.3632        0.7950
    657.3746        0.8002
    657.3860        0.8114
    657.3975        0.7875
    657.4089        0.7863
    657.4203        0.8020
    657.4317        0.7959
    657.4432        0.7818
    657.4546        0.7911
    657.4660        0.7948
    657.4774        0.7617
    657.4889        0.7371
    657.5003        0.7369
    657.5117        0.7423
    657.5231        0.7813
    657.5346        0.7837
    657.5460        0.8133
    657.5574        0.8572
    657.5688        0.8546
    657.5803        0.8785
    657.5917        0.8630
    657.6031        0.8787
    657.6146        0.8350
    657.6260        0.8404
    657.6374        0.8370
    657.6488        0.8711
    657.6603        0.8807
    657.6717        0.8783
    657.6831        0.8508
    657.6945        0.8400
    657.7060        0.8521
    657.7174        0.8472
    657.7288        0.8619
    657.7402        0.8688
    657.7517        0.8534
    657.7631        0.8322
    657.7745        0.8987
    657.7859        0.8761
    657.7974        0.8416
    657.8088        0.8634
    657.8202        0.8420
    657.8316        0.8427
    657.8431        0.8656
    657.8545        0.8632
    657.8659        0.8549
    657.8773        0.8796
    657.8888        0.8830
    657.9002        0.8685
    657.9116        0.8909
    657.9230        0.8602
    657.9345        0.8552
    657.9459        0.8671
    657.9573        0.8571
    657.9688        0.8679
    657.9802        0.8387
    657.9916        0.7411
    658.0030        0.7611
    658.0145        0.8286
    658.0259        0.8712
    658.0373        0.8628
    658.0487        0.8592
    658.0602        0.8522
    658.0716        0.8694
    658.0830        0.8776
    658.0944        0.8662
    658.1059        0.8540
    658.1173        0.8838
    658.1287        0.8940
    658.1401        0.8852
    658.1516        0.8769
    658.1630        0.8951
    658.1744        0.8673
    658.1858        0.8830
    658.1973        0.8892
    658.2087        0.8958
    658.2201        0.9002
    658.2315        0.8900
    658.2430        0.8686
    658.2544        0.8815
    658.2658        0.8750
    658.2772        0.8735
    658.2887        0.8894
    658.3001        0.8858
    658.3115        0.8785
    658.3229        0.8271
    658.3344        0.8371
    658.3458        0.8859
    658.3572        0.8716
    658.3687        0.8751
    658.3801        0.8752
    658.3915        0.9120
    658.4029        0.8962
    658.4144        0.8738
    658.4258        0.8851
    658.4372        0.8601
    658.4486        0.8823
    658.4601        0.8849
    658.4715        0.8746
    658.4829        0.8956
    658.4943        0.8654
    658.5058        0.8884
    658.5172        0.8967
    658.5286        0.8632
    658.5400        0.8816
    658.5515        0.9037
    658.5629        0.8852
    658.5743        0.9024
    658.5857        0.9105
    658.5972        0.9084
    658.6086        0.8974
    658.6200        0.9082
    658.6314        0.9008
    658.6429        0.8844
    658.6543        0.8191
    658.6657        0.8292
    658.6771        0.8683
    658.6886        0.8745
    658.7000        0.8680
    658.7114        0.8810
    658.7229        0.8981
    658.7343        0.8920
    658.7457        0.9306
    658.7571        0.9169
    658.7686        0.8910
    658.7800        0.8960
    658.7914        0.8919
    658.8028        0.8739
    658.8143        0.8899
    658.8257        0.8936
    658.8371        0.9335
    658.8485        0.9189
    658.8600        0.9445
    658.8714        0.9558
    658.8828        0.9285
    658.8942        0.9322
    658.9057        0.8972
    658.9171        0.8923
    658.9285        0.9223
    658.9399        0.9559
    658.9514        0.9371
    658.9628        0.9313
    658.9742        0.9291
    658.9856        0.8856
    658.9971        0.9171
    659.0085        0.9113
    659.0199        0.9625
    659.0313        0.9720
    659.0428        0.9432
    659.0542        0.9558
    659.0656        0.9593
    659.0771        0.9381
    659.0885        0.9417
    659.0999        0.9435
    659.1113        0.9467
    659.1228        0.9038
    659.1342        0.9231
    659.1456        0.9173
    659.1570        0.9076
    659.1685        0.9168
    659.1799        0.9226
    659.1913        0.8954
    659.2027        0.9168
    659.2142        0.9688
    659.2256        0.9879
    659.2370        0.9836
    659.2484        0.9888
    659.2599        0.9668
    659.2713        0.9925
    659.2827        0.9921
    659.2941        0.9691
    659.3056        1.0020
    659.3170        0.9962
    659.3284        0.9314
    659.3398        0.9449
    659.3513        0.9852
    659.3627        0.9675
    659.3741        0.9309
    659.3855        0.9085
    659.3970        0.9458
    659.4084        0.9588
    659.4198        0.9394
    659.4313        0.9813
    659.4427        0.9502
    659.4541        0.9323
    659.4655        0.9498
    659.4770        0.9778
    659.4884        0.9705
    659.4998        0.9600
    659.5112        1.0249
    659.5227        0.9967
    659.5341        1.0056
    659.5455        1.0156
    659.5569        1.0252
    659.5684        1.0067
    659.5798        0.9945
    659.5912        1.0063
    659.6026        0.9931
    659.6141        1.0277
    659.6255        0.9811
    659.6369        1.0059
    659.6483        0.9957
    659.6598        0.9930
    659.6712        1.0049
    659.6826        0.9954
    659.6940        1.0238
    659.7055        0.9794
    659.7169        1.0008
    659.7283        1.0012
    659.7397        1.0141
    659.7512        0.9866
    659.7626        0.9650
    659.7740        0.9254
    659.7854        0.9219
    659.7969        0.9478
    659.8083        0.9204
    659.8197        0.9394
    659.8312        0.9384
    659.8426        0.9382
    659.8540        0.9248
    659.8654        0.9715
    659.8769        0.9720
    659.8883        1.0113
    659.8997        0.9902
    659.9111        0.9692
    659.9226        0.9718
    659.9340        0.9469
    659.9454        0.9289
    659.9568        0.9824
    659.9683        0.9607
    659.9797        0.9619
    659.9911        0.9429
    660.0025        0.9757
    660.0140        0.9957
    660.0254        0.9947
    660.0368        0.9875
    660.0482        1.0051
    660.0597        1.0066
    660.0711        1.0129
    660.0825        1.0066
    660.0939        1.0160
    660.1054        1.0424
    660.1168        0.9896
    660.1282        0.9865
    660.1396        0.9826
    660.1511        1.0092
    660.1625        0.9676
    660.1739        0.9499
    660.1854        0.9729
    660.1968        0.9637
    660.2082        1.0037
    660.2196        0.9934
    660.2311        0.9759
    660.2425        1.0119
    660.2539        0.9813
    660.2653        0.9394
    660.2768        0.9718
    660.2882        0.9529
    660.2996        0.9405
    660.3110        0.9183
    660.3225        0.9456
    660.3339        0.9861
    660.3453        0.9687
    660.3567        0.9681
    660.3682        0.9890
    660.3796        0.9908
    660.3910        1.0098
    660.4024        0.9895
    660.4139        0.9880
    660.4253        1.0083
    660.4367        1.0347
    660.4481        0.9975
    660.4596        1.0102
    660.4710        0.9773
    660.4824        1.0383
    660.4938        1.0423
    660.5053        1.0209
    660.5167        1.0001
    660.5281        1.0183
    660.5396        0.9290
    660.5510        0.9502
    660.5624        0.9581
    660.5738        0.9843
    660.5853        0.9871
    660.5967        1.0374
    660.6081        1.0129
    660.6195        0.9751
    660.6310        0.9963
    660.6424        0.9392
    660.6538        0.9985
    660.6652        0.9914
    660.6767        0.9910
    660.6881        1.0001
    660.6995        1.0501
    660.7109        1.0551
    660.7224        1.0722
    660.7338        1.0504
    660.7452        1.0750
    660.7566        1.0943
    660.7681        1.0710
    660.7795        1.0232
    660.7909        1.0092
    660.8023        0.9847
    660.8138        0.9770
    660.8252        0.9573
    660.8366        0.9557
    660.8480        0.9674
    660.8595        0.9485
    660.8709        0.9753
    660.8823        0.9795
    660.8938        1.0015
