    648.9705        1.0125
    648.9763        1.0125
    648.9820        1.0104
    648.9878        1.0089
    648.9936        1.0084
    648.9994        1.0082
    649.0052        1.0080
    649.0110        1.0074
    649.0168        1.0057
    649.0225        1.0037
    649.0283        1.0014
    649.0341        0.9987
    649.0399        0.9919
    649.0457        0.9838
    649.0515        0.9670
    649.0572        0.9490
    649.0630        0.9311
    649.0688        0.9113
    649.0746        0.9122
    649.0804        0.9154
    649.0862        0.9308
    649.0920        0.9491
    649.0977        0.9642
    649.1035        0.9792
    649.1093        0.9891
    649.1151        0.9984
    649.1209        0.9999
    649.1267        0.9979
    649.1325        0.9983
    649.1382        0.9998
    649.1440        1.0019
    649.1498        1.0043
    649.1556        1.0051
    649.1614        1.0049
    649.1672        1.0048
    649.1729        1.0046
    649.1787        1.0056
    649.1845        1.0084
    649.1903        1.0093
    649.1961        1.0071
    649.2019        1.0063
    649.2077        1.0082
    649.2134        1.0093
    649.2192        1.0087
    649.2250        1.0072
    649.2308        1.0024
    649.2366        0.9979
    649.2424        0.9978
    649.2482        0.9974
    649.2539        0.9899
    649.2597        0.9810
    649.2655        0.9650
    649.2713        0.9475
    649.2771        0.9372
    649.2829        0.9267
    649.2886        0.9307
    649.2944        0.9369
    649.3002        0.9462
    649.3060        0.9567
    649.3118        0.9630
    649.3176        0.9684
    649.3234        0.9763
    649.3291        0.9845
    649.3349        0.9921
    649.3407        1.0001
    649.3465        1.0039
    649.3523        1.0056
    649.3581        1.0070
    649.3639        1.0081
    649.3696        1.0086
    649.3754        1.0081
    649.3812        1.0098
    649.3870        1.0141
    649.3928        1.0153
    649.3986        1.0126
    649.4043        1.0110
    649.4101        1.0119
    649.4159        1.0087
    649.4217        0.9983
    649.4275        0.9921
    649.4333        0.9964
    649.4391        1.0000
    649.4448        0.9977
    649.4506        0.9963
    649.4564        1.0000
    649.4622        1.0045
    649.4680        1.0087
    649.4738        1.0118
    649.4796        1.0100
    649.4853        1.0079
    649.4911        1.0111
    649.4969        1.0150
    649.5027        1.0150
    649.5085        1.0143
    649.5143        1.0141
    649.5200        1.0147
    649.5258        1.0103
    649.5316        1.0043
    649.5374        1.0003
    649.5432        0.9972
    649.5490        0.9895
    649.5548        0.9816
    649.5605        0.9661
    649.5663        0.9467
    649.5721        0.9333
    649.5779        0.9215
    649.5837        0.9210
    649.5895        0.9267
    649.5953        0.9376
    649.6010        0.9518
    649.6068        0.9658
    649.6126        0.9803
    649.6184        0.9907
    649.6242        0.9968
    649.6300        1.0009
    649.6357        1.0032
    649.6415        1.0050
    649.6473        1.0060
    649.6531        1.0052
    649.6589        1.0020
    649.6647        1.0004
    649.6705        1.0028
    649.6762        1.0049
    649.6820        1.0047
    649.6878        1.0045
    649.6936        1.0061
    649.6994        1.0071
    649.7052        1.0040
    649.7110        1.0003
    649.7167        0.9972
    649.7225        0.9945
    649.7283        0.9869
    649.7341        0.9785
    649.7399        0.9695
    649.7457        0.9588
    649.7514        0.9611
    649.7572        0.9652
    649.7630        0.9733
    649.7688        0.9828
    649.7746        0.9877
    649.7804        0.9919
    649.7862        0.9924
    649.7919        0.9917
    649.7977        0.9922
    649.8035        0.9931
    649.8093        0.9934
    649.8151        0.9933
    649.8209        0.9933
    649.8267        0.9933
    649.8324        0.9941
    649.8382        0.9955
    649.8440        0.9949
    649.8498        0.9920
    649.8556        0.9913
    649.8614        0.9927
    649.8671        0.9942
    649.8729        0.9959
    649.8787        0.9966
    649.8845        0.9951
    649.8903        0.9932
    649.8961        0.9907
    649.9019        0.9901
    649.9076        0.9937
    649.9134        0.9970
    649.9192        0.9977
    649.9250        0.9978
    649.9308        0.9961
    649.9366        0.9944
    649.9424        0.9950
    649.9481        0.9962
    649.9539        0.9938
    649.9597        0.9903
    649.9655        0.9890
    649.9713        0.9881
    649.9771        0.9885
    649.9828        0.9896
    649.9886        0.9901
    649.9944        0.9900
    650.0002        0.9904
    650.0060        0.9904
    650.0118        0.9894
    650.0176        0.9888
    650.0233        0.9894
    650.0291        0.9905
    650.0349        0.9896
    650.0407        0.9876
    650.0465        0.9881
    650.0523        0.9901
    650.0581        0.9906
    650.0638        0.9901
    650.0696        0.9898
    650.0754        0.9897
    650.0812        0.9905
    650.0870        0.9923
    650.0928        0.9915
    650.0985        0.9880
    650.1043        0.9855
    650.1101        0.9845
    650.1159        0.9835
    650.1217        0.9825
    650.1275        0.9823
    650.1333        0.9834
    650.1390        0.9838
    650.1448        0.9828
    650.1506        0.9810
    650.1564        0.9784
    650.1622        0.9776
    650.1680        0.9825
    650.1738        0.9862
    650.1795        0.9838
    650.1853        0.9817
    650.1911        0.9861
    650.1969        0.9906
    650.2027        0.9911
    650.2085        0.9915
    650.2142        0.9917
    650.2200        0.9916
    650.2258        0.9884
    650.2316        0.9844
    650.2374        0.9839
    650.2432        0.9835
    650.2490        0.9826
    650.2547        0.9821
    650.2605        0.9837
    650.2663        0.9849
    650.2721        0.9835
    650.2779        0.9824
    650.2837        0.9821
    650.2895        0.9811
    650.2952        0.9825
    650.3010        0.9851
    650.3068        0.9867
    650.3126        0.9877
    650.3184        0.9871
    650.3242        0.9855
    650.3299        0.9847
    650.3357        0.9844
    650.3415        0.9844
    650.3473        0.9849
    650.3531        0.9839
    650.3589        0.9816
    650.3647        0.9804
    650.3704        0.9802
    650.3762        0.9811
    650.3820        0.9841
    650.3878        0.9854
    650.3936        0.9841
    650.3994        0.9801
    650.4052        0.9721
    650.4109        0.9667
    650.4167        0.9679
    650.4225        0.9696
    650.4283        0.9709
    650.4341        0.9740
    650.4399        0.9828
    650.4456        0.9903
    650.4514        0.9899
    650.4572        0.9884
    650.4630        0.9866
    650.4688        0.9850
    650.4746        0.9859
    650.4804        0.9871
    650.4861        0.9904
    650.4919        0.9946
    650.4977        0.9927
    650.5035        0.9891
    650.5093        0.9897
    650.5151        0.9914
    650.5209        0.9934
    650.5266        0.9950
    650.5324        0.9950
    650.5382        0.9954
    650.5440        0.9939
    650.5498        0.9912
    650.5556        0.9908
    650.5613        0.9912
    650.5671        0.9913
    650.5729        0.9911
    650.5787        0.9906
    650.5845        0.9898
    650.5903        0.9901
    650.5961        0.9911
    650.6018        0.9912
    650.6076        0.9903
    650.6134        0.9922
    650.6192        0.9973
    650.6250        0.9986
    650.6308        0.9955
    650.6366        0.9940
    650.6423        0.9946
    650.6481        0.9940
    650.6539        0.9916
    650.6597        0.9894
    650.6655        0.9874
    650.6713        0.9868
    650.6770        0.9886
    650.6828        0.9906
    650.6886        0.9921
    650.6944        0.9930
    650.7002        0.9922
    650.7060        0.9913
    650.7118        0.9918
    650.7175        0.9925
    650.7233        0.9918
    650.7291        0.9908
    650.7349        0.9894
    650.7407        0.9882
    650.7465        0.9881
    650.7523        0.9882
    650.7580        0.9879
    650.7638        0.9874
    650.7696        0.9875
    650.7754        0.9878
    650.7812        0.9888
    650.7870        0.9896
    650.7927        0.9923
    650.7985        0.9951
    650.8043        0.9952
    650.8101        0.9954
    650.8159        0.9958
    650.8217        0.9964
    650.8275        0.9893
    650.8332        0.9804
    650.8390        0.9713
    650.8448        0.9616
    650.8506        0.9600
    650.8564        0.9610
    650.8622        0.9633
    650.8680        0.9660
    650.8737        0.9724
    650.8795        0.9801
    650.8853        0.9841
    650.8911        0.9861
    650.8969        0.9900
    650.9027        0.9953
    650.9084        0.9973
    650.9142        0.9969
    650.9200        0.9974
    650.9258        0.9989
    650.9316        1.0008
    650.9374        1.0030
    650.9432        1.0051
    650.9489        1.0072
    650.9547        1.0073
    650.9605        1.0045
    650.9663        1.0023
    650.9721        1.0017
    650.9779        1.0011
    650.9837        0.9999
    650.9894        0.9996
    650.9952        1.0019
    651.0010        1.0039
    651.0068        1.0042
    651.0126        1.0051
    651.0184        1.0084
    651.0241        1.0112
    651.0299        1.0104
    651.0357        1.0094
    651.0415        1.0098
    651.0473        1.0105
    651.0531        1.0117
    651.0589        1.0118
    651.0646        1.0084
    651.0704        1.0054
    651.0762        1.0068
    651.0820        1.0086
    651.0878        1.0094
    651.0936        1.0103
    651.0994        1.0125
    651.1051        1.0154
    651.1109        1.0136
    651.1167        1.0107
    651.1225        1.0092
    651.1283        1.0076
    651.1341        1.0098
    651.1398        1.0136
    651.1456        1.0134
    651.1514        1.0117
    651.1572        1.0117
    651.1630        1.0123
    651.1688        1.0119
    651.1746        1.0112
    651.1803        1.0063
    651.1861        0.9998
    651.1919        0.9954
    651.1977        0.9916
    651.2035        0.9907
    651.2093        0.9915
    651.2151        0.9933
    651.2208        0.9951
    651.2266        1.0000
    651.2324        1.0079
    651.2382        1.0137
    651.2440        1.0173
    651.2498        1.0206
    651.2555        1.0245
    651.2613        1.0268
    651.2671        1.0270
    651.2729        1.0279
    651.2787        1.0299
    651.2845        1.0320
    651.2903        1.0336
    651.2960        1.0355
    651.3018        1.0380
    651.3076        1.0385
    651.3134        1.0337
    651.3192        1.0303
    651.3250        1.0322
    651.3308        1.0331
    651.3365        1.0300
    651.3423        1.0276
    651.3481        1.0284
    651.3539        1.0287
    651.3597        1.0263
    651.3655        1.0248
    651.3712        1.0281
    651.3770        1.0315
    651.3828        1.0312
    651.3886        1.0303
    651.3944        1.0296
    651.4002        1.0288
    651.4060        1.0290
    651.4117        1.0290
    651.4175        1.0265
    651.4233        1.0238
    651.4291        1.0218
    651.4349        1.0205
    651.4407        1.0079
    651.4465        0.9936
    651.4522        0.9761
    651.4580        0.9570
    651.4638        0.9486
    651.4696        0.9409
    651.4754        0.9457
    651.4812        0.9537
    651.4869        0.9668
    651.4927        0.9814
    651.4985        0.9975
    651.5043        1.0151
    651.5101        1.0213
    651.5159        1.0233
    651.5217        1.0252
    651.5274        1.0265
    651.5332        1.0263
    651.5390        1.0261
    651.5448        1.0244
    651.5506        1.0221
    651.5564        1.0172
    651.5622        1.0100
    651.5679        1.0041
    651.5737        0.9990
    651.5795        0.9967
    651.5853        0.9970
    651.5911        0.9971
    651.5969        0.9965
    651.6026        0.9986
    651.6084        1.0040
    651.6142        1.0027
    651.6200        0.9934
    651.6258        0.9786
    651.6316        0.9565
    651.6374        0.9337
    651.6431        0.9110
    651.6489        0.8948
    651.6547        0.8894
    651.6605        0.8898
    651.6663        0.8991
    651.6721        0.9126
    651.6779        0.9325
    651.6836        0.9511
    651.6894        0.9638
    651.6952        0.9746
    651.7010        0.9808
    651.7068        0.9859
    651.7126        0.9897
    651.7183        0.9941
    651.7241        1.0023
    651.7299        1.0111
    651.7357        1.0208
    651.7415        1.0302
    651.7473        1.0341
    651.7531        1.0364
    651.7588        1.0329
    651.7646        1.0288
    651.7704        1.0265
    651.7762        1.0244
    651.7820        1.0182
    651.7878        1.0106
    651.7936        1.0099
    651.7993        1.0102
    651.8051        1.0145
    651.8109        1.0192
    651.8167        1.0236
    651.8225        1.0279
    651.8283        1.0335
    651.8340        1.0400
    651.8398        1.0411
    651.8456        1.0411
    651.8514        1.0400
    651.8572        1.0387
    651.8630        1.0389
    651.8688        1.0386
    651.8745        1.0391
    651.8803        1.0405
    651.8861        1.0405
    651.8919        1.0396
    651.8977        1.0381
    651.9035        1.0369
    651.9093        1.0324
    651.9150        1.0269
    651.9208        1.0177
    651.9266        1.0051
    651.9324        0.9983
    651.9382        0.9952
    651.9440        0.9981
    651.9497        1.0052
    651.9555        1.0113
    651.9613        1.0157
    651.9671        1.0227
    651.9729        1.0325
    651.9787        1.0408
    651.9845        1.0476
    651.9902        1.0522
    651.9960        1.0542
    652.0018        1.0552
    652.0076        1.0559
    652.0134        1.0549
    652.0192        1.0510
    652.0250        1.0473
    652.0307        1.0453
    652.0365        1.0438
    652.0423        1.0420
    652.0481        1.0405
    652.0539        1.0400
    652.0597        1.0395
    652.0654        1.0379
    652.0712        1.0379
    652.0770        1.0430
    652.0828        1.0463
    652.0886        1.0420
    652.0944        1.0373
    652.1002        1.0344
    652.1059        1.0320
    652.1117        1.0317
    652.1175        1.0321
    652.1233        1.0306
    652.1291        1.0292
    652.1349        1.0317
    652.1407        1.0339
    652.1464        1.0311
    652.1522        1.0275
    652.1580        1.0249
    652.1638        1.0229
    652.1696        1.0210
    652.1754        1.0188
    652.1811        1.0140
    652.1869        1.0086
    652.1927        1.0057
    652.1985        1.0031
    652.2043        1.0044
    652.2101        1.0063
    652.2159        1.0023
    652.2216        0.9971
    652.2274        1.0011
    652.2332        1.0064
    652.2390        1.0105
    652.2448        1.0148
    652.2506        1.0129
    652.2564        1.0101
    652.2621        1.0076
    652.2679        1.0045
    652.2737        1.0046
    652.2795        1.0056
    652.2853        1.0071
    652.2911        1.0087
    652.2968        1.0062
    652.3026        1.0026
    652.3084        1.0001
    652.3142        0.9977
    652.3200        0.9941
    652.3258        0.9896
    652.3316        0.9892
    652.3373        0.9913
    652.3431        0.9877
    652.3489        0.9809
    652.3547        0.9723
    652.3605        0.9625
    652.3663        0.9564
    652.3721        0.9529
    652.3778        0.9498
    652.3836        0.9463
    652.3894        0.9465
    652.3952        0.9491
    652.4010        0.9558
    652.4068        0.9662
    652.4125        0.9749
    652.4183        0.9807
    652.4241        0.9873
    652.4299        0.9949
    652.4357        0.9985
    652.4415        0.9969
    652.4473        0.9970
    652.4530        1.0002
    652.4588        1.0016
    652.4646        0.9990
    652.4704        0.9969
    652.4762        0.9968
    652.4820        0.9979
    652.4878        1.0001
    652.4935        1.0011
    652.4993        0.9996
    652.5051        0.9983
    652.5109        0.9985
    652.5167        0.9986
    652.5225        0.9995
    652.5282        1.0011
    652.5340        1.0032
    652.5398        1.0031
    652.5456        0.9967
    652.5514        0.9918
    652.5572        0.9941
    652.5630        0.9961
    652.5687        0.9938
    652.5745        0.9915
    652.5803        0.9907
    652.5861        0.9907
    652.5919        0.9939
    652.5977        0.9968
    652.6035        0.9960
    652.6092        0.9946
    652.6150        0.9944
    652.6208        0.9944
    652.6266        0.9950
    652.6324        0.9959
    652.6382        0.9976
    652.6439        0.9995
    652.6497        1.0002
    652.6555        0.9999
    652.6613        1.0021
    652.6671        1.0054
    652.6729        1.0026
    652.6787        0.9987
    652.6844        0.9967
    652.6902        0.9948
    652.6960        0.9952
    652.7018        0.9959
    652.7076        0.9974
    652.7134        0.9991
    652.7192        0.9985
    652.7249        0.9981
    652.7307        0.9971
    652.7365        0.9959
    652.7423        0.9940
    652.7481        0.9910
    652.7539        0.9919
    652.7596        0.9941
    652.7654        0.9947
    652.7712        0.9947
    652.7770        0.9951
    652.7828        0.9960
    652.7886        0.9972
    652.7944        0.9981
    652.8001        0.9989
    652.8059        1.0001
    652.8117        1.0010
    652.8175        1.0018
    652.8233        0.9991
    652.8291        0.9946
    652.8349        0.9945
    652.8406        0.9962
    652.8464        0.9973
    652.8522        0.9983
    652.8580        0.9975
    652.8638        0.9952
    652.8696        0.9972
    652.8753        1.0026
    652.8811        1.0043
    652.8869        1.0033
    652.8927        1.0025
    652.8985        1.0018
    652.9043        1.0012
    652.9101        1.0007
    652.9158        1.0017
    652.9216        1.0040
    652.9274        1.0033
    652.9332        0.9994
    652.9390        0.9982
    652.9448        0.9994
    652.9506        1.0013
    652.9563        1.0038
    652.9621        1.0040
    652.9679        1.0014
    652.9737        0.9995
    652.9795        0.9989
    652.9853        0.9989
    652.9910        0.9997
    652.9968        1.0016
    653.0026        1.0053
    653.0084        1.0083
    653.0142        1.0089
    653.0200        1.0093
    653.0258        1.0107
    653.0315        1.0095
    653.0373        1.0033
    653.0431        0.9990
    653.0489        1.0003
    653.0547        1.0005
    653.0605        0.9960
    653.0663        0.9929
    653.0720        0.9951
    653.0778        0.9972
    653.0836        0.9979
    653.0894        0.9984
    653.0952        0.9973
    653.1010        0.9971
    653.1067        1.0006
    653.1125        1.0039
    653.1183        1.0053
    653.1241        1.0067
    653.1299        1.0082
    653.1357        1.0092
    653.1415        1.0094
    653.1472        1.0097
    653.1530        1.0106
    653.1588        1.0112
    653.1646        1.0088
    653.1704        1.0064
    653.1762        1.0081
    653.1820        1.0102
    653.1877        1.0076
    653.1935        1.0037
    653.1993        0.9984
    653.2051        0.9926
    653.2109        0.9813
    653.2167        0.9691
    653.2224        0.9627
    653.2282        0.9574
    653.2340        0.9553
    653.2398        0.9538
    653.2456        0.9567
    653.2514        0.9597
    653.2572        0.9697
    653.2629        0.9809
    653.2687        0.9904
    653.2745        1.0001
    653.2803        1.0030
    653.2861        1.0049
    653.2919        1.0065
    653.2977        1.0080
    653.3034        1.0084
    653.3092        1.0084
    653.3150        1.0063
    653.3208        1.0039
    653.3266        1.0069
    653.3324        1.0109
    653.3381        1.0114
    653.3439        1.0109
    653.3497        1.0083
    653.3555        1.0054
    653.3613        1.0056
    653.3671        1.0070
    653.3729        0.9999
    653.3786        0.9899
    653.3844        0.9860
    653.3902        0.9837
    653.3960        0.9829
    653.4018        0.9829
    653.4076        0.9830
    653.4134        0.9822
    653.4191        0.9863
    653.4249        0.9920
    653.4307        0.9973
    653.4365        1.0029
    653.4423        1.0048
    653.4481        1.0050
    653.4538        1.0047
    653.4596        1.0041
    653.4654        1.0042
    653.4712        1.0049
    653.4770        1.0065
    653.4828        1.0086
    653.4886        1.0098
    653.4943        1.0109
    653.5001        1.0097
    653.5059        1.0066
    653.5117        1.0076
    653.5175        1.0115
    653.5233        1.0123
    653.5291        1.0107
    653.5348        1.0125
    653.5406        1.0169
    653.5464        1.0179
    653.5522        1.0167
    653.5580        1.0155
    653.5638        1.0141
    653.5695        1.0138
    653.5753        1.0141
    653.5811        1.0139
    653.5869        1.0134
    653.5927        1.0118
    653.5985        1.0089
    653.6043        1.0094
    653.6100        1.0129
    653.6158        1.0159
    653.6216        1.0183
    653.6274        1.0179
    653.6332        1.0152
    653.6390        1.0108
    653.6448        1.0052
    653.6505        1.0029
    653.6563        1.0040
    653.6621        1.0016
    653.6679        0.9950
    653.6737        0.9924
    653.6795        0.9944
    653.6852        0.9981
    653.6910        1.0033
    653.6968        1.0079
    653.7026        1.0111
    653.7084        1.0132
    653.7142        1.0143
    653.7200        1.0143
    653.7257        1.0126
    653.7315        1.0129
    653.7373        1.0164
    653.7431        1.0179
    653.7489        1.0154
    653.7547        1.0134
    653.7605        1.0130
    653.7662        1.0132
    653.7720        1.0145
    653.7778        1.0163
    653.7836        1.0186
    653.7894        1.0190
    653.7952        1.0163
    653.8009        1.0143
    653.8067        1.0139
    653.8125        1.0137
    653.8183        1.0145
    653.8241        1.0151
    653.8299        1.0145
    653.8357        1.0145
    653.8414        1.0164
    653.8472        1.0167
    653.8530        1.0125
    653.8588        1.0102
    653.8646        1.0145
    653.8704        1.0179
    653.8762        1.0176
    653.8819        1.0173
    653.8877        1.0167
    653.8935        1.0162
    653.8993        1.0181
    653.9051        1.0195
    653.9109        1.0178
    653.9166        1.0163
    653.9224        1.0170
    653.9282        1.0180
    653.9340        1.0190
    653.9398        1.0194
    653.9456        1.0183
    653.9514        1.0173
    653.9571        1.0182
    653.9629        1.0195
    653.9687        1.0209
    653.9745        1.0221
    653.9803        1.0213
    653.9861        1.0201
    653.9919        1.0193
    653.9976        1.0196
    654.0034        1.0231
    654.0092        1.0266
    654.0150        1.0272
    654.0208        1.0267
    654.0266        1.0228
    654.0323        1.0182
    654.0381        1.0161
    654.0439        1.0154
    654.0497        1.0162
    654.0555        1.0171
    654.0613        1.0195
    654.0671        1.0220
    654.0728        1.0203
    654.0786        1.0185
    654.0844        1.0199
    654.0902        1.0213
    654.0960        1.0236
    654.1018        1.0265
    654.1076        1.0254
    654.1133        1.0233
    654.1191        1.0234
    654.1249        1.0237
    654.1307        1.0220
    654.1365        1.0200
    654.1423        1.0210
    654.1480        1.0228
    654.1538        1.0228
    654.1596        1.0223
    654.1654        1.0200
    654.1712        1.0175
    654.1770        1.0188
    654.1828        1.0204
    654.1885        1.0174
    654.1943        1.0141
    654.2001        1.0124
    654.2059        1.0111
    654.2117        1.0060
    654.2175        1.0000
    654.2233        0.9948
    654.2290        0.9897
    654.2348        0.9924
    654.2406        0.9959
    654.2464        0.9960
    654.2522        0.9953
    654.2580        1.0024
    654.2637        1.0110
    654.2695        1.0137
    654.2753        1.0155
    654.2811        1.0164
    654.2869        1.0169
    654.2927        1.0198
    654.2985        1.0232
    654.3042        1.0246
    654.3100        1.0263
    654.3158        1.0241
    654.3216        1.0203
    654.3274        1.0224
    654.3332        1.0259
    654.3390        1.0234
    654.3447        1.0203
    654.3505        1.0138
    654.3563        1.0075
    654.3621        0.9948
    654.3679        0.9797
    654.3737        0.9690
    654.3794        0.9584
    654.3852        0.9565
    654.3910        0.9566
    654.3968        0.9541
    654.4026        0.9504
    654.4084        0.9566
    654.4142        0.9645
    654.4199        0.9778
    654.4257        0.9923
    654.4315        1.0058
    654.4373        1.0201
    654.4431        1.0238
    654.4489        1.0250
    654.4547        1.0266
    654.4604        1.0287
    654.4662        1.0280
    654.4720        1.0264
    654.4778        1.0284
    654.4836        1.0311
    654.4894        1.0311
    654.4951        1.0307
    654.5009        1.0322
    654.5067        1.0342
    654.5125        1.0338
    654.5183        1.0326
    654.5241        1.0336
    654.5299        1.0353
    654.5356        1.0343
    654.5414        1.0322
    654.5472        1.0305
    654.5530        1.0288
    654.5588        1.0284
    654.5646        1.0291
    654.5704        1.0276
    654.5761        1.0250
    654.5819        1.0233
    654.5877        1.0219
    654.5935        1.0237
    654.5993        1.0265
    654.6051        1.0323
    654.6108        1.0396
    654.6166        1.0387
    654.6224        1.0348
    654.6282        1.0350
    654.6340        1.0366
    654.6398        1.0385
    654.6456        1.0407
    654.6513        1.0412
    654.6571        1.0406
    654.6629        1.0412
    654.6687        1.0422
    654.6745        1.0427
    654.6803        1.0433
    654.6861        1.0442
    654.6918        1.0449
    654.6976        1.0439
    654.7034        1.0426
    654.7092        1.0434
    654.7150        1.0453
    654.7208        1.0430
    654.7265        1.0389
    654.7323        1.0343
    654.7381        1.0297
    654.7439        1.0238
    654.7497        1.0175
    654.7555        1.0152
    654.7613        1.0141
    654.7670        1.0144
    654.7728        1.0154
    654.7786        1.0132
    654.7844        1.0090
    654.7902        1.0141
    654.7960        1.0231
    654.8018        1.0294
    654.8075        1.0348
    654.8133        1.0377
    654.8191        1.0405
    654.8249        1.0367
    654.8307        1.0307
    654.8365        1.0205
    654.8422        1.0076
    654.8480        1.0020
    654.8538        0.9993
    654.8596        0.9978
    654.8654        0.9973
    654.8712        0.9990
    654.8770        1.0007
    654.8827        1.0040
    654.8885        1.0077
    654.8943        1.0198
    654.9001        1.0362
    654.9059        1.0433
    654.9117        1.0465
    654.9175        1.0497
    654.9232        1.0533
    654.9290        1.0542
    654.9348        1.0535
    654.9406        1.0558
    654.9464        1.0596
    654.9522        1.0600
    654.9579        1.0590
    654.9637        1.0597
    654.9695        1.0609
    654.9753        1.0623
    654.9811        1.0641
    654.9869        1.0642
    654.9927        1.0633
    654.9984        1.0646
    655.0042        1.0664
    655.0100        1.0691
    655.0158        1.0722
    655.0216        1.0736
    655.0274        1.0744
    655.0332        1.0742
    655.0389        1.0734
    655.0447        1.0758
    655.0505        1.0793
    655.0563        1.0814
    655.0621        1.0834
    655.0679        1.0828
    655.0736        1.0806
    655.0794        1.0812
    655.0852        1.0833
    655.0910        1.0808
    655.0968        1.0757
    655.1026        1.0777
    655.1084        1.0825
    655.1141        1.0867
    655.1199        1.0914
    655.1257        1.0909
    655.1315        1.0879
    655.1373        1.0891
    655.1431        1.0918
    655.1489        1.0930
    655.1546        1.0935
    655.1604        1.0961
    655.1662        1.0997
    655.1720        1.0989
    655.1778        1.0965
    655.1836        1.0955
    655.1893        1.0949
    655.1951        1.0957
    655.2009        1.0966
    655.2067        1.0992
    655.2125        1.1032
    655.2183        1.0986
    655.2241        1.0910
    655.2298        1.0839
    655.2356        1.0769
    655.2414        1.0685
    655.2472        1.0590
    655.2530        1.0555
    655.2588        1.0544
    655.2646        1.0516
    655.2703        1.0472
    655.2761        1.0537
    655.2819        1.0643
    655.2877        1.0776
    655.2935        1.0918
    655.2993        1.1055
    655.3050        1.1195
    655.3108        1.1309
    655.3166        1.1419
    655.3224        1.1448
    655.3282        1.1448
    655.3340        1.1468
    655.3398        1.1500
    655.3455        1.1482
    655.3513        1.1445
    655.3571        1.1457
    655.3629        1.1483
    655.3687        1.1493
    655.3745        1.1500
    655.3803        1.1508
    655.3860        1.1515
    655.3918        1.1569
    655.3976        1.1635
    655.4034        1.1700
    655.4092        1.1758
    655.4150        1.1837
    655.4207        1.1934
    655.4265        1.1974
    655.4323        1.1989
    655.4381        1.2050
    655.4439        1.2124
    655.4497        1.2160
    655.4555        1.2185
    655.4612        1.2264
    655.4670        1.2357
    655.4728        1.2417
    655.4786        1.2468
    655.4844        1.2514
    655.4902        1.2557
    655.4960        1.2620
    655.5017        1.2692
    655.5075        1.2742
    655.5133        1.2785
    655.5191        1.2855
    655.5249        1.2930
    655.5307        1.2991
    655.5364        1.3051
    655.5422        1.3098
    655.5480        1.3131
    655.5538        1.3250
    655.5596        1.3390
    655.5654        1.3491
    655.5712        1.3583
    655.5769        1.3660
    655.5827        1.3739
    655.5885        1.3795
    655.5943        1.3841
    655.6001        1.3921
    655.6059        1.4006
    655.6117        1.4116
    655.6174        1.4229
    655.6232        1.4309
    655.6290        1.4391
    655.6348        1.4471
    655.6406        1.4547
    655.6464        1.4673
    655.6521        1.4801
    655.6579        1.4953
    655.6637        1.5125
    655.6695        1.5177
    655.6753        1.5207
    655.6811        1.5269
    655.6869        1.5330
    655.6926        1.5362
    655.6984        1.5384
    655.7042        1.5493
    655.7100        1.5622
    655.7158        1.5762
    655.7216        1.5891
    655.7274        1.6048
    655.7331        1.6211
    655.7389        1.6451
    655.7447        1.6707
    655.7505        1.6972
    655.7563        1.7231
    655.7621        1.7520
    655.7678        1.7822
    655.7736        1.8001
    655.7794        1.8162
    655.7852        1.8315
    655.7910        1.8468
    655.7968        1.8636
    655.8026        1.8802
    655.8083        1.8999
    655.8141        1.9204
    655.8199        1.9401
    655.8257        1.9598
    655.8315        1.9872
    655.8373        2.0153
    655.8431        2.0473
    655.8488        2.0809
    655.8546        2.1152
    655.8604        2.1491
    655.8662        2.1716
    655.8720        2.1920
    655.8778        2.2161
    655.8835        2.2414
    655.8893        2.2783
    655.8951        2.3171
    655.9009        2.3536
    655.9067        2.3891
    655.9125        2.4167
    655.9183        2.4439
    655.9240        2.4802
    655.9298        2.5174
    655.9356        2.5477
    655.9414        2.5779
    655.9472        2.6155
    655.9530        2.6539
    655.9588        2.6917
    655.9645        2.7297
    655.9703        2.7667
    655.9761        2.8035
    655.9819        2.8408
    655.9877        2.8776
    655.9935        2.9098
    655.9992        2.9413
    656.0050        2.9724
    656.0108        3.0014
    656.0166        3.0214
    656.0224        3.0400
    656.0282        3.0579
    656.0340        3.0756
    656.0397        3.0924
    656.0455        3.1096
    656.0513        3.1278
    656.0571        3.1454
    656.0629        3.1646
    656.0687        3.1851
    656.0745        3.2075
    656.0802        3.2310
    656.0860        3.2572
    656.0918        3.2832
    656.0976        3.3089
    656.1034        3.3342
    656.1092        3.3580
    656.1149        3.3832
    656.1207        3.4129
    656.1265        3.4426
    656.1323        3.4689
    656.1381        3.4966
    656.1439        3.5312
    656.1497        3.5613
    656.1554        3.5768
    656.1612        3.5899
    656.1670        3.6036
    656.1728        3.6127
    656.1786        3.6121
    656.1844        3.6105
    656.1902        3.6102
    656.1959        3.6055
    656.2017        3.5922
    656.2075        3.5795
    656.2133        3.5700
    656.2191        3.5578
    656.2249        3.5401
    656.2306        3.5249
    656.2364        3.5152
    656.2422        3.5067
    656.2480        3.4982
    656.2538        3.4940
    656.2596        3.4964
    656.2654        3.5003
    656.2711        3.5047
    656.2769        3.5135
    656.2827        3.5285
    656.2885        3.5429
    656.2943        3.5560
    656.3001        3.5685
    656.3059        3.5795
    656.3116        3.5942
    656.3174        3.6142
    656.3232        3.6399
    656.3290        3.6703
    656.3348        3.7027
    656.3406        3.7366
    656.3463        3.7750
    656.3521        3.8179
    656.3579        3.8606
    656.3637        3.9028
    656.3695        3.9404
    656.3753        3.9746
    656.3811        4.0015
    656.3868        4.0224
    656.3926        4.0315
    656.3984        4.0319
    656.4042        4.0248
    656.4100        4.0118
    656.4158        3.9983
    656.4216        3.9851
    656.4273        3.9778
    656.4331        3.9737
    656.4389        3.9693
    656.4447        3.9647
    656.4505        3.9667
    656.4563        3.9737
    656.4620        3.9743
    656.4678        3.9708
    656.4736        3.9604
    656.4794        3.9464
    656.4852        3.9286
    656.4910        3.9096
    656.4968        3.8864
    656.5025        3.8590
    656.5083        3.8392
    656.5141        3.8248
    656.5199        3.7996
    656.5257        3.7683
    656.5315        3.7369
    656.5373        3.7061
    656.5430        3.6747
    656.5488        3.6439
    656.5546        3.6039
    656.5604        3.5593
    656.5662        3.5177
    656.5720        3.4782
    656.5777        3.4368
    656.5835        3.3945
    656.5893        3.3459
    656.5951        3.2953
    656.6009        3.2479
    656.6067        3.2011
    656.6125        3.1546
    656.6182        3.1082
    656.6240        3.0630
    656.6298        3.0184
    656.6356        2.9738
    656.6414        2.9280
    656.6472        2.8868
    656.6530        2.8471
    656.6587        2.8071
    656.6645        2.7664
    656.6703        2.7291
    656.6761        2.6939
    656.6819        2.6518
    656.6877        2.6065
    656.6934        2.5745
    656.6992        2.5459
    656.7050        2.5073
    656.7108        2.4663
    656.7166        2.4344
    656.7224        2.4038
    656.7282        2.3702
    656.7339        2.3368
    656.7397        2.3029
    656.7455        2.2685
    656.7513        2.2410
    656.7571        2.2146
    656.7629        2.1848
    656.7687        2.1544
    656.7744        2.1303
    656.7802        2.1066
    656.7860        2.0806
    656.7918        2.0547
    656.7976        2.0268
    656.8034        1.9991
    656.8091        1.9794
    656.8149        1.9614
    656.8207        1.9452
    656.8265        1.9279
    656.8323        1.9024
    656.8381        1.8771
    656.8439        1.8569
    656.8496        1.8358
    656.8554        1.8082
    656.8612        1.7809
    656.8670        1.7563
    656.8728        1.7330
    656.8786        1.7150
    656.8844        1.6977
    656.8901        1.6789
    656.8959        1.6612
    656.9017        1.6497
    656.9075        1.6386
    656.9133        1.6248
    656.9191        1.6116
    656.9248        1.6010
    656.9306        1.5903
    656.9364        1.5793
    656.9422        1.5678
    656.9480        1.5543
    656.9538        1.5414
    656.9596        1.5312
    656.9653        1.5211
    656.9711        1.5102
    656.9769        1.4996
    656.9827        1.4894
    656.9885        1.4786
    656.9943        1.4670
    657.0001        1.4568
    657.0058        1.4493
    657.0116        1.4402
    657.0174        1.4277
    657.0232        1.4168
    657.0290        1.4091
    657.0348        1.4015
    657.0405        1.3937
    657.0463        1.3841
    657.0521        1.3716
    657.0579        1.3607
    657.0637        1.3523
    657.0695        1.3454
    657.0753        1.3399
    657.0810        1.3346
    657.0868        1.3289
    657.0926        1.3213
    657.0984        1.3131
    657.1042        1.3057
    657.1100        1.2984
    657.1158        1.2933
    657.1215        1.2908
    657.1273        1.2856
    657.1331        1.2781
    657.1389        1.2692
    657.1447        1.2598
    657.1505        1.2526
    657.1562        1.2467
    657.1620        1.2409
    657.1678        1.2353
    657.1736        1.2237
    657.1794        1.2086
    657.1852        1.1980
    657.1910        1.1893
    657.1967        1.1807
    657.2025        1.1723
    657.2083        1.1649
    657.2141        1.1582
    657.2199        1.1499
    657.2257        1.1389
    657.2315        1.1416
    657.2372        1.1493
    657.2430        1.1558
    657.2488        1.1623
    657.2546        1.1654
    657.2604        1.1684
    657.2662        1.1666
    657.2719        1.1630
    657.2777        1.1593
    657.2835        1.1561
    657.2893        1.1551
    657.2951        1.1541
    657.3009        1.1508
    657.3067        1.1475
    657.3124        1.1435
    657.3182        1.1389
    657.3240        1.1359
    657.3298        1.1333
    657.3356        1.1295
    657.3414        1.1255
    657.3472        1.1225
    657.3529        1.1193
    657.3587        1.1171
    657.3645        1.1153
    657.3703        1.1125
    657.3761        1.1092
    657.3819        1.1064
    657.3876        1.1044
    657.3934        1.1073
    657.3992        1.1100
    657.4050        1.1061
    657.4108        1.1017
    657.4166        1.1020
    657.4224        1.1015
    657.4281        1.0959
    657.4339        1.0902
    657.4397        1.0856
    657.4455        1.0803
    657.4513        1.0720
    657.4571        1.0619
    657.4629        1.0485
    657.4686        1.0372
    657.4744        1.0331
    657.4802        1.0294
    657.4860        1.0248
    657.4918        1.0202
    657.4976        1.0146
    657.5033        1.0127
    657.5091        1.0183
    657.5149        1.0268
    657.5207        1.0388
    657.5265        1.0494
    657.5323        1.0573
    657.5381        1.0626
    657.5438        1.0654
    657.5496        1.0670
    657.5554        1.0675
    657.5612        1.0667
    657.5670        1.0652
    657.5728        1.0641
    657.5786        1.0632
    657.5843        1.0620
    657.5901        1.0604
    657.5959        1.0593
    657.6017        1.0590
    657.6075        1.0579
    657.6133        1.0561
    657.6190        1.0560
    657.6248        1.0573
    657.6306        1.0563
    657.6364        1.0539
    657.6422        1.0520
    657.6480        1.0501
    657.6538        1.0492
    657.6595        1.0490
    657.6653        1.0471
    657.6711        1.0441
    657.6769        1.0419
    657.6827        1.0400
    657.6885        1.0407
    657.6943        1.0428
    657.7000        1.0417
    657.7058        1.0390
    657.7116        1.0396
    657.7174        1.0414
    657.7232        1.0418
    657.7290        1.0414
    657.7347        1.0412
    657.7405        1.0417
    657.7463        1.0387
    657.7521        1.0345
    657.7579        1.0336
    657.7637        1.0335
    657.7695        1.0322
    657.7752        1.0308
    657.7810        1.0324
    657.7868        1.0342
    657.7926        1.0343
    657.7984        1.0344
    657.8042        1.0315
    657.8100        1.0281
    657.8157        1.0280
    657.8215        1.0281
    657.8273        1.0260
    657.8331        1.0242
    657.8389        1.0250
    657.8447        1.0258
    657.8504        1.0256
    657.8562        1.0254
    657.8620        1.0269
    657.8678        1.0279
    657.8736        1.0253
    657.8794        1.0223
    657.8852        1.0198
    657.8909        1.0180
    657.8967        1.0180
    657.9025        1.0182
    657.9083        1.0184
    657.9141        1.0188
    657.9199        1.0190
    657.9257        1.0188
    657.9314        1.0176
    657.9372        1.0169
    657.9430        1.0173
    657.9488        1.0179
    657.9546        1.0189
    657.9604        1.0195
    657.9661        1.0197
    657.9719        1.0195
    657.9777        1.0182
    657.9835        1.0170
    657.9893        1.0158
    657.9951        1.0154
    658.0009        1.0159
    658.0066        1.0158
    658.0124        1.0148
    658.0182        1.0152
    658.0240        1.0176
    658.0298        1.0173
    658.0356        1.0149
    658.0414        1.0112
    658.0471        1.0059
    658.0529        1.0044
    658.0587        1.0064
    658.0645        1.0042
    658.0703        0.9989
    658.0761        0.9975
    658.0818        0.9977
    658.0876        0.9981
    658.0934        0.9992
    658.0992        1.0004
    658.1050        1.0013
    658.1108        1.0044
    658.1166        1.0083
    658.1223        1.0116
    658.1281        1.0149
    658.1339        1.0169
    658.1397        1.0188
    658.1455        1.0170
    658.1513        1.0141
    658.1571        1.0148
    658.1628        1.0164
    658.1686        1.0149
    658.1744        1.0129
    658.1802        1.0114
    658.1860        1.0101
    658.1918        1.0098
    658.1975        1.0097
    658.2033        1.0096
    658.2091        1.0094
    658.2149        1.0118
    658.2207        1.0146
    658.2265        1.0150
    658.2323        1.0147
    658.2380        1.0147
    658.2438        1.0146
    658.2496        1.0131
    658.2554        1.0122
    658.2612        1.0130
    658.2670        1.0143
    658.2728        1.0173
    658.2785        1.0198
    658.2843        1.0206
    658.2901        1.0207
    658.2959        1.0190
    658.3017        1.0171
    658.3075        1.0169
    658.3132        1.0159
    658.3190        1.0129
    658.3248        1.0108
    658.3306        1.0103
    658.3364        1.0089
    658.3422        1.0063
    658.3480        1.0058
    658.3537        1.0070
    658.3595        1.0072
    658.3653        1.0064
    658.3711        1.0078
    658.3769        1.0105
    658.3827        1.0139
    658.3885        1.0183
    658.3942        1.0223
    658.4000        1.0263
    658.4058        1.0251
    658.4116        1.0202
    658.4174        1.0197
    658.4232        1.0221
    658.4289        1.0240
    658.4347        1.0261
    658.4405        1.0264
    658.4463        1.0257
    658.4521        1.0228
    658.4579        1.0192
    658.4637        1.0190
    658.4694        1.0195
    658.4752        1.0224
    658.4810        1.0269
    658.4868        1.0285
    658.4926        1.0296
    658.4984        1.0270
    658.5042        1.0230
    658.5099        1.0217
    658.5157        1.0211
    658.5215        1.0209
    658.5273        1.0202
    658.5331        1.0221
    658.5389        1.0251
    658.5446        1.0252
    658.5504        1.0247
    658.5562        1.0222
    658.5620        1.0193
    658.5678        1.0195
    658.5736        1.0206
    658.5794        1.0210
    658.5851        1.0205
    658.5909        1.0192
    658.5967        1.0180
    658.6025        1.0188
    658.6083        1.0198
    658.6141        1.0187
    658.6199        1.0171
    658.6256        1.0163
    658.6314        1.0143
    658.6372        1.0076
    658.6430        1.0016
    658.6488        0.9981
    658.6546        0.9960
    658.6603        0.9961
    658.6661        0.9971
    658.6719        0.9989
    658.6777        1.0002
    658.6835        1.0005
    658.6893        1.0048
    658.6951        1.0143
    658.7008        1.0204
    658.7066        1.0215
    658.7124        1.0228
    658.7182        1.0253
    658.7240        1.0259
    658.7298        1.0238
    658.7356        1.0263
    658.7413        1.0330
    658.7471        1.0343
    658.7529        1.0317
    658.7587        1.0291
    658.7645        1.0265
    658.7703        1.0255
    658.7760        1.0258
    658.7818        1.0274
    658.7876        1.0291
    658.7934        1.0312
    658.7992        1.0336
    658.8050        1.0338
    658.8108        1.0332
    658.8165        1.0333
    658.8223        1.0341
    658.8281        1.0332
    658.8339        1.0312
    658.8397        1.0317
    658.8455        1.0328
    658.8513        1.0318
    658.8570        1.0308
    658.8628        1.0292
    658.8686        1.0275
    658.8744        1.0292
    658.8802        1.0312
    658.8860        1.0330
    658.8917        1.0346
    658.8975        1.0326
    658.9033        1.0311
    658.9091        1.0348
    658.9149        1.0379
    658.9207        1.0367
    658.9265        1.0346
    658.9322        1.0335
    658.9380        1.0329
    658.9438        1.0328
    658.9496        1.0336
    658.9554        1.0367
    658.9612        1.0381
    658.9670        1.0361
    658.9727        1.0345
    658.9785        1.0338
    658.9843        1.0349
    658.9901        1.0384
    658.9959        1.0405
    659.0017        1.0409
    659.0074        1.0405
    659.0132        1.0391
    659.0190        1.0367
    659.0248        1.0334
    659.0306        1.0317
    659.0364        1.0309
    659.0422        1.0311
    659.0479        1.0327
    659.0537        1.0332
    659.0595        1.0327
    659.0653        1.0351
    659.0711        1.0396
    659.0769        1.0392
    659.0827        1.0366
    659.0884        1.0352
    659.0942        1.0339
    659.1000        1.0328
    659.1058        1.0326
    659.1116        1.0341
    659.1174        1.0353
    659.1231        1.0348
    659.1289        1.0350
    659.1347        1.0325
    659.1405        1.0295
    659.1463        1.0267
    659.1521        1.0240
    659.1579        1.0268
    659.1636        1.0298
    659.1694        1.0305
    659.1752        1.0314
    659.1810        1.0308
    659.1868        1.0294
    659.1926        1.0292
    659.1984        1.0292
    659.2041        1.0279
    659.2099        1.0269
    659.2157        1.0263
    659.2215        1.0263
    659.2273        1.0290
    659.2331        1.0307
    659.2388        1.0284
    659.2446        1.0267
    659.2504        1.0272
    659.2562        1.0272
    659.2620        1.0266
    659.2678        1.0263
    659.2736        1.0262
    659.2793        1.0267
    659.2851        1.0284
    659.2909        1.0265
    659.2967        1.0203
    659.3025        1.0170
    659.3083        1.0165
    659.3141        1.0158
    659.3198        1.0146
    659.3256        1.0143
    659.3314        1.0150
    659.3372        1.0171
    659.3430        1.0198
    659.3488        1.0213
    659.3545        1.0217
    659.3603        1.0233
    659.3661        1.0256
    659.3719        1.0273
    659.3777        1.0291
    659.3835        1.0273
    659.3893        1.0237
    659.3950        1.0234
    659.4008        1.0240
    659.4066        1.0264
    659.4124        1.0301
    659.4182        1.0274
    659.4240        1.0230
    659.4298        1.0190
    659.4355        1.0148
    659.4413        1.0123
    659.4471        1.0105
    659.4529        1.0130
    659.4587        1.0159
    659.4645        1.0165
    659.4702        1.0172
    659.4760        1.0205
    659.4818        1.0229
    659.4876        1.0211
    659.4934        1.0191
    659.4992        1.0176
    659.5050        1.0166
    659.5107        1.0172
    659.5165        1.0174
    659.5223        1.0164
    659.5281        1.0171
    659.5339        1.0212
    659.5397        1.0241
    659.5455        1.0247
    659.5512        1.0248
    659.5570        1.0248
    659.5628        1.0239
    659.5686        1.0220
    659.5744        1.0205
    659.5802        1.0192
    659.5859        1.0189
    659.5917        1.0191
    659.5975        1.0190
    659.6033        1.0185
    659.6091        1.0175
    659.6149        1.0162
    659.6207        1.0150
    659.6264        1.0133
    659.6322        1.0152
    659.6380        1.0191
    659.6438        1.0176
    659.6496        1.0144
    659.6554        1.0138
    659.6612        1.0138
    659.6669        1.0136
    659.6727        1.0130
    659.6785        1.0115
    659.6843        1.0105
    659.6901        1.0155
    659.6959        1.0206
    659.7016        1.0188
    659.7074        1.0161
    659.7132        1.0135
    659.7190        1.0114
    659.7248        1.0124
    659.7306        1.0136
    659.7364        1.0139
    659.7421        1.0144
    659.7479        1.0161
    659.7537        1.0175
    659.7595        1.0186
    659.7653        1.0192
    659.7711        1.0186
    659.7769        1.0184
    659.7826        1.0188
    659.7884        1.0178
    659.7942        1.0151
    659.8000        1.0147
    659.8058        1.0168
    659.8116        1.0179
    659.8173        1.0183
    659.8231        1.0165
    659.8289        1.0124
    659.8347        1.0112
    659.8405        1.0119
    659.8463        1.0114
    659.8521        1.0109
    659.8578        1.0083
    659.8636        1.0043
    659.8694        1.0034
    659.8752        1.0034
    659.8810        1.0057
    659.8868        1.0092
    659.8926        1.0104
    659.8983        1.0110
    659.9041        1.0096
    659.9099        1.0086
    659.9157        1.0031
    659.9215        0.9964
    659.9273        0.9974
    659.9330        0.9994
    659.9388        1.0011
    659.9446        1.0028
    659.9504        1.0020
    659.9562        1.0015
    659.9620        1.0027
    659.9678        1.0041
    659.9735        1.0057
    659.9793        1.0073
    659.9851        1.0087
    659.9909        1.0112
    659.9967        1.0161
    660.0025        1.0191
    660.0083        1.0171
    660.0140        1.0147
    660.0198        1.0131
    660.0256        1.0119
    660.0314        1.0112
    660.0372        1.0115
    660.0430        1.0127
    660.0487        1.0140
    660.0545        1.0154
    660.0603        1.0164
    660.0661        1.0169
    660.0719        1.0174
    660.0777        1.0178
    660.0835        1.0161
    660.0892        1.0141
    660.0950        1.0144
    660.1008        1.0154
    660.1066        1.0134
    660.1124        1.0102
    660.1182        1.0110
    660.1240        1.0134
    660.1297        1.0131
    660.1355        1.0116
    660.1413        1.0172
    660.1471        1.0251
    660.1529        1.0216
    660.1587        1.0159
    660.1644        1.0120
    660.1702        1.0084
    660.1760        1.0052
    660.1818        1.0022
    660.1876        1.0013
    660.1934        1.0007
    660.1992        0.9986
    660.2049        0.9962
    660.2107        0.9962
    660.2165        0.9971
    660.2223        0.9987
    660.2281        1.0006
    660.2339        1.0026
    660.2397        1.0043
    660.2454        1.0064
    660.2512        1.0084
    660.2570        1.0094
    660.2628        1.0089
    660.2686        1.0072
    660.2744        1.0078
    660.2801        1.0112
    660.2859        1.0127
    660.2917        1.0122
    660.2975        1.0089
    660.3033        1.0043
    660.3091        1.0036
    660.3149        1.0044
    660.3206        1.0060
    660.3264        1.0083
    660.3322        1.0073
    660.3380        1.0050
    660.3438        1.0056
    660.3496        1.0070
    660.3554        1.0072
    660.3611        1.0076
    660.3669        1.0066
    660.3727        1.0056
    660.3785        1.0023
    660.3843        0.9980
    660.3901        0.9981
    660.3958        0.9987
    660.4016        0.9992
    660.4074        1.0000
    660.4132        0.9991
    660.4190        0.9990
    660.4248        1.0037
    660.4306        1.0066
    660.4363        1.0036
    660.4421        1.0018
    660.4479        1.0029
    660.4537        1.0021
    660.4595        0.9980
    660.4653        0.9962
    660.4711        0.9983
    660.4768        1.0000
    660.4826        1.0010
    660.4884        1.0006
    660.4942        0.9976
    660.5000        0.9975
    660.5058        1.0005
    660.5115        1.0020
    660.5173        1.0028
    660.5231        1.0030
    660.5289        1.0030
    660.5347        1.0014
    660.5405        0.9991
    660.5463        0.9989
    660.5520        0.9996
    660.5578        0.9976
    660.5636        0.9948
    660.5694        0.9957
    660.5752        0.9965
    660.5810        0.9968
    660.5868        0.9977
    660.5925        0.9987
    660.5983        1.0002
    660.6041        1.0005
    660.6099        1.0008
    660.6157        1.0049
    660.6215        1.0086
    660.6272        1.0047
    660.6330        1.0005
    660.6388        1.0001
    660.6446        1.0000
    660.6504        1.0000
    660.6562        0.9996
    660.6620        0.9985
    660.6677        0.9983
    660.6735        0.9995
    660.6793        1.0013
    660.6851        1.0039
    660.6909        1.0027
    660.6967        0.9972
    660.7025        0.9966
    660.7082        1.0007
    660.7140        1.0013
    660.7198        0.9993
    660.7256        0.9987
    660.7314        0.9986
    660.7372        1.0011
    660.7429        1.0056
    660.7487        1.0047
    660.7545        1.0011
    660.7603        0.9999
    660.7661        0.9995
    660.7719        0.9986
    660.7777        0.9975
    660.7834        0.9999
    660.7892        1.0027
    660.7950        0.9991
    660.8008        0.9950
    660.8066        0.9992
    660.8124        1.0038
    660.8182        1.0016
    660.8239        0.9987
    660.8297        0.9975
    660.8355        0.9969
    660.8413        0.9986
    660.8471        1.0001
    660.8529        0.9998
    660.8586        0.9984
    660.8644        0.9951
    660.8702        0.9945
    660.8760        0.9982
    660.8818        0.9989
    660.8876        0.9953
    660.8934        0.9937
    660.8991        0.9952
    660.9049        0.9962
    660.9107        0.9962
    660.9165        0.9947
    660.9223        0.9915
    660.9281        0.9915
    660.9339        0.9939
    660.9396        0.9961
    660.9454        0.9986
    660.9512        0.9976
    660.9570        0.9947
    660.9628        0.9953
    660.9686        0.9972
    660.9743        0.9981
    660.9801        0.9989
    660.9859        0.9978
    660.9917        0.9964
    660.9975        0.9971
    661.0033        0.9980
    661.0091        0.9983
    661.0148        0.9990
    661.0206        1.0001
    661.0264        1.0003
    661.0322        0.9983
    661.0380        0.9971
    661.0438        0.9987
    661.0496        0.9990
    661.0553        0.9958
    661.0611        0.9942
    661.0669        0.9959
    661.0727        0.9981
    661.0785        1.0002
    661.0843        1.0004
    661.0900        0.9987
    661.0958        0.9982
    661.1016        0.9989
    661.1074        0.9977
    661.1132        0.9953
    661.1190        0.9965
    661.1248        0.9997
    661.1305        1.0002
    661.1363        0.9997
    661.1421        0.9995
    661.1479        0.9996
    661.1537        0.9988
    661.1595        0.9980
    661.1653        0.9967
    661.1710        0.9948
    661.1768        0.9971
    661.1826        0.9996
    661.1884        0.9969
    661.1942        0.9940
    661.2000        0.9946
    661.2057        0.9957
    661.2115        0.9970
    661.2173        0.9978
    661.2231        0.9961
    661.2289        0.9943
    661.2347        0.9949
    661.2405        0.9953
    661.2462        0.9946
    661.2520        0.9928
    661.2578        0.9900
    661.2636        0.9891
    661.2694        0.9902
    661.2752        0.9919
    661.2810        0.9939
    661.2867        0.9960
    661.2925        0.9986
    661.2983        0.9998
    661.3041        0.9999
    661.3099        1.0007
    661.3157        1.0020
    661.3214        1.0009
    661.3272        0.9986
    661.3330        0.9964
    661.3388        0.9945
    661.3446        0.9937
    661.3504        0.9927
    661.3562        0.9964
    661.3619        1.0007
    661.3677        1.0019
    661.3735        1.0023
    661.3793        1.0001
    661.3851        0.9981
    661.3909        0.9968
    661.3967        0.9960
    661.4024        0.9974
    661.4082        0.9988
    661.4140        0.9989
    661.4198        0.9999
    661.4256        1.0036
    661.4314        1.0051
    661.4371        1.0022
    661.4429        1.0006
    661.4487        1.0012
    661.4545        1.0014
    661.4603        1.0009
    661.4661        1.0000
    661.4719        0.9984
    661.4776        0.9988
    661.4834        1.0006
    661.4892        1.0036
    661.4950        1.0072
    661.5008        1.0067
    661.5066        1.0047
    661.5124        1.0032
    661.5181        1.0019
    661.5239        1.0024
    661.5297        1.0032
    661.5355        0.9986
    661.5413        0.9935
    661.5471        0.9951
    661.5528        0.9972
    661.5586        0.9973
    661.5644        0.9978
    661.5702        0.9994
    661.5760        1.0005
    661.5818        0.9996
    661.5876        0.9992
    661.5933        1.0007
    661.5991        1.0023
    661.6049        1.0041
    661.6107        1.0057
    661.6165        1.0066
    661.6223        1.0065
    661.6281        1.0051
    661.6338        1.0044
    661.6396        1.0047
    661.6454        1.0031
    661.6512        0.9996
    661.6570        0.9988
    661.6628        1.0003
    661.6685        1.0000
    661.6743        0.9984
    661.6801        0.9993
    661.6859        1.0015
    661.6917        1.0006
    661.6975        0.9987
    661.7033        1.0003
    661.7090        1.0024
    661.7148        0.9998
    661.7206        0.9966
    661.7264        0.9972
    661.7322        0.9984
    661.7380        1.0014
    661.7438        1.0032
    661.7495        0.9976
    661.7553        0.9931
    661.7611        0.9957
    661.7669        0.9982
    661.7727        0.9985
    661.7785        0.9975
    661.7842        0.9945
    661.7900        0.9947
    661.7958        0.9994
    661.8016        1.0004
    661.8074        0.9974
    661.8132        0.9973
    661.8190        1.0003
    661.8247        1.0013
    661.8305        1.0009
    661.8363        1.0031
    661.8421        1.0072
    661.8479        1.0029
    661.8537        0.9950
    661.8595        0.9939
    661.8652        0.9947
    661.8710        0.9981
    661.8768        1.0019
    661.8826        1.0018
    661.8884        1.0010
    661.8942        0.9993
    661.8999        0.9979
    661.9057        0.9986
    661.9115        0.9988
    661.9173        0.9948
    661.9231        0.9925
    661.9289        0.9968
    661.9347        1.0004
    661.9404        1.0005
    661.9462        0.9999
    661.9520        0.9990
    661.9578        0.9974
    661.9636        0.9958
    661.9694        0.9960
    661.9752        0.9977
    661.9809        0.9970
    661.9867        0.9946
    661.9925        0.9939
    661.9983        0.9940
    662.0041        0.9964
    662.0099        1.0000
    662.0156        1.0008
    662.0214        1.0003
    662.0272        1.0008
    662.0330        1.0014
    662.0388        1.0006
    662.0446        0.9997
    662.0504        1.0000
    662.0561        1.0008
    662.0619        1.0004
    662.0677        0.9997
    662.0735        0.9998
    662.0793        1.0000
    662.0851        1.0003
    662.0909        1.0002
    662.0966        0.9987
    662.1024        0.9971
    662.1082        0.9957
    662.1140        0.9952
    662.1198        0.9968
    662.1256        0.9973
    662.1313        0.9962
    662.1371        0.9951
    662.1429        0.9936
    662.1487        0.9939
    662.1545        0.9955
    662.1603        0.9956
    662.1661        0.9950
    662.1718        0.9968
    662.1776        0.9998
    662.1834        0.9972
    662.1892        0.9926
    662.1950        0.9907
    662.2008        0.9892
    662.2066        0.9934
    662.2123        0.9981
    662.2181        0.9976
    662.2239        0.9967
    662.2297        0.9981
    662.2355        0.9993
    662.2413        0.9980
    662.2470        0.9968
    662.2528        0.9962
    662.2586        0.9951
    662.2644        0.9934
    662.2702        0.9927
    662.2760        0.9929
    662.2818        0.9948
    662.2875        0.9984
    662.2933        0.9985
    662.2991        0.9949
    662.3049        0.9930
    662.3107        0.9922
    662.3165        0.9930
    662.3223        0.9948
    662.3280        0.9962
    662.3338        0.9976
    662.3396        0.9992
    662.3454        1.0009
    662.3512        1.0014
    662.3570        1.0020
    662.3627        0.9992
    662.3685        0.9957
    662.3743        0.9955
    662.3801        0.9962
    662.3859        0.9993
    662.3917        1.0017
    662.3975        1.0019
    662.4032        1.0016
    662.4090        0.9993
    662.4148        0.9984
    662.4206        1.0004
    662.4264        1.0010
    662.4322        0.9997
    662.4380        0.9991
    662.4437        0.9996
    662.4495        0.9979
    662.4553        0.9942
    662.4611        0.9934
    662.4669        0.9936
    662.4727        0.9968
    662.4784        1.0027
    662.4842        1.0016
    662.4900        0.9976
    662.4958        0.9953
    662.5016        0.9930
    662.5074        0.9925
    662.5132        0.9919
    662.5189        0.9943
    662.5247        0.9969
    662.5305        0.9989
    662.5363        1.0007
    662.5421        0.9999
    662.5479        0.9985
    662.5537        0.9966
    662.5594        0.9961
    662.5652        1.0005
    662.5710        1.0038
    662.5768        1.0035
    662.5826        1.0021
    662.5884        1.0001
    662.5941        0.9991
    662.5999        0.9992
    662.6057        0.9986
    662.6115        0.9976
    662.6173        0.9959
    662.6231        0.9940
    662.6289        0.9934
    662.6346        0.9934
    662.6404        0.9922
    662.6462        0.9903
    662.6520        0.9917
    662.6578        0.9946
    662.6636        0.9933
    662.6694        0.9908
    662.6751        0.9911
    662.6809        0.9920
    662.6867        0.9928
    662.6925        0.9938
    662.6983        0.9934
    662.7041        0.9933
    662.7098        0.9965
    662.7156        0.9992
    662.7214        0.9994
    662.7272        0.9987
    662.7330        0.9965
    662.7388        0.9950
    662.7446        0.9951
    662.7503        0.9952
    662.7561        0.9952
    662.7619        0.9945
    662.7677        0.9929
    662.7735        0.9940
    662.7793        0.9970
    662.7851        0.9982
    662.7908        0.9991
    662.7966        0.9976
    662.8024        0.9953
    662.8082        0.9937
    662.8140        0.9917
    662.8198        0.9914
    662.8255        0.9919
    662.8313        0.9928
    662.8371        0.9938
    662.8429        0.9931
    662.8487        0.9926
    662.8545        0.9944
    662.8603        0.9958
    662.8660        0.9955
    662.8718        0.9954
    662.8776        0.9964
    662.8834        0.9952
    662.8892        0.9909
    662.8950        0.9890
    662.9008        0.9893
    662.9065        0.9919
    662.9123        0.9965
    662.9181        0.9965
    662.9239        0.9934
    662.9297        0.9942
    662.9355        0.9970
    662.9412        0.9949
    662.9470        0.9905
    662.9528        0.9938
    662.9586        0.9989
    662.9644        1.0001
    662.9702        1.0003
    662.9760        0.9997
    662.9817        0.9994
    662.9875        0.9985
    662.9933        0.9969
    662.9991        0.9947
    663.0049        0.9939
    663.0107        0.9955
    663.0165        0.9967
    663.0222        0.9970
    663.0280        0.9975
    663.0338        0.9984
    663.0396        0.9988
    663.0454        0.9989
    663.0512        0.9987
    663.0569        0.9981
    663.0627        0.9973
    663.0685        0.9967
    663.0743        0.9983
    663.0801        1.0005
    663.0859        0.9990
    663.0917        0.9961
    663.0974        0.9979
    663.1032        1.0005
    663.1090        0.9987
    663.1148        0.9962
    663.1206        0.9941
    663.1264        0.9923
    663.1322        0.9927
    663.1379        0.9939
    663.1437        0.9963
    663.1495        0.9967
    663.1553        0.9930
    663.1611        0.9922
    663.1669        0.9963
    663.1726        0.9979
    663.1784        0.9955
    663.1842        0.9925
    663.1900        0.9901
    663.1958        0.9892
    663.2016        0.9887
    663.2074        0.9905
    663.2131        0.9938
    663.2189        0.9969
    663.2247        1.0001
    663.2305        0.9994
    663.2363        0.9977
    663.2421        0.9978
    663.2479        0.9986
    663.2536        0.9991
    663.2594        0.9991
    663.2652        0.9987
    663.2710        0.9979
    663.2768        0.9954
    663.2826        0.9943
    663.2883        0.9972
    663.2941        0.9999
    663.2999        1.0016
    663.3057        1.0019
    663.3115        1.0001
    663.3173        0.9985
    663.3231        0.9976
    663.3288        0.9972
    663.3346        0.9965
    663.3404        0.9971
    663.3462        0.9988
    663.3520        0.9989
    663.3578        0.9983
    663.3636        0.9970
    663.3693        0.9954
    663.3751        0.9959
    663.3809        0.9970
    663.3867        0.9973
    663.3925        0.9969
    663.3983        0.9951
    663.4040        0.9938
    663.4098        0.9950
    663.4156        0.9970
    663.4214        0.9994
    663.4272        1.0007
    663.4330        1.0002
    663.4388        1.0002
    663.4445        1.0011
    663.4503        1.0009
    663.4561        1.0000
    663.4619        0.9978
    663.4677        0.9945
    663.4735        0.9930
    663.4793        0.9922
    663.4850        0.9929
    663.4908        0.9945
    663.4966        0.9968
    663.5024        0.9987
    663.5082        0.9994
    663.5140        1.0002
    663.5197        1.0012
    663.5255        1.0019
    663.5313        1.0020
    663.5371        1.0013
    663.5429        0.9984
    663.5487        0.9968
    663.5545        0.9990
    663.5602        1.0011
    663.5660        1.0018
    663.5718        1.0016
    663.5776        1.0006
    663.5834        0.9997
    663.5892        0.9985
    663.5950        0.9985
    663.6007        0.9995
    663.6065        0.9998
    663.6123        1.0000
    663.6181        0.9982
    663.6239        0.9948
    663.6297        0.9941
    663.6354        0.9942
    663.6412        0.9965
    663.6470        0.9989
    663.6528        0.9992
    663.6586        0.9995
    663.6644        1.0021
    663.6702        1.0049
    663.6759        1.0053
    663.6817        1.0038
    663.6875        0.9981
    663.6933        0.9952
    663.6991        0.9983
    663.7049        1.0003
    663.7107        0.9993
    663.7164        0.9987
    663.7222        0.9995
    663.7280        0.9989
    663.7338        0.9967
    663.7396        0.9958
    663.7454        0.9952
    663.7511        0.9965
    663.7569        0.9983
    663.7627        1.0022
    663.7685        1.0066
    663.7743        1.0035
    663.7801        1.0002
    663.7859        1.0006
    663.7916        1.0003
    663.7974        0.9976
    663.8032        0.9958
    663.8090        0.9966
    663.8148        0.9971
    663.8206        0.9965
    663.8264        0.9958
    663.8321        0.9953
    663.8379        0.9938
    663.8437        0.9910
    663.8495        0.9905
    663.8553        0.9918
    663.8611        0.9937
    663.8668        0.9966
    663.8726        0.9957
    663.8784        0.9933
    663.8842        0.9904
    663.8900        0.9866
    663.8958        0.9903
    663.9016        0.9954
    663.9073        0.9962
    663.9131        0.9966
    663.9189        0.9988
    663.9247        1.0005
    663.9305        0.9985
    663.9363        0.9968
    663.9421        0.9974
    663.9478        0.9970
    663.9536        0.9938
    663.9594        0.9926
    663.9652        0.9945
    663.9710        0.9956
    663.9768        0.9952
    663.9825        0.9941
    663.9883        0.9925
    663.9941        0.9916
    663.9999        0.9909
    664.0057        0.9940
    664.0115        0.9987
    664.0173        0.9993
    664.0230        0.9992
    664.0288        0.9974
    664.0346        0.9954
    664.0404        0.9928
    664.0462        0.9906
    664.0520        0.9922
    664.0578        0.9944
    664.0635        0.9977
    664.0693        1.0001
    664.0751        0.9996
    664.0809        0.9983
    664.0867        0.9966
    664.0925        0.9962
    664.0982        0.9965
    664.1040        0.9980
    664.1098        1.0012
    664.1156        1.0025
    664.1214        1.0026
    664.1272        1.0023
    664.1330        1.0021
    664.1387        0.9994
    664.1445        0.9961
    664.1503        0.9989
    664.1561        1.0022
    664.1619        1.0035
    664.1677        1.0045
    664.1735        1.0043
    664.1792        1.0047
    664.1850        1.0062
    664.1908        1.0063
    664.1966        1.0035
    664.2024        1.0013
    664.2082        1.0005
    664.2139        1.0005
    664.2197        1.0009
    664.2255        1.0014
    664.2313        1.0023
    664.2371        1.0026
    664.2429        1.0024
    664.2487        1.0033
    664.2544        1.0046
    664.2602        1.0045
    664.2660        1.0044
    664.2718        1.0037
    664.2776        1.0025
    664.2834        1.0043
    664.2892        1.0066
    664.2949        1.0065
    664.3007        1.0057
    664.3065        1.0056
    664.3123        1.0061
    664.3181        1.0065
    664.3239        1.0071
    664.3296        1.0079
    664.3354        1.0090
    664.3412        1.0107
    664.3470        1.0122
    664.3528        1.0135
    664.3586        1.0139
    664.3644        1.0138
    664.3701        1.0113
    664.3759        1.0080
    664.3817        1.0066
    664.3875        1.0054
    664.3933        1.0077
    664.3991        1.0109
    664.4049        1.0123
    664.4106        1.0128
    664.4164        1.0108
    664.4222        1.0097
    664.4280        1.0130
    664.4338        1.0154
    664.4396        1.0146
    664.4453        1.0146
    664.4511        1.0160
    664.4569        1.0159
    664.4627        1.0139
    664.4685        1.0128
    664.4743        1.0125
    664.4801        1.0114
    664.4858        1.0096
    664.4916        1.0104
    664.4974        1.0124
    664.5032        1.0131
    664.5090        1.0132
    664.5148        1.0135
    664.5206        1.0134
    664.5263        1.0090
    664.5321        1.0057
    664.5379        1.0089
    664.5437        1.0114
    664.5495        1.0105
    664.5553        1.0099
    664.5610        1.0104
    664.5668        1.0111
    664.5726        1.0109
    664.5784        1.0111
    664.5842        1.0121
    664.5900        1.0121
    664.5958        1.0112
    664.6015        1.0122
    664.6073        1.0133
    664.6131        1.0158
    664.6189        1.0199
    664.6247        1.0199
    664.6305        1.0187
    664.6363        1.0177
    664.6420        1.0167
    664.6478        1.0123
    664.6536        1.0084
    664.6594        1.0095
    664.6652        1.0105
    664.6710        1.0099
    664.6767        1.0106
    664.6825        1.0131
    664.6883        1.0142
    664.6941        1.0141
    664.6999        1.0147
    664.7057        1.0160
    664.7115        1.0151
    664.7172        1.0129
    664.7230        1.0130
    664.7288        1.0144
    664.7346        1.0117
    664.7404        1.0083
    664.7462        1.0089
    664.7520        1.0097
    664.7577        1.0108
    664.7635        1.0118
    664.7693        1.0122
    664.7751        1.0120
    664.7809        1.0102
    664.7867        1.0087
    664.7924        1.0082
    664.7982        1.0081
    664.8040        1.0080
    664.8098        1.0078
    664.8156        1.0080
    664.8214        1.0092
    664.8272        1.0102
    664.8329        1.0123
    664.8387        1.0153
    664.8445        1.0143
    664.8503        1.0120
    664.8561        1.0098
    664.8619        1.0081
    664.8677        1.0103
    664.8734        1.0121
    664.8792        1.0095
    664.8850        1.0068
    664.8908        1.0054
    664.8966        1.0039
    664.9024        1.0015
    664.9081        1.0009
    664.9139        1.0033
    664.9197        1.0044
    664.9255        1.0034
    664.9313        1.0041
    664.9371        1.0067
    664.9429        1.0073
    664.9486        1.0068
    664.9544        1.0067
    664.9602        1.0065
    664.9660        1.0091
    664.9718        1.0123
    664.9776        1.0106
    664.9834        1.0086
    664.9891        1.0076
    664.9949        1.0065
    665.0007        1.0057
    665.0065        1.0052
    665.0123        1.0050
    665.0181        1.0058
    665.0238        1.0077
    665.0296        1.0081
    665.0354        1.0067
    665.0412        1.0077
    665.0470        1.0109
    665.0528        1.0121
    665.0586        1.0128
    665.0643        1.0112
    665.0701        1.0085
    665.0759        1.0067
    665.0817        1.0048
    665.0875        1.0046
    665.0933        1.0051
    665.0991        1.0056
    665.1048        1.0058
    665.1106        1.0052
    665.1164        1.0050
    665.1222        1.0067
    665.1280        1.0070
    665.1338        1.0052
    665.1395        1.0047
    665.1453        1.0054
    665.1511        1.0071
    665.1569        1.0097
    665.1627        1.0096
    665.1685        1.0083
    665.1743        1.0064
    665.1800        1.0039
    665.1858        1.0042
    665.1916        1.0056
    665.1974        1.0043
    665.2032        1.0022
    665.2090        1.0000
    665.2148        0.9986
    665.2205        1.0028
    665.2263        1.0067
    665.2321        1.0075
    665.2379        1.0079
    665.2437        1.0076
    665.2495        1.0068
    665.2552        1.0062
    665.2610        1.0056
    665.2668        1.0041
    665.2726        1.0053
    665.2784        1.0089
    665.2842        1.0090
    665.2900        1.0071
    665.2957        1.0072
    665.3015        1.0076
    665.3073        1.0089
    665.3131        1.0101
    665.3189        1.0079
    665.3247        1.0059
    665.3305        1.0074
    665.3362        1.0079
    665.3420        1.0053
    665.3478        1.0046
    665.3536        1.0071
    665.3594        1.0075
    665.3652        1.0050
    665.3709        1.0039
    665.3767        1.0037
    665.3825        1.0048
    665.3883        1.0069
    665.3941        1.0061
    665.3999        1.0044
    665.4057        1.0037
    665.4114        1.0035
    665.4172        1.0039
    665.4230        1.0041
    665.4288        1.0065
    665.4346        1.0083
    665.4404        1.0062
    665.4462        1.0043
    665.4519        1.0047
    665.4577        1.0059
    665.4635        1.0074
    665.4693        1.0077
    665.4751        1.0077
    665.4809        1.0067
    665.4866        1.0049
    665.4924        1.0033
    665.4982        1.0014
    665.5040        1.0013
    665.5098        1.0022
    665.5156        1.0007
    665.5214        0.9990
    665.5271        0.9991
    665.5329        0.9995
    665.5387        0.9980
    665.5445        0.9966
    665.5503        0.9979
    665.5561        1.0002
    665.5619        1.0027
    665.5676        1.0050
    665.5734        1.0076
    665.5792        1.0078
    665.5850        1.0060
    665.5908        1.0046
    665.5966        1.0033
    665.6023        1.0029
    665.6081        1.0032
    665.6139        1.0026
    665.6197        1.0015
    665.6255        1.0028
    665.6313        1.0042
    665.6371        1.0019
    665.6428        0.9992
    665.6486        0.9986
    665.6544        0.9988
    665.6602        0.9998
    665.6660        1.0020
    665.6718        1.0058
    665.6776        1.0070
    665.6833        1.0064
    665.6891        1.0031
    665.6949        0.9969
    665.7007        0.9955
    665.7065        0.9967
    665.7123        0.9994
    665.7180        1.0036
    665.7238        1.0035
    665.7296        1.0021
    665.7354        1.0031
    665.7412        1.0039
    665.7470        1.0023
    665.7528        1.0001
    665.7585        0.9963
    665.7643        0.9941
    665.7701        0.9957
    665.7759        0.9971
    665.7817        0.9976
    665.7875        0.9977
    665.7933        0.9977
    665.7990        1.0000
    665.8048        1.0034
    665.8106        1.0042
    665.8164        1.0044
    665.8222        1.0022
    665.8280        0.9992
    665.8337        0.9978
    665.8395        0.9970
    665.8453        0.9968
    665.8511        0.9965
    665.8569        0.9972
    665.8627        0.9973
    665.8685        0.9947
    665.8742        0.9942
    665.8800        0.9976
    665.8858        0.9994
    665.8916        0.9990
    665.8974        0.9987
    665.9032        0.9985
    665.9090        0.9993
    665.9147        1.0012
    665.9205        1.0009
    665.9263        0.9995
    665.9321        1.0001
    665.9379        1.0010
    665.9437        1.0022
    665.9494        1.0029
    665.9552        1.0009
    665.9610        0.9989
    665.9668        0.9982
    665.9726        0.9986
    665.9784        1.0005
    665.9842        1.0014
    665.9899        1.0008
    665.9957        0.9984
    666.0015        0.9944
    666.0073        0.9922
    666.0131        0.9913
    666.0189        0.9919
    666.0247        0.9929
    666.0304        0.9930
    666.0362        0.9931
    666.0420        0.9951
    666.0478        0.9971
    666.0536        0.9971
    666.0594        0.9969
    666.0651        0.9958
    666.0709        0.9948
    666.0767        0.9949
    666.0825        0.9956
    666.0883        0.9968
    666.0941        0.9967
    666.0999        0.9941
    666.1056        0.9978
    666.1114        0.9890
    666.1172        1.0299
    666.1230        0.2556
