    649.9464        1.0109
    649.9537        1.0097
    649.9610        1.0109
    649.9683        1.0121
    649.9756        1.0134
    649.9829        1.0146
    649.9903        1.0155
    649.9976        1.0165
    650.0049        1.0174
    650.0122        1.0169
    650.0195        1.0115
    650.0268        1.0059
    650.0341        1.0004
    650.0414        0.9966
    650.0487        0.9972
    650.0560        0.9979
    650.0633        0.9987
    650.0707        0.9975
    650.0780        0.9924
    650.0853        0.9871
    650.0926        0.9817
    650.0999        0.9809
    650.1072        0.9884
    650.1145        0.9962
    650.1218        1.0041
    650.1291        1.0065
    650.1364        0.9997
    650.1438        0.9927
    650.1511        0.9857
    650.1584        0.9808
    650.1657        0.9787
    650.1730        0.9769
    650.1803        0.9748
    650.1876        0.9773
    650.1949        0.9851
    650.2022        0.9931
    650.2095        1.0011
    650.2168        1.0049
    650.2242        1.0040
    650.2315        1.0029
    650.2388        1.0019
    650.2461        0.9992
    650.2534        0.9950
    650.2607        0.9907
    650.2680        0.9863
    650.2753        0.9839
    650.2826        0.9829
    650.2899        0.9820
    650.2972        0.9810
    650.3046        0.9824
    650.3119        0.9856
    650.3192        0.9888
    650.3265        0.9921
    650.3338        0.9910
    650.3411        0.9873
    650.3484        0.9834
    650.3557        0.9795
    650.3630        0.9808
    650.3703        0.9850
    650.3777        0.9892
    650.3850        0.9936
    650.3923        0.9914
    650.3996        0.9863
    650.4069        0.9811
    650.4142        0.9757
    650.4215        0.9756
    650.4288        0.9777
    650.4361        0.9797
    650.4434        0.9816
    650.4507        0.9884
    650.4581        0.9969
    650.4654        1.0052
    650.4727        1.0141
    650.4800        1.0113
    650.4873        1.0054
    650.4946        0.9996
    650.5019        0.9933
    650.5092        0.9968
    650.5165        1.0026
    650.5238        1.0082
    650.5311        1.0139
    650.5385        1.0192
    650.5458        1.0245
    650.5531        1.0297
    650.5604        1.0351
    650.5677        1.0333
    650.5750        1.0305
    650.5823        1.0278
    650.5896        1.0252
    650.5969        1.0206
    650.6042        1.0159
    650.6116        1.0113
    650.6189        1.0063
    650.6262        1.0094
    650.6335        1.0130
    650.6408        1.0164
    650.6481        1.0199
    650.6554        1.0172
    650.6627        1.0142
    650.6700        1.0113
    650.6773        1.0084
    650.6846        1.0057
    650.6920        1.0030
    650.6993        1.0003
    650.7066        0.9978
    650.7139        0.9973
    650.7212        0.9970
    650.7285        0.9965
    650.7358        0.9964
    650.7431        0.9994
    650.7504        1.0025
    650.7577        1.0056
    650.7650        1.0074
    650.7724        1.0023
    650.7797        0.9969
    650.7870        0.9916
    650.7943        0.9869
    650.8016        0.9846
    650.8089        0.9823
    650.8162        0.9801
    650.8235        0.9773
    650.8308        0.9722
    650.8381        0.9670
    650.8454        0.9619
    650.8528        0.9588
    650.8601        0.9616
    650.8674        0.9648
    650.8747        0.9677
    650.8820        0.9730
    650.8893        0.9835
    650.8966        0.9942
    650.9039        1.0050
    650.9112        1.0122
    650.9185        1.0130
    650.9259        1.0134
    650.9332        1.0139
    650.9405        1.0149
    650.9478        1.0165
    650.9551        1.0182
    650.9624        1.0199
    650.9697        1.0201
    650.9770        1.0181
    650.9843        1.0161
    650.9916        1.0141
    650.9989        1.0110
    651.0063        1.0065
    651.0136        1.0020
    651.0209        0.9975
    651.0282        0.9962
    651.0355        0.9984
    651.0428        1.0008
    651.0501        1.0030
    651.0574        1.0036
    651.0647        1.0027
    651.0720        1.0017
    651.0793        1.0006
    651.0867        1.0042
    651.0940        1.0114
    651.1013        1.0186
    651.1086        1.0261
    651.1159        1.0251
    651.1232        1.0191
    651.1305        1.0130
    651.1378        1.0069
    651.1451        1.0016
    651.1524        0.9969
    651.1598        0.9921
    651.1671        0.9873
    651.1744        0.9824
    651.1817        0.9775
    651.1890        0.9725
    651.1963        0.9675
    651.2036        0.9650
    651.2109        0.9633
    651.2182        0.9617
    651.2255        0.9599
    651.2328        0.9631
    651.2402        0.9678
    651.2475        0.9725
    651.2548        0.9771
    651.2621        0.9836
    651.2694        0.9905
    651.2767        0.9973
    651.2840        1.0044
    651.2913        1.0066
    651.2986        1.0079
    651.3059        1.0092
    651.3132        1.0106
    651.3206        1.0107
    651.3279        1.0106
    651.3352        1.0106
    651.3425        1.0105
    651.3498        1.0092
    651.3571        1.0078
    651.3644        1.0064
    651.3717        1.0051
    651.3790        1.0019
    651.3863        0.9988
    651.3937        0.9957
    651.4010        0.9924
    651.4083        0.9855
    651.4156        0.9784
    651.4229        0.9713
    651.4302        0.9640
    651.4375        0.9528
    651.4448        0.9414
    651.4521        0.9302
    651.4594        0.9208
    651.4667        0.9270
    651.4741        0.9338
    651.4814        0.9404
    651.4887        0.9495
    651.4960        0.9714
    651.5033        0.9939
    651.5106        1.0162
    651.5179        1.0352
    651.5252        1.0401
    651.5325        1.0442
    651.5398        1.0486
    651.5471        1.0494
    651.5545        1.0391
    651.5618        1.0282
    651.5691        1.0174
    651.5764        1.0109
    651.5837        1.0155
    651.5910        1.0205
    651.5983        1.0256
    651.6056        1.0225
    651.6129        1.0027
    651.6202        0.9821
    651.6275        0.9618
    651.6349        0.9414
    651.6422        0.9209
    651.6495        0.9006
    651.6568        0.8798
    651.6641        0.8760
    651.6714        0.8963
    651.6787        0.9174
    651.6860        0.9384
    651.6933        0.9533
    651.7006        0.9609
    651.7080        0.9682
    651.7153        0.9756
    651.7226        0.9818
    651.7299        0.9868
    651.7372        0.9918
    651.7445        0.9969
    651.7518        0.9988
    651.7591        0.9981
    651.7664        0.9973
    651.7737        0.9966
    651.7810        0.9932
    651.7884        0.9879
    651.7957        0.9826
    651.8030        0.9770
    651.8103        0.9821
    651.8176        0.9936
    651.8249        1.0051
    651.8322        1.0169
    651.8395        1.0225
    651.8468        1.0253
    651.8541        1.0279
    651.8614        1.0309
    651.8688        1.0264
    651.8761        1.0189
    651.8834        1.0114
    651.8907        1.0039
    651.8980        1.0010
    651.9053        0.9998
    651.9126        0.9985
    651.9199        0.9976
    651.9272        0.9831
    651.9345        0.9650
    651.9419        0.9473
    651.9492        0.9285
    651.9565        0.9395
    651.9638        0.9559
    651.9711        0.9720
    651.9784        0.9884
    651.9857        1.0031
    651.9930        1.0178
    652.0003        1.0322
    652.0076        1.0475
    652.0149        1.0403
    652.0223        1.0314
    652.0296        1.0229
    652.0369        1.0141
    652.0442        1.0184
    652.0515        1.0234
    652.0588        1.0282
    652.0661        1.0328
    652.0734        1.0315
    652.0807        1.0300
    652.0880        1.0285
    652.0953        1.0272
    652.1027        1.0270
    652.1100        1.0269
    652.1173        1.0268
    652.1246        1.0262
    652.1319        1.0218
    652.1392        1.0172
    652.1465        1.0128
    652.1538        1.0094
    652.1611        1.0114
    652.1684        1.0137
    652.1757        1.0159
    652.1831        1.0164
    652.1904        1.0113
    652.1977        1.0060
    652.2050        1.0008
    652.2123        0.9983
    652.2196        1.0031
    652.2269        1.0083
    652.2342        1.0135
    652.2415        1.0184
    652.2488        1.0232
    652.2562        1.0279
    652.2635        1.0328
    652.2708        1.0331
    652.2781        1.0258
    652.2854        1.0183
    652.2927        1.0108
    652.3000        1.0056
    652.3073        1.0036
    652.3146        1.0017
    652.3219        0.9998
    652.3292        0.9958
    652.3366        0.9893
    652.3439        0.9828
    652.3512        0.9762
    652.3585        0.9714
    652.3658        0.9683
    652.3731        0.9652
    652.3804        0.9621
    652.3877        0.9609
    652.3950        0.9612
    652.4023        0.9617
    652.4096        0.9620
    652.4170        0.9668
    652.4243        0.9744
    652.4316        0.9821
    652.4389        0.9899
    652.4462        0.9961
    652.4535        1.0016
    652.4608        1.0071
    652.4681        1.0128
    652.4754        1.0150
    652.4827        1.0157
    652.4901        1.0165
    652.4974        1.0173
    652.5047        1.0177
    652.5120        1.0180
    652.5193        1.0183
    652.5266        1.0186
    652.5339        1.0200
    652.5412        1.0215
    652.5485        1.0231
    652.5558        1.0250
    652.5631        1.0170
    652.5705        1.0072
    652.5778        0.9977
    652.5851        0.9876
    652.5924        0.9904
    652.5997        0.9946
    652.6070        0.9988
    652.6143        1.0030
    652.6216        1.0051
    652.6289        1.0071
    652.6362        1.0090
    652.6435        1.0110
    652.6509        1.0137
    652.6582        1.0164
    652.6655        1.0191
    652.6728        1.0213
    652.6801        1.0149
    652.6874        1.0079
    652.6947        1.0012
    652.7020        0.9959
    652.7093        1.0021
    652.7166        1.0088
    652.7240        1.0154
    652.7313        1.0198
    652.7386        1.0125
    652.7459        1.0047
    652.7532        0.9971
    652.7605        0.9929
    652.7678        1.0017
    652.7751        1.0111
    652.7824        1.0203
    652.7897        1.0255
    652.7970        1.0192
    652.8044        1.0124
    652.8117        1.0057
    652.8190        1.0015
    652.8263        1.0026
    652.8336        1.0039
    652.8409        1.0051
    652.8482        1.0072
    652.8555        1.0104
    652.8628        1.0136
    652.8701        1.0170
    652.8774        1.0181
    652.8848        1.0163
    652.8921        1.0144
    652.8994        1.0126
    652.9067        1.0090
    652.9140        1.0035
    652.9213        0.9980
    652.9286        0.9924
    652.9359        0.9912
    652.9432        0.9939
    652.9505        0.9966
    652.9578        0.9994
    652.9652        1.0002
    652.9725        0.9996
    652.9798        0.9988
    652.9871        0.9981
    652.9944        0.9985
    653.0017        0.9994
    653.0090        1.0003
    653.0163        1.0012
    653.0236        1.0038
    653.0309        1.0072
    653.0383        1.0105
    653.0456        1.0140
    653.0529        1.0123
    653.0602        1.0086
    653.0675        1.0050
    653.0748        1.0012
    653.0821        1.0023
    653.0894        1.0049
    653.0967        1.0072
    653.1040        1.0100
    653.1113        1.0046
    653.1187        0.9976
    653.1260        0.9907
    653.1333        0.9834
    653.1406        0.9838
    653.1479        0.9852
    653.1552        0.9864
    653.1625        0.9878
    653.1698        0.9861
    653.1771        0.9840
    653.1844        0.9820
    653.1917        0.9801
    653.1991        0.9749
    653.2064        0.9697
    653.2137        0.9645
    653.2210        0.9594
    653.2283        0.9568
    653.2356        0.9542
    653.2429        0.9517
    653.2502        0.9511
    653.2575        0.9659
    653.2648        0.9814
    653.2722        0.9967
    653.2795        1.0091
    653.2868        1.0071
    653.2941        1.0044
    653.3014        1.0019
    653.3087        1.0000
    653.3160        0.9999
    653.3233        1.0001
    653.3306        1.0001
    653.3379        1.0001
    653.3452        0.9997
    653.3526        0.9993
    653.3599        0.9990
    653.3672        0.9962
    653.3745        0.9887
    653.3818        0.9810
    653.3891        0.9733
    653.3964        0.9713
    653.4037        0.9780
    653.4110        0.9851
    653.4183        0.9921
    653.4256        0.9980
    653.4330        1.0026
    653.4403        1.0072
    653.4476        1.0119
    653.4549        1.0131
    653.4622        1.0110
    653.4695        1.0089
    653.4768        1.0067
    653.4841        1.0040
    653.4914        1.0009
    653.4987        0.9979
    653.5061        0.9946
    653.5134        0.9952
    653.5207        0.9981
    653.5280        1.0010
    653.5353        1.0039
    653.5426        1.0075
    653.5499        1.0114
    653.5572        1.0152
    653.5645        1.0192
    653.5718        1.0178
    653.5791        1.0143
    653.5865        1.0108
    653.5938        1.0070
    653.6011        1.0114
    653.6084        1.0180
    653.6157        1.0244
    653.6230        1.0314
    653.6303        1.0261
    653.6376        1.0183
    653.6449        1.0107
    653.6522        1.0026
    653.6595        1.0081
    653.6669        1.0154
    653.6742        1.0223
    653.6815        1.0299
    653.6888        1.0245
    653.6961        1.0184
    653.7034        1.0125
    653.7107        1.0065
    653.7180        1.0073
    653.7253        1.0083
    653.7326        1.0092
    653.7399        1.0105
    653.7473        1.0154
    653.7546        1.0206
    653.7619        1.0256
    653.7692        1.0301
    653.7765        1.0306
    653.7838        1.0311
    653.7911        1.0315
    653.7984        1.0322
    653.8057        1.0338
    653.8130        1.0355
    653.8204        1.0372
    653.8277        1.0384
    653.8350        1.0383
    653.8423        1.0381
    653.8496        1.0379
    653.8569        1.0375
    653.8642        1.0363
    653.8715        1.0350
    653.8788        1.0338
    653.8861        1.0316
    653.8934        1.0276
    653.9008        1.0238
    653.9081        1.0197
    653.9154        1.0187
    653.9227        1.0213
    653.9300        1.0239
    653.9373        1.0267
    653.9446        1.0287
    653.9519        1.0301
    653.9592        1.0314
    653.9665        1.0326
    653.9738        1.0364
    653.9812        1.0420
    653.9885        1.0476
    653.9958        1.0536
    654.0031        1.0481
    654.0104        1.0351
    654.0177        1.0221
    654.0250        1.0087
    654.0323        1.0076
    654.0396        1.0126
    654.0469        1.0177
    654.0543        1.0228
    654.0616        1.0272
    654.0689        1.0314
    654.0762        1.0355
    654.0835        1.0398
    654.0908        1.0355
    654.0981        1.0286
    654.1054        1.0218
    654.1127        1.0149
    654.1200        1.0134
    654.1273        1.0129
    654.1347        1.0124
    654.1420        1.0120
    654.1493        1.0087
    654.1566        1.0052
    654.1639        1.0017
    654.1712        0.9980
    654.1785        0.9957
    654.1858        0.9935
    654.1931        0.9912
    654.2004        0.9891
    654.2077        0.9912
    654.2151        0.9936
    654.2224        0.9959
    654.2297        0.9983
    654.2370        1.0012
    654.2443        1.0041
    654.2516        1.0071
    654.2589        1.0108
    654.2662        1.0187
    654.2735        1.0266
    654.2808        1.0347
    654.2881        1.0404
    654.2955        1.0379
    654.3028        1.0350
    654.3101        1.0322
    654.3174        1.0319
    654.3247        1.0381
    654.3320        1.0445
    654.3393        1.0510
    654.3466        1.0474
    654.3539        1.0248
    654.3612        1.0013
    654.3686        0.9779
    654.3759        0.9581
    654.3832        0.9437
    654.3905        0.9297
    654.3978        0.9149
    654.4051        0.9208
    654.4124        0.9500
    654.4197        0.9799
    654.4270        1.0099
    654.4343        1.0271
    654.4416        1.0328
    654.4490        1.0381
    654.4563        1.0437
    654.4636        1.0474
    654.4709        1.0498
    654.4782        1.0522
    654.4855        1.0548
    654.4928        1.0525
    654.5001        1.0477
    654.5074        1.0430
    654.5147        1.0380
    654.5220        1.0384
    654.5294        1.0410
    654.5367        1.0435
    654.5440        1.0461
    654.5513        1.0452
    654.5586        1.0432
    654.5659        1.0414
    654.5732        1.0391
    654.5805        1.0445
    654.5878        1.0513
    654.5951        1.0580
    654.6025        1.0650
    654.6098        1.0616
    654.6171        1.0570
    654.6244        1.0526
    654.6317        1.0477
    654.6390        1.0524
    654.6463        1.0574
    654.6536        1.0623
    654.6609        1.0673
    654.6682        1.0731
    654.6755        1.0790
    654.6829        1.0848
    654.6902        1.0891
    654.6975        1.0800
    654.7048        1.0702
    654.7121        1.0607
    654.7194        1.0517
    654.7267        1.0465
    654.7340        1.0414
    654.7413        1.0362
    654.7486        1.0331
    654.7559        1.0368
    654.7633        1.0408
    654.7706        1.0447
    654.7779        1.0483
    654.7852        1.0511
    654.7925        1.0538
    654.7998        1.0566
    654.8071        1.0577
    654.8144        1.0560
    654.8217        1.0541
    654.8290        1.0523
    654.8364        1.0435
    654.8437        1.0255
    654.8510        1.0072
    654.8583        0.9884
    654.8656        0.9895
    654.8729        1.0102
    654.8802        1.0315
    654.8875        1.0530
    654.8948        1.0645
    654.9021        1.0684
    654.9094        1.0721
    654.9168        1.0757
    654.9241        1.0788
    654.9314        1.0816
    654.9387        1.0843
    654.9460        1.0870
    654.9533        1.0915
    654.9606        1.0967
    654.9679        1.1019
    654.9752        1.1071
    654.9825        1.1117
    654.9898        1.1159
    654.9972        1.1200
    655.0045        1.1244
    655.0118        1.1245
    655.0191        1.1238
    655.0264        1.1230
    655.0337        1.1222
    655.0410        1.1233
    655.0483        1.1247
    655.0556        1.1259
    655.0629        1.1275
    655.0702        1.1230
    655.0776        1.1182
    655.0849        1.1136
    655.0922        1.1091
    655.0995        1.1128
    655.1068        1.1168
    655.1141        1.1207
    655.1214        1.1243
    655.1287        1.1241
    655.1360        1.1238
    655.1433        1.1235
    655.1507        1.1231
    655.1580        1.1216
    655.1653        1.1202
    655.1726        1.1187
    655.1799        1.1190
    655.1872        1.1251
    655.1945        1.1314
    655.2018        1.1378
    655.2091        1.1406
    655.2164        1.1354
    655.2237        1.1298
    655.2311        1.1246
    655.2384        1.1149
    655.2457        1.0982
    655.2530        1.0813
    655.2603        1.0640
    655.2676        1.0642
    655.2749        1.0861
    655.2822        1.1088
    655.2895        1.1314
    655.2968        1.1488
    655.3041        1.1613
    655.3115        1.1735
    655.3188        1.1862
    655.3261        1.1894
    655.3334        1.1859
    655.3407        1.1823
    655.3480        1.1787
    655.3553        1.1756
    655.3626        1.1725
    655.3699        1.1697
    655.3772        1.1666
    655.3846        1.1715
    655.3919        1.1798
    655.3992        1.1881
    655.4065        1.1963
    655.4138        1.2067
    655.4211        1.2176
    655.4284        1.2287
    655.4357        1.2397
    655.4430        1.2478
    655.4503        1.2554
    655.4576        1.2630
    655.4650        1.2707
    655.4723        1.2728
    655.4796        1.2742
    655.4869        1.2760
    655.4942        1.2775
    655.5015        1.2940
    655.5088        1.3114
    655.5161        1.3285
    655.5234        1.3449
    655.5307        1.3490
    655.5380        1.3525
    655.5454        1.3563
    655.5527        1.3615
    655.5600        1.3765
    655.5673        1.3918
    655.5746        1.4070
    655.5819        1.4210
    655.5892        1.4305
    655.5965        1.4396
    655.6038        1.4488
    655.6111        1.4591
    655.6185        1.4721
    655.6258        1.4852
    655.6331        1.4983
    655.6404        1.5095
    655.6477        1.5175
    655.6550        1.5252
    655.6623        1.5330
    655.6696        1.5388
    655.6769        1.5418
    655.6842        1.5447
    655.6915        1.5474
    655.6989        1.5563
    655.7062        1.5714
    655.7135        1.5868
    655.7208        1.6018
    655.7281        1.6241
    655.7354        1.6516
    655.7427        1.6793
    655.7500        1.7070
    655.7573        1.7307
    655.7646        1.7521
    655.7719        1.7735
    655.7793        1.7948
    655.7866        1.8166
    655.7939        1.8386
    655.8012        1.8606
    655.8085        1.8823
    655.8158        1.9143
    655.8231        1.9494
    655.8304        1.9845
    655.8377        2.0194
    655.8450        2.0600
    655.8523        2.1016
    655.8597        2.1433
    655.8670        2.1847
    655.8743        2.2303
    655.8816        2.2764
    655.8889        2.3224
    655.8962        2.3685
    655.9035        2.4243
    655.9108        2.4805
    655.9181        2.5367
    655.9254        2.5939
    655.9328        2.6648
    655.9401        2.7363
    655.9474        2.8077
    655.9547        2.8818
    655.9620        2.9705
    655.9693        3.0600
    655.9766        3.1492
    655.9839        3.2406
    655.9912        3.3386
    655.9985        3.4370
    656.0058        3.5352
    656.0132        3.6376
    656.0205        3.7493
    656.0278        3.8614
    656.0351        3.9734
    656.0424        4.0921
    656.0497        4.2220
    656.0570        4.3523
    656.0643        4.4831
    656.0716        4.5936
    656.0789        4.6801
    656.0862        4.7655
    656.0936        4.8521
    656.1009        4.9108
    656.1082        4.9446
    656.1155        4.9777
    656.1228        5.0111
    656.1301        5.0425
    656.1374        5.0725
    656.1447        5.1028
    656.1520        5.1322
    656.1593        5.1844
    656.1667        5.2472
    656.1740        5.3109
    656.1813        5.3720
    656.1886        5.5022
    656.1959        5.6558
    656.2032        5.8099
    656.2105        5.9623
    656.2178        6.1595
    656.2251        6.3670
    656.2324        6.5736
    656.2397        6.7826
    656.2471        6.9338
    656.2544        7.0779
    656.2617        7.2212
    656.2690        7.3693
    656.2763        7.3812
    656.2836        7.3865
    656.2909        7.3933
    656.2982        7.3968
    656.3055        7.3412
    656.3128        7.2827
    656.3201        7.2250
    656.3275        7.1635
    656.3348        7.0779
    656.3421        6.9911
    656.3494        6.9046
    656.3567        6.8186
    656.3640        6.7348
    656.3713        6.6511
    656.3786        6.5676
    656.3859        6.4721
    656.3932        6.3467
    656.4005        6.2203
    656.4079        6.0929
    656.4152        6.0186
    656.4225        6.0372
    656.4298        6.0593
    656.4371        6.0810
    656.4444        6.0807
    656.4517        6.0518
    656.4590        6.0218
    656.4663        5.9929
    656.4736        5.9360
    656.4810        5.8529
    656.4883        5.7691
    656.4956        5.6851
    656.5029        5.6132
    656.5102        5.5496
    656.5175        5.4863
    656.5248        5.4225
    656.5321        5.3649
    656.5394        5.3101
    656.5467        5.2555
    656.5540        5.2003
    656.5614        5.1626
    656.5687        5.1312
    656.5760        5.0992
    656.5833        5.0690
    656.5906        4.9918
    656.5979        4.9040
    656.6052        4.8165
    656.6125        4.7284
    656.6198        4.6539
    656.6271        4.5811
    656.6344        4.5080
    656.6418        4.4357
    656.6491        4.3381
    656.6564        4.2393
    656.6637        4.1407
    656.6710        4.0418
    656.6783        3.9375
    656.6856        3.8329
    656.6929        3.7284
    656.7002        3.6291
    656.7075        3.5629
    656.7149        3.4982
    656.7222        3.4331
    656.7295        3.3640
    656.7368        3.2800
    656.7441        3.1955
    656.7514        3.1110
    656.7587        3.0299
    656.7660        2.9569
    656.7733        2.8842
    656.7806        2.8112
    656.7879        2.7460
    656.7953        2.6930
    656.8026        2.6407
    656.8099        2.5882
    656.8172        2.5336
    656.8245        2.4764
    656.8318        2.4193
    656.8391        2.3619
    656.8464        2.3096
    656.8537        2.2617
    656.8610        2.2139
    656.8683        2.1658
    656.8757        2.1285
    656.8830        2.0979
    656.8903        2.0675
    656.8976        2.0369
    656.9049        2.0118
    656.9122        1.9891
    656.9195        1.9663
    656.9268        1.9439
    656.9341        1.9105
    656.9414        1.8738
    656.9488        1.8373
    656.9561        1.8003
    656.9634        1.7795
    656.9707        1.7616
    656.9780        1.7436
    656.9853        1.7256
    656.9926        1.7085
    656.9999        1.6914
    657.0072        1.6743
    657.0145        1.6573
    657.0218        1.6352
    657.0292        1.6128
    657.0365        1.5906
    657.0438        1.5695
    657.0511        1.5591
    657.0584        1.5492
    657.0657        1.5391
    657.0730        1.5291
    657.0803        1.5197
    657.0876        1.5103
    657.0949        1.5009
    657.1022        1.4886
    657.1096        1.4683
    657.1169        1.4478
    657.1242        1.4273
    657.1315        1.4090
    657.1388        1.3948
    657.1461        1.3808
    657.1534        1.3668
    657.1607        1.3512
    657.1680        1.3332
    657.1753        1.3153
    657.1826        1.2973
    657.1900        1.2794
    657.1973        1.2614
    657.2046        1.2436
    657.2119        1.2252
    657.2192        1.2241
    657.2265        1.2348
    657.2338        1.2457
    657.2411        1.2568
    657.2484        1.2616
    657.2557        1.2635
    657.2631        1.2651
    657.2704        1.2672
    657.2777        1.2599
    657.2850        1.2495
    657.2923        1.2391
    657.2996        1.2286
    657.3069        1.2211
    657.3142        1.2141
    657.3215        1.2073
    657.3288        1.2002
    657.3361        1.1957
    657.3435        1.1914
    657.3508        1.1872
    657.3581        1.1829
    657.3654        1.1767
    657.3727        1.1704
    657.3800        1.1641
    657.3873        1.1582
    657.3946        1.1568
    657.4019        1.1558
    657.4092        1.1546
    657.4165        1.1516
    657.4239        1.1405
    657.4312        1.1291
    657.4385        1.1177
    657.4458        1.1027
    657.4531        1.0775
    657.4604        1.0519
    657.4677        1.0262
    657.4750        1.0114
    657.4823        1.0169
    657.4896        1.0233
    657.4970        1.0293
    657.5043        1.0435
    657.5116        1.0686
    657.5189        1.0938
    657.5262        1.1196
    657.5335        1.1303
    657.5408        1.1271
    657.5481        1.1235
    657.5554        1.1199
    657.5627        1.1182
    657.5700        1.1179
    657.5774        1.1176
    657.5847        1.1175
    657.5920        1.1083
    657.5993        1.0949
    657.6066        1.0815
    657.6139        1.0676
    657.6212        1.0671
    657.6285        1.0708
    657.6358        1.0745
    657.6431        1.0783
    657.6504        1.0793
    657.6578        1.0798
    657.6651        1.0805
    657.6724        1.0810
    657.6797        1.0817
    657.6870        1.0823
    657.6943        1.0830
    657.7016        1.0836
    657.7089        1.0839
    657.7162        1.0841
    657.7235        1.0843
    657.7309        1.0841
    657.7382        1.0812
    657.7455        1.0782
    657.7528        1.0752
    657.7601        1.0725
    657.7674        1.0715
    657.7747        1.0706
    657.7820        1.0697
    657.7893        1.0672
    657.7966        1.0609
    657.8039        1.0544
    657.8113        1.0478
    657.8186        1.0444
    657.8259        1.0461
    657.8332        1.0480
    657.8405        1.0498
    657.8478        1.0494
    657.8551        1.0466
    657.8624        1.0437
    657.8697        1.0409
    657.8770        1.0362
    657.8843        1.0297
    657.8917        1.0234
    657.8990        1.0168
    657.9063        1.0174
    657.9136        1.0222
    657.9209        1.0269
    657.9282        1.0319
    657.9355        1.0303
    657.9428        1.0259
    657.9501        1.0216
    657.9574        1.0171
    657.9647        1.0179
    657.9721        1.0202
    657.9794        1.0224
    657.9867        1.0245
    657.9940        1.0276
    658.0013        1.0309
    658.0086        1.0340
    658.0159        1.0374
    658.0232        1.0343
    658.0305        1.0309
    658.0378        1.0276
    658.0452        1.0241
    658.0525        1.0188
    658.0598        1.0134
    658.0671        1.0082
    658.0744        1.0038
    658.0817        1.0048
    658.0890        1.0061
    658.0963        1.0072
    658.1036        1.0093
    658.1109        1.0141
    658.1182        1.0189
    658.1256        1.0238
    658.1329        1.0278
    658.1402        1.0301
    658.1475        1.0322
    658.1548        1.0344
    658.1621        1.0338
    658.1694        1.0296
    658.1767        1.0252
    658.1840        1.0209
    658.1913        1.0171
    658.1986        1.0138
    658.2060        1.0105
    658.2133        1.0072
    658.2206        1.0034
    658.2279        0.9993
    658.2352        0.9953
    658.2425        0.9910
    658.2498        0.9954
    658.2571        1.0035
    658.2644        1.0116
    658.2717        1.0201
    658.2791        1.0199
    658.2864        1.0174
    658.2937        1.0149
    658.3010        1.0125
    658.3083        1.0060
    658.3156        0.9990
    658.3229        0.9922
    658.3302        0.9850
    658.3375        0.9848
    658.3448        0.9850
    658.3521        0.9851
    658.3595        0.9853
    658.3668        0.9874
    658.3741        0.9896
    658.3814        0.9917
    658.3887        0.9942
    658.3960        0.9986
    658.4033        1.0030
    658.4106        1.0075
    658.4179        1.0102
    658.4252        1.0074
    658.4325        1.0042
    658.4399        1.0012
    658.4472        1.0021
    658.4545        1.0111
    658.4618        1.0203
    658.4691        1.0297
    658.4764        1.0331
    658.4837        1.0288
    658.4910        1.0241
    658.4983        1.0196
    658.5056        1.0153
    658.5129        1.0113
    658.5203        1.0074
    658.5276        1.0032
    658.5349        1.0032
    658.5422        1.0059
    658.5495        1.0085
    658.5568        1.0114
    658.5641        1.0101
    658.5714        1.0071
    658.5787        1.0041
    658.5860        1.0012
    658.5934        0.9963
    658.6007        0.9908
    658.6080        0.9854
    658.6153        0.9798
    658.6226        0.9795
    658.6299        0.9800
    658.6372        0.9804
    658.6445        0.9809
    658.6518        0.9791
    658.6591        0.9770
    658.6664        0.9751
    658.6738        0.9738
    658.6811        0.9818
    658.6884        0.9901
    658.6957        0.9984
    658.7030        1.0055
    658.7103        1.0059
    658.7176        1.0062
    658.7249        1.0065
    658.7322        1.0075
    658.7395        1.0104
    658.7468        1.0133
    658.7542        1.0162
    658.7615        1.0182
    658.7688        1.0182
    658.7761        1.0181
    658.7834        1.0181
    658.7907        1.0157
    658.7980        1.0104
    658.8053        1.0051
    658.8126        0.9995
    658.8199        1.0016
    658.8273        1.0104
    658.8346        1.0194
    658.8419        1.0286
    658.8492        1.0265
    658.8565        1.0179
    658.8638        1.0092
    658.8711        1.0003
    658.8784        1.0017
    658.8857        1.0073
    658.8930        1.0128
    658.9003        1.0185
    658.9077        1.0184
    658.9150        1.0168
    658.9223        1.0154
    658.9296        1.0138
    658.9369        1.0144
    658.9442        1.0153
    658.9515        1.0160
    658.9588        1.0168
    658.9661        1.0148
    658.9734        1.0127
    658.9807        1.0106
    658.9881        1.0081
    658.9954        1.0024
    659.0027        0.9965
    659.0100        0.9907
    659.0173        0.9870
    659.0246        0.9921
    659.0319        0.9975
    659.0392        1.0029
    659.0465        1.0064
    659.0538        1.0053
    659.0612        1.0040
    659.0685        1.0029
    659.0758        1.0018
    659.0831        1.0009
    659.0904        1.0002
    659.0977        0.9993
    659.1050        0.9989
    659.1123        0.9989
    659.1196        0.9989
    659.1269        0.9988
    659.1342        0.9981
    659.1416        0.9967
    659.1489        0.9953
    659.1562        0.9938
    659.1635        0.9956
    659.1708        0.9989
    659.1781        1.0022
    659.1854        1.0057
    659.1927        1.0033
    659.2000        0.9992
    659.2073        0.9951
    659.2146        0.9908
    659.2220        0.9922
    659.2293        0.9945
    659.2366        0.9967
    659.2439        0.9990
    659.2512        0.9987
    659.2585        0.9983
    659.2658        0.9979
    659.2731        0.9976
    659.2804        0.9994
    659.2877        1.0013
    659.2950        1.0032
    659.3024        1.0043
    659.3097        1.0010
    659.3170        0.9976
    659.3243        0.9943
    659.3316        0.9928
    659.3389        0.9966
    659.3462        1.0005
    659.3535        1.0045
    659.3608        1.0055
    659.3681        1.0012
    659.3755        0.9966
    659.3828        0.9921
    659.3901        0.9861
    659.3974        0.9781
    659.4047        0.9701
    659.4120        0.9620
    659.4193        0.9595
    659.4266        0.9617
    659.4339        0.9640
    659.4412        0.9662
    659.4485        0.9685
    659.4559        0.9707
    659.4632        0.9729
    659.4705        0.9753
    659.4778        0.9781
    659.4851        0.9810
    659.4924        0.9840
    659.4997        0.9869
    659.5070        0.9937
    659.5143        1.0013
    659.5216        1.0087
    659.5289        1.0167
    659.5363        1.0104
    659.5436        1.0028
    659.5509        0.9956
    659.5582        0.9885
    659.5655        0.9866
    659.5728        0.9850
    659.5801        0.9833
    659.5874        0.9820
    659.5947        0.9834
    659.6020        0.9849
    659.6094        0.9863
    659.6167        0.9876
    659.6240        0.9883
    659.6313        0.9889
    659.6386        0.9896
    659.6459        0.9912
    659.6532        0.9949
    659.6605        0.9985
    659.6678        1.0023
    659.6751        1.0026
    659.6824        0.9987
    659.6898        0.9947
    659.6971        0.9906
    659.7044        0.9889
    659.7117        0.9890
    659.7190        0.9893
    659.7263        0.9894
    659.7336        0.9914
    659.7409        0.9944
    659.7482        0.9974
    659.7555        1.0004
    659.7628        1.0016
    659.7702        1.0022
    659.7775        1.0028
    659.7848        1.0034
    659.7921        0.9997
    659.7994        0.9950
    659.8067        0.9904
    659.8140        0.9855
    659.8213        0.9900
    659.8286        0.9951
    659.8359        1.0001
    659.8433        1.0049
    659.8506        1.0044
    659.8579        1.0035
    659.8652        1.0029
    659.8725        1.0017
    659.8798        0.9982
    659.8871        0.9945
    659.8944        0.9911
    659.9017        0.9868
    659.9090        0.9807
    659.9163        0.9745
    659.9237        0.9683
    659.9310        0.9657
    659.9383        0.9697
    659.9456        0.9741
    659.9529        0.9783
    659.9602        0.9822
    659.9675        0.9856
    659.9748        0.9890
    659.9821        0.9925
    659.9894        0.9947
    659.9967        0.9959
    660.0041        0.9969
    660.0114        0.9981
    660.0187        0.9977
    660.0260        0.9965
    660.0333        0.9954
    660.0406        0.9942
    660.0479        0.9921
    660.0552        0.9896
    660.0625        0.9873
    660.0698        0.9848
    660.0771        0.9844
    660.0845        0.9845
    660.0918        0.9846
    660.0991        0.9848
    660.1064        0.9817
    660.1137        0.9784
    660.1210        0.9753
    660.1283        0.9721
    660.1356        0.9691
    660.1429        0.9662
    660.1502        0.9632
    660.1576        0.9617
    660.1649        0.9673
    660.1722        0.9732
    660.1795        0.9790
    660.1868        0.9812
    660.1941        0.9741
    660.2014        0.9666
    660.2087        0.9590
    660.2160        0.9573
    660.2233        0.9646
    660.2306        0.9724
    660.2380        0.9801
    660.2453        0.9843
    660.2526        0.9848
    660.2599        0.9852
    660.2672        0.9856
    660.2745        0.9868
    660.2818        0.9885
    660.2891        0.9904
    660.2964        0.9922
    660.3037        0.9921
    660.3110        0.9913
    660.3184        0.9904
    660.3257        0.9896
    660.3330        0.9835
    660.3403        0.9759
    660.3476        0.9685
    660.3549        0.9606
    660.3622        0.9657
    660.3695        0.9724
    660.3768        0.9789
    660.3841        0.9855
    660.3915        0.9852
    660.3988        0.9846
    660.4061        0.9840
    660.4134        0.9838
    660.4207        0.9860
    660.4280        0.9882
    660.4353        0.9904
    660.4426        0.9917
    660.4499        0.9895
    660.4572        0.9871
    660.4645        0.9849
    660.4719        0.9824
    660.4792        0.9793
    660.4865        0.9764
    660.4938        0.9733
    660.5011        0.9749
    660.5084        0.9825
    660.5157        0.9901
    660.5230        0.9981
    660.5303        0.9968
    660.5376        0.9875
    660.5449        0.9781
    660.5523        0.9685
    660.5596        0.9682
    660.5669        0.9732
    660.5742        0.9782
    660.5815        0.9833
    660.5888        0.9851
    660.5961        0.9856
    660.6034        0.9862
    660.6107        0.9869
    660.6180        0.9850
    660.6253        0.9826
    660.6327        0.9802
    660.6400        0.9777
    660.6473        0.9799
    660.6546        0.9825
    660.6619        0.9849
    660.6692        0.9871
    660.6765        0.9849
    660.6838        0.9823
    660.6911        0.9799
    660.6984        0.9787
    660.7058        0.9830
    660.7131        0.9876
    660.7204        0.9922
    660.7277        0.9945
    660.7350        0.9910
    660.7423        0.9874
    660.7496        0.9837
    660.7569        0.9822
    660.7642        0.9837
    660.7715        0.9853
    660.7788        0.9870
    660.7862        0.9864
    660.7935        0.9835
    660.8008        0.9806
    660.8081        0.9776
    660.8154        0.9759
    660.8227        0.9750
    660.8300        0.9742
    660.8373        0.9732
    660.8446        0.9738
    660.8519        0.9750
    660.8592        0.9761
    660.8666        0.9775
    660.8739        0.9730
    660.8812        0.9671
    660.8885        0.9614
    660.8958        0.9554
    660.9031        0.9581
    660.9104        0.9616
    660.9177        0.9650
    660.9250        0.9678
    660.9323        0.9570
    660.9397        0.9455
    660.9470        0.9342
    660.9543        0.9258
    660.9616        0.9340
    660.9689        0.9432
    660.9762        0.9520
    660.9835        0.9596
    660.9908        0.9630
    660.9981        0.9663
    661.0054        0.9697
    661.0127        0.9747
    661.0201        0.9824
    661.0274        0.9900
    661.0347        0.9979
    661.0420        0.9970
    661.0493        0.9866
    661.0566        0.9759
    661.0639        0.9649
    661.0712        0.9634
    661.0785        0.9685
    661.0858        0.9737
    661.0931        0.9790
    661.1005        0.9817
    661.1078        0.9833
    661.1151        0.9849
    661.1224        0.9865
    661.1297        0.9871
    661.1370        0.9875
    661.1443        0.9878
    661.1516        0.9883
    661.1589        0.9809
    661.1662        0.9726
    661.1736        0.9644
    661.1809        0.9566
    661.1882        0.9614
    661.1955        0.9668
    661.2028        0.9721
    661.2101        0.9768
    661.2174        0.9775
    661.2247        0.9781
    661.2320        0.9787
    661.2393        0.9791
    661.2466        0.9788
    661.2540        0.9784
    661.2613        0.9780
    661.2686        0.9761
    661.2759        0.9712
    661.2832        0.9663
    661.2905        0.9612
    661.2978        0.9635
    661.3051        0.9736
    661.3124        0.9839
    661.3197        0.9944
    661.3270        0.9966
    661.3344        0.9930
    661.3417        0.9892
    661.3490        0.9856
    661.3563        0.9790
    661.3636        0.9711
    661.3709        0.9632
    661.3782        0.9550
    661.3855        0.9567
    661.3928        0.9610
    661.4001        0.9651
    661.4074        0.9695
    661.4148        0.9649
    661.4221        0.9593
    661.4294        0.9539
    661.4367        0.9485
    661.4440        0.9487
    661.4513        0.9491
    661.4586        0.9494
    661.4659        0.9521
    661.4732        0.9685
    661.4805        0.9856
    661.4879        1.0026
    661.4952        1.0129
    661.5025        1.0042
    661.5098        0.9948
    661.5171        0.9854
    661.5244        0.9813
    661.5317        0.9860
    661.5390        0.9910
    661.5463        0.9959
    661.5536        0.9973
    661.5609        0.9947
    661.5683        0.9920
    661.5756        0.9893
    661.5829        0.9883
    661.5902        0.9884
    661.5975        0.9886
    661.6048        0.9885
    661.6121        0.9932
    661.6194        0.9999
    661.6267        1.0065
    661.6340        1.0134
    661.6413        1.0135
    661.6487        1.0122
    661.6560        1.0109
    661.6633        1.0099
    661.6706        0.9995
    661.6779        0.9882
    661.6852        0.9772
    661.6925        0.9668
    661.6998        0.9698
    661.7071        0.9734
    661.7144        0.9769
    661.7218        0.9810
    661.7291        0.9882
    661.7364        0.9957
    661.7437        1.0031
    661.7510        1.0075
    661.7583        1.0044
    661.7656        1.0010
    661.7729        0.9977
    661.7802        0.9943
    661.7875        0.9909
    661.7948        0.9874
    661.8022        0.9839
    661.8095        0.9845
    661.8168        0.9889
    661.8241        0.9935
    661.8314        0.9982
    661.8387        0.9970
    661.8460        0.9924
    661.8533        0.9877
    661.8606        0.9829
    661.8679        0.9835
    661.8752        0.9861
    661.8826        0.9885
    661.8899        0.9912
    661.8972        0.9892
    661.9045        0.9863
    661.9118        0.9835
    661.9191        0.9806
    661.9264        0.9788
    661.9337        0.9769
    661.9410        0.9751
    661.9483        0.9732
    661.9557        0.9705
    661.9630        0.9677
    661.9703        0.9650
    661.9776        0.9635
    661.9849        0.9669
    661.9922        0.9706
    661.9995        0.9741
    662.0068        0.9759
    662.0141        0.9738
    662.0214        0.9716
    662.0287        0.9694
    662.0361        0.9723
    662.0434        0.9814
    662.0507        0.9908
    662.0580        1.0004
    662.0653        1.0045
    662.0726        1.0045
    662.0799        1.0043
    662.0872        1.0042
    662.0945        1.0013
    662.1018        0.9970
    662.1091        0.9926
    662.1165        0.9881
    662.1238        0.9867
    662.1311        0.9863
    662.1384        0.9857
    662.1457        0.9851
    662.1530        0.9874
    662.1603        0.9900
    662.1676        0.9925
    662.1749        0.9950
    662.1822        0.9931
    662.1895        0.9909
    662.1969        0.9889
    662.2042        0.9874
    662.2115        0.9898
    662.2188        0.9922
    662.2261        0.9947
    662.2334        0.9968
    662.2407        0.9974
    662.2480        0.9981
    662.2553        0.9988
    662.2626        0.9992
    662.2700        0.9991
    662.2773        0.9990
    662.2846        0.9990
    662.2919        0.9980
    662.2992        0.9964
    662.3065        0.9946
    662.3138        0.9929
    662.3211        0.9923
    662.3284        0.9923
    662.3357        0.9925
    662.3430        0.9927
    662.3504        0.9887
    662.3577        0.9832
    662.3650        0.9778
    662.3723        0.9719
    662.3796        0.9793
    662.3869        0.9892
    662.3942        0.9989
    662.4015        1.0090
    662.4088        1.0072
    662.4161        1.0048
    662.4234        1.0026
    662.4308        1.0006
    662.4381        1.0015
    662.4454        1.0024
    662.4527        1.0033
    662.4600        1.0033
    662.4673        0.9997
    662.4746        0.9960
    662.4819        0.9923
    662.4892        0.9917
    662.4965        0.9973
    662.5039        1.0031
    662.5112        1.0091
    662.5185        1.0102
    662.5258        1.0056
    662.5331        1.0008
    662.5404        0.9960
    662.5477        0.9951
    662.5550        0.9972
    662.5623        0.9992
    662.5696        1.0014
    662.5769        1.0009
    662.5843        0.9994
    662.5916        0.9979
    662.5989        0.9963
    662.6062        0.9959
    662.6135        0.9958
    662.6208        0.9957
    662.6281        0.9954
    662.6354        0.9988
    662.6427        1.0024
    662.6500        1.0060
    662.6573        1.0090
    662.6647        1.0009
    662.6720        0.9922
    662.6793        0.9837
    662.6866        0.9784
    662.6939        0.9886
    662.7012        0.9995
    662.7085        1.0103
    662.7158        1.0162
    662.7231        1.0110
    662.7304        1.0055
    662.7377        1.0000
    662.7451        0.9949
    662.7524        0.9902
    662.7597        0.9856
    662.7670        0.9808
    662.7743        0.9770
    662.7816        0.9738
    662.7889        0.9708
    662.7962        0.9674
    662.8035        0.9727
    662.8108        0.9824
    662.8182        0.9920
    662.8255        1.0018
    662.8328        1.0044
    662.8401        1.0049
    662.8474        1.0054
    662.8547        1.0059
    662.8620        1.0051
    662.8693        1.0039
    662.8766        1.0029
    662.8839        1.0017
    662.8912        0.9978
    662.8986        0.9938
    662.9059        0.9898
    662.9132        0.9866
    662.9205        0.9874
    662.9278        0.9883
    662.9351        0.9893
    662.9424        0.9898
    662.9497        0.9893
    662.9570        0.9887
    662.9643        0.9880
    662.9716        0.9906
    662.9790        0.9981
    662.9863        1.0055
    662.9936        1.0132
    663.0009        1.0137
    663.0082        1.0076
    663.0155        1.0013
    663.0228        0.9949
    663.0301        0.9935
    663.0374        0.9949
    663.0447        0.9962
    663.0521        0.9974
    663.0594        1.0021
    663.0667        1.0079
    663.0740        1.0134
    663.0813        1.0196
    663.0886        1.0119
    663.0959        1.0025
    663.1032        0.9932
    663.1105        0.9841
    663.1178        0.9888
    663.1251        0.9941
    663.1325        0.9993
    663.1398        1.0036
    663.1471        1.0030
    663.1544        1.0020
    663.1617        1.0012
    663.1690        0.9992
    663.1763        0.9943
    663.1836        0.9893
    663.1909        0.9842
    663.1982        0.9830
    663.2055        0.9876
    663.2129        0.9925
    663.2202        0.9974
    663.2275        0.9989
    663.2348        0.9972
    663.2421        0.9955
    663.2494        0.9938
    663.2567        0.9945
    663.2640        0.9965
    663.2713        0.9985
    663.2786        1.0003
    663.2860        1.0086
    663.2933        1.0190
    663.3006        1.0292
    663.3079        1.0399
    663.3152        1.0383
    663.3225        1.0351
    663.3298        1.0320
    663.3371        1.0290
    663.3444        1.0295
    663.3517        1.0304
    663.3590        1.0310
    663.3664        1.0308
    663.3737        1.0255
    663.3810        1.0199
    663.3883        1.0144
    663.3956        1.0100
    663.4029        1.0088
    663.4102        1.0077
    663.4175        1.0066
    663.4248        1.0022
    663.4321        0.9934
    663.4394        0.9845
    663.4468        0.9753
    663.4541        0.9745
    663.4614        0.9809
    663.4687        0.9876
    663.4760        0.9941
    663.4833        0.9988
    663.4906        1.0024
    663.4979        1.0058
    663.5052        1.0096
    663.5125        1.0085
    663.5198        1.0059
    663.5272        1.0035
    663.5345        1.0009
    663.5418        1.0001
    663.5491        0.9995
    663.5564        0.9989
    663.5637        0.9984
    663.5710        1.0028
    663.5783        1.0075
    663.5856        1.0121
    663.5929        1.0156
    663.6003        1.0131
    663.6076        1.0103
    663.6149        1.0075
    663.6222        1.0053
    663.6295        1.0043
    663.6368        1.0033
    663.6441        1.0023
    663.6514        0.9992
    663.6587        0.9934
    663.6660        0.9874
    663.6733        0.9813
    663.6807        0.9816
    663.6880        0.9870
    663.6953        0.9925
    663.7026        0.9982
    663.7099        0.9981
    663.7172        0.9951
    663.7245        0.9922
    663.7318        0.9892
    663.7391        0.9900
    663.7464        0.9918
    663.7537        0.9936
    663.7611        0.9953
    663.7684        0.9968
    663.7757        0.9982
    663.7830        0.9996
    663.7903        1.0011
    663.7976        1.0055
    663.8049        1.0101
    663.8122        1.0145
    663.8195        1.0196
    663.8268        1.0271
    663.8342        1.0347
    663.8415        1.0424
    663.8488        1.0464
    663.8561        1.0429
    663.8634        1.0392
    663.8707        1.0357
    663.8780        1.0272
    663.8853        1.0129
    663.8926        0.9985
    663.8999        0.9840
    663.9072        0.9752
    663.9146        0.9703
    663.9219        0.9656
    663.9292        0.9605
    663.9365        0.9654
    663.9438        0.9743
    663.9511        0.9831
    663.9584        0.9922
    663.9657        0.9963
    663.9730        0.9994
    663.9803        1.0027
    663.9876        1.0059
    663.9950        1.0081
    664.0023        1.0101
    664.0096        1.0121
    664.0169        1.0128
    664.0242        1.0026
    664.0315        0.9918
    664.0388        0.9812
    664.0461        0.9740
    664.0534        0.9778
    664.0607        0.9820
    664.0681        0.9862
    664.0754        0.9916
    664.0827        0.9993
    664.0900        1.0070
    664.0973        1.0148
    664.1046        1.0186
    664.1119        1.0182
    664.1192        1.0178
    664.1265        1.0173
    664.1338        1.0199
    664.1411        1.0241
    664.1485        1.0283
    664.1558        1.0328
    664.1631        1.0301
    664.1704        1.0250
    664.1777        1.0200
    664.1850        1.0147
    664.1923        1.0166
    664.1996        1.0195
    664.2069        1.0222
    664.2142        1.0249
    664.2215        1.0236
    664.2289        1.0221
    664.2362        1.0206
    664.2435        1.0196
    664.2508        1.0208
    664.2581        1.0219
    664.2654        1.0232
    664.2727        1.0232
    664.2800        1.0206
    664.2873        1.0179
    664.2946        1.0151
    664.3019        1.0176
    664.3093        1.0270
    664.3166        1.0367
    664.3239        1.0467
    664.3312        1.0458
    664.3385        1.0367
    664.3458        1.0274
    664.3531        1.0180
    664.3604        1.0122
    664.3677        1.0081
    664.3750        1.0040
    664.3824        0.9999
    664.3897        0.9974
    664.3970        0.9954
    664.4043        0.9933
    664.4116        0.9912
    664.4189        0.9919
    664.4262        0.9927
    664.4335        0.9935
    664.4408        0.9946
    664.4481        0.9983
    664.4554        1.0021
    664.4628        1.0059
    664.4701        1.0076
    664.4774        1.0025
    664.4847        0.9971
    664.4920        0.9917
    664.4993        0.9903
    664.5066        0.9957
    664.5139        1.0014
    664.5212        1.0071
    664.5285        1.0091
    664.5358        1.0074
    664.5432        1.0056
    664.5505        1.0038
    664.5578        1.0038
    664.5651        1.0050
    664.5724        1.0063
    664.5797        1.0077
    664.5870        1.0042
    664.5943        0.9994
    664.6016        0.9946
    664.6089        0.9893
    664.6163        0.9956
    664.6236        1.0032
    664.6309        1.0108
    664.6382        1.0180
    664.6455        1.0143
    664.6528        1.0099
    664.6601        1.0059
    664.6674        1.0034
    664.6747        1.0097
    664.6820        1.0162
    664.6893        1.0228
    664.6967        1.0275
    664.7040        1.0278
    664.7113        1.0281
    664.7186        1.0284
    664.7259        1.0272
    664.7332        1.0241
    664.7405        1.0211
    664.7478        1.0179
    664.7551        1.0156
    664.7624        1.0140
    664.7697        1.0122
    664.7771        1.0105
    664.7844        1.0086
    664.7917        1.0066
    664.7990        1.0047
    664.8063        1.0024
    664.8136        1.0097
    664.8209        1.0188
    664.8282        1.0277
    664.8355        1.0369
    664.8428        1.0269
    664.8501        1.0160
    664.8575        1.0053
    664.8648        0.9969
    664.8721        1.0042
    664.8794        1.0122
    664.8867        1.0201
    664.8940        1.0260
    664.9013        1.0264
    664.9086        1.0265
    664.9159        1.0267
    664.9232        1.0260
    664.9306        1.0237
    664.9379        1.0215
    664.9452        1.0191
    664.9525        1.0220
    664.9598        1.0294
    664.9671        1.0369
    664.9744        1.0446
    664.9817        1.0458
    664.9890        1.0439
    664.9963        1.0420
    665.0036        1.0402
    665.0110        1.0357
    665.0183        1.0305
    665.0256        1.0254
    665.0329        1.0202
    665.0402        1.0194
    665.0475        1.0189
    665.0548        1.0185
    665.0621        1.0180
    665.0694        1.0177
    665.0767        1.0173
    665.0840        1.0169
    665.0914        1.0167
    665.0987        1.0166
    665.1060        1.0166
    665.1133        1.0166
    665.1206        1.0170
    665.1279        1.0179
    665.1352        1.0188
    665.1425        1.0197
    665.1498        1.0229
    665.1571        1.0285
    665.1645        1.0340
    665.1718        1.0398
    665.1791        1.0404
    665.1864        1.0382
    665.1937        1.0361
    665.2010        1.0339
    665.2083        1.0345
    665.2156        1.0360
    665.2229        1.0375
    665.2302        1.0390
    665.2375        1.0419
    665.2449        1.0450
    665.2522        1.0480
    665.2595        1.0511
    665.2668        1.0542
    665.2741        1.0573
    665.2814        1.0608
    665.2887        1.0268
