    653.2260        0.9361
    653.2454        0.9160
    653.2649        0.9715
    653.2843        1.0415
    653.3037        1.0676
    653.3232        1.0371
    653.3426        1.0408
    653.3621        1.0608
    653.3815        1.0254
    653.4010        0.9853
    653.4204        0.9701
    653.4398        0.9752
    653.4593        0.9941
    653.4787        1.0174
    653.4982        1.0341
    653.5176        1.0369
    653.5370        1.0216
    653.5565        1.0002
    653.5759        1.0201
    653.5954        1.0509
    653.6148        1.0354
    653.6343        1.0179
    653.6537        1.0098
    653.6731        0.9956
    653.6926        0.9898
    653.7120        1.0043
    653.7315        1.0321
    653.7509        1.0338
    653.7704        1.0169
    653.7898        1.0158
    653.8092        1.0316
    653.8287        1.0355
    653.8481        1.0114
    653.8676        1.0201
    653.8870        1.0548
    653.9064        1.0649
    653.9259        1.0406
    653.9453        1.0174
    653.9648        1.0280
    653.9842        1.0298
    654.0037        1.0193
    654.0231        1.0135
    654.0425        0.9927
    654.0620        0.9880
    654.0814        1.0279
    654.1009        1.0378
    654.1203        1.0234
    654.1398        1.0296
    654.1592        1.0326
    654.1786        1.0192
    654.1981        0.9943
    654.2175        0.9740
    654.2370        0.9723
    654.2564        0.9900
    654.2758        1.0029
    654.2953        1.0143
    654.3147        1.0295
    654.3342        1.0107
    654.3536        0.9589
    654.3731        0.9005
    654.3925        0.8559
    654.4119        0.8634
    654.4314        0.9324
    654.4508        0.9814
    654.4703        0.9929
    654.4897        0.9935
    654.5091        0.9975
    654.5286        0.9969
    654.5480        0.9814
    654.5675        0.9645
    654.5869        0.9563
    654.6064        0.9585
    654.6258        0.9648
    654.6452        0.9811
    654.6647        1.0026
    654.6841        0.9904
    654.7036        0.9814
    654.7230        1.0049
    654.7425        0.9863
    654.7619        0.9359
    654.7813        0.9097
    654.8008        0.9327
    654.8202        0.9399
    654.8397        0.8831
    654.8591        0.8413
    654.8785        0.8581
    654.8980        0.9170
    654.9174        0.9469
    654.9369        0.9573
    654.9563        0.9725
    654.9758        0.9638
    654.9952        0.9570
    655.0146        0.9709
    655.0341        0.9605
    655.0535        0.9475
    655.0730        0.9567
    655.0924        0.9549
    655.1119        0.9508
    655.1313        0.9589
    655.1507        0.9609
    655.1702        0.9332
    655.1896        0.8874
    655.2091        0.8835
    655.2285        0.8693
    655.2479        0.8116
    655.2674        0.7935
    655.2868        0.8384
    655.3063        0.9057
    655.3257        0.9153
    655.3452        0.8846
    655.3646        0.8587
    655.3840        0.8539
    655.4035        0.8712
    655.4229        0.8917
    655.4424        0.8828
    655.4618        0.8736
    655.4812        0.8818
    655.5007        0.8768
    655.5201        0.8718
    655.5396        0.8824
    655.5590        0.8978
    655.5785        0.8902
    655.5979        0.8684
    655.6173        0.8862
    655.6368        0.9156
    655.6562        0.9171
    655.6757        0.8826
    655.6951        0.8251
    655.7146        0.7886
    655.7340        0.8281
    655.7534        0.8808
    655.7729        0.8961
    655.7923        0.8916
    655.8118        0.8849
    655.8312        0.8880
    655.8506        0.9029
    655.8701        0.9104
    655.8895        0.9098
    655.9090        0.9223
    655.9284        0.9348
    655.9479        0.9360
    655.9673        0.9296
    655.9867        0.9156
    656.0062        0.8916
    656.0256        0.8566
    656.0451        0.8222
    656.0645        0.8041
    656.0840        0.8116
    656.1034        0.8263
    656.1228        0.8270
    656.1423        0.8065
    656.1617        0.7910
    656.1812        0.7813
    656.2006        0.7549
    656.2200        0.7302
    656.2395        0.7112
    656.2589        0.6849
    656.2784        0.6604
    656.2978        0.6455
    656.3173        0.6385
    656.3367        0.6263
    656.3561        0.6198
    656.3756        0.6352
    656.3950        0.6305
    656.4145        0.6241
    656.4339        0.6631
    656.4533        0.6934
    656.4728        0.7148
    656.4922        0.7629
    656.5117        0.7992
    656.5311        0.8175
    656.5506        0.8366
    656.5700        0.8449
    656.5894        0.8472
    656.6089        0.8583
    656.6283        0.8746
    656.6478        0.8841
    656.6672        0.8831
    656.6867        0.8982
    656.7061        0.9183
    656.7255        0.9232
    656.7450        0.9375
    656.7644        0.9369
    656.7839        0.9009
    656.8033        0.8953
    656.8227        0.9046
    656.8422        0.8878
    656.8616        0.8769
    656.8811        0.8795
    656.9005        0.8810
    656.9200        0.8648
    656.9394        0.8534
    656.9588        0.8623
    656.9783        0.8535
    656.9977        0.8372
    657.0172        0.8420
    657.0366        0.8690
    657.0561        0.8652
    657.0755        0.8309
    657.0949        0.8844
    657.1144        0.9300
    657.1338        0.8817
    657.1533        0.8483
    657.1727        0.8500
    657.1921        0.8514
    657.2116        0.8219
    657.2310        0.8263
    657.2505        0.8868
    657.2699        0.9097
    657.2894        0.9039
    657.3088        0.9047
    657.3282        0.9146
    657.3477        0.9165
    657.3671        0.9095
    657.3866        0.9175
    657.4060        0.9233
    657.4254        0.9262
    657.4449        0.9446
    657.4643        0.8762
    657.4838        0.7556
    657.5032        0.7853
    657.5227        0.8756
    657.5421        0.9202
    657.5615        0.9214
    657.5810        0.9372
    657.6004        0.9710
    657.6199        0.9652
    657.6393        0.9378
    657.6588        0.9227
    657.6782        0.9375
    657.6976        0.9611
    657.7171        0.9704
    657.7365        0.9580
    657.7560        0.9466
    657.7754        0.9473
    657.7948        0.9540
    657.8143        0.9652
    657.8337        0.9821
    657.8532        1.0003
    657.8726        0.9945
    657.8921        0.9688
    657.9115        0.9517
    657.9309        0.9538
    657.9504        0.9628
    657.9698        0.9656
    657.9893        0.9887
    658.0087        1.0032
    658.0282        0.9675
    658.0476        0.9314
    658.0670        0.9182
    658.0865        0.9234
    658.1059        0.9474
    658.1254        0.9730
    658.1448        0.9853
    658.1642        1.0007
    658.1837        1.0090
    658.2031        0.9983
    658.2226        0.9929
    658.2420        0.9863
    658.2615        0.9699
    658.2809        0.9693
    658.3003        0.9725
    658.3198        0.9560
    658.3392        0.9240
    658.3587        0.9272
    658.3781        0.9776
    658.3975        0.9910
    658.4170        0.9848
    658.4364        0.9943
    658.4559        0.9978
    658.4753        0.9962
    658.4948        0.9968
    658.5142        0.9963
    658.5336        0.9849
    658.5531        0.9674
    658.5725        0.9678
    658.5920        0.9807
    658.6114        0.9862
    658.6309        0.9703
    658.6503        0.9702
    658.6697        0.9891
    658.6892        0.9791
    658.7086        0.9675
    658.7281        0.9721
    658.7475        0.9765
    658.7669        1.0030
    658.7864        1.0331
    658.8058        1.0143
    658.8253        0.9985
    658.8447        1.0053
    658.8642        1.0021
    658.8836        1.0023
    658.9030        1.0050
    658.9225        0.9948
    658.9419        0.9926
    658.9614        1.0080
    658.9808        1.0275
    659.0003        1.0234
    659.0197        0.9986
    659.0391        0.9857
    659.0586        1.0164
    659.0780        1.0401
    659.0975        0.9987
    659.1169        0.9869
    659.1363        1.0125
    659.1558        1.0230
    659.1752        1.0228
    659.1947        1.0195
    659.2141        1.0128
    659.2336        0.9966
    659.2530        0.9929
    659.2724        1.0133
    659.2919        1.0145
    659.3113        1.0140
    659.3308        1.0318
    659.3502        1.0213
    659.3696        0.9945
    659.3891        0.9836
    659.4085        0.9898
    659.4280        0.9914
    659.4474        0.9831
    659.4669        0.9961
    659.4863        1.0037
    659.5057        0.9918
    659.5252        0.9994
    659.5446        1.0045
    659.5641        0.9968
    659.5835        1.0117
    659.6030        1.0309
    659.6224        1.0307
    659.6418        1.0125
    659.6613        0.9943
    659.6807        0.9946
    659.7002        1.0180
    659.7196        1.0281
    659.7390        1.0162
    659.7585        1.0127
    659.7779        1.0236
    659.7974        1.0321
    659.8168        1.0186
    659.8363        1.0134
    659.8557        1.0220
    659.8751        1.0183
    659.8946        0.9937
    659.9140        0.9673
    659.9335        0.9666
    659.9529        0.9774
    659.9724        0.9914
    659.9918        1.0093
    660.0112        1.0205
    660.0307        1.0045
    660.0501        0.9684
    660.0696        0.9975
    660.0890        1.0382
    660.1084        1.0080
    660.1279        0.9982
    660.1473        1.0160
    660.1668        1.0144
    660.1862        0.9847
    660.2057        0.9685
    660.2251        0.9931
    660.2445        1.0099
    660.2640        1.0057
    660.2834        0.9904
    660.3029        0.9755
    660.3223        0.9853
    660.3417        1.0134
    660.3612        1.0049
    660.3806        0.9914
    660.4001        1.0051
    660.4195        1.0214
    660.4390        1.0217
    660.4584        1.0071
    660.4778        0.9962
    660.4973        0.9807
    660.5167        0.9595
    660.5362        0.9477
    660.5556        0.9397
    660.5751        0.9346
    660.5945        0.9429
    660.6139        0.9669
    660.6334        0.9988
    660.6528        1.0252
    660.6723        1.0443
    660.6917        1.0444
    660.7111        1.0156
    660.7306        0.9948
    660.7500        0.9943
    660.7695        0.9985
    660.7889        1.0018
    660.8084        1.0093
    660.8278        1.0223
    660.8472        1.0153
    660.8667        0.9999
    660.8861        1.0019
    660.9056        1.0064
    660.9250        1.0006
    660.9444        0.9884
    660.9639        0.9944
    660.9833        1.0081
    661.0028        1.0087
    661.0222        1.0005
    661.0417        0.9952
    661.0611        1.0001
    661.0805        1.0086
    661.1000        1.0087
    661.1194        1.0022
    661.1389        1.0107
    661.1583        1.0185
    661.1778        1.0108
    661.1972        0.9983
    661.2166        0.9889
    661.2361        0.9848
    661.2555        0.9839
    661.2750        0.9896
    661.2944        1.0047
    661.3138        1.0251
    661.3333        1.0235
    661.3527        1.0020
    661.3722        0.9955
    661.3916        1.0111
    661.4111        1.0252
    661.4305        1.0087
    661.4499        0.9982
    661.4694        1.0077
    661.4888        1.0195
    661.5083        1.0240
    661.5277        1.0175
    661.5472        1.0019
    661.5666        0.9856
    661.5860        0.9900
    661.6055        1.0221
    661.6249        1.0335
    661.6444        1.0027
    661.6638        0.9535
    661.6832        0.9515
    661.7027        0.9833
    661.7221        1.0036
    661.7416        1.0051
    661.7610        0.9974
    661.7805        0.9971
    661.7999        1.0154
    661.8193        1.0181
    661.8388        0.9957
    661.8582        1.0003
    661.8777        1.0008
    661.8971        0.9778
    661.9166        0.9769
    661.9360        1.0103
    661.9554        1.0390
    661.9749        1.0029
    661.9943        0.9837
    662.0138        1.0039
    662.0332        0.9929
    662.0526        1.0027
    662.0721        1.0282
    662.0915        1.0033
    662.1110        1.0009
    662.1304        1.0154
    662.1499        0.9797
    662.1693        0.9754
    662.1887        1.0073
    662.2082        1.0149
    662.2276        1.0158
    662.2471        1.0119
    662.2665        0.9939
    662.2859        0.9832
    662.3054        0.9730
    662.3248        0.9556
    662.3443        0.9662
    662.3637        0.9871
    662.3832        0.9923
    662.4026        1.0045
    662.4220        1.0047
    662.4415        0.9808
    662.4609        0.9742
    662.4804        0.9888
    662.4998        1.0044
    662.5193        1.0010
    662.5387        1.0054
    662.5581        1.0264
    662.5776        1.0281
    662.5970        1.0154
    662.6165        0.9930
    662.6359        0.9593
    662.6553        0.9782
    662.6748        1.0271
    662.6942        1.0063
    662.7137        0.9933
    662.7331        1.0131
    662.7526        1.0097
    662.7720        0.9995
    662.7914        0.9880
    662.8109        0.9687
    662.8303        0.9744
    662.8498        0.9932
    662.8692        0.9932
    662.8886        0.9999
    662.9081        1.0037
    662.9275        0.9885
    662.9470        0.9924
    662.9664        1.0145
    662.9859        1.0242
    663.0053        0.9958
    663.0247        0.9662
    663.0442        0.9745
    663.0636        0.9999
    663.0831        1.0014
    663.1025        0.9714
    663.1220        0.9607
    663.1414        0.9800
    663.1608        1.0102
    663.1803        1.0201
    663.1997        1.0013
    663.2192        0.9785
    663.2386        0.9914
    663.2580        1.0023
    663.2775        0.9916
    663.2969        0.9845
    663.3164        0.9980
    663.3358        1.0163
    663.3553        1.0068
    663.3747        0.9854
    663.3941        0.9749
    663.4136        0.9837
    663.4330        0.9880
    663.4525        1.0130
    663.4719        1.0798
    663.4914        1.0931
    663.5108        1.0408
    663.5302        0.9844
    663.5497        0.9875
    663.5691        1.0211
    663.5886        1.0273
    663.6080        1.0040
    663.6274        0.9952
    663.6469        1.0163
    663.6663        1.0097
    663.6858        0.9952
    663.7052        0.9970
    663.7247        0.9957
    663.7441        1.0072
    663.7635        1.0102
    663.7830        0.9465
    663.8024        0.9241
    663.8219        0.9810
    663.8413        1.0214
    663.8608        1.0065
    663.8802        0.9728
    663.8996        0.9853
    663.9191        0.9989
    663.9385        0.9878
    663.9580        0.9759
    663.9774        1.0058
    663.9968        1.0330
    664.0163        0.9986
    664.0357        0.9915
    664.0552        1.0041
    664.0746        0.9860
    664.0941        0.9769
    664.1135        0.9891
    664.1329        1.0077
    664.1524        1.0137
    664.1718        1.0112
    664.1913        1.0033
    664.2107        0.9811
    664.2301        1.0079
    664.2496        1.0690
    664.2690        1.0237
    664.2885        0.9786
    664.3079        1.0009
    664.3274        1.0004
    664.3468        1.0013
    664.3662        1.0114
    664.3857        0.9952
    664.4051        1.0008
    664.4246        1.0210
    664.4440        1.0020
    664.4635        1.0028
    664.4829        1.0230
    664.5023        1.0132
    664.5218        1.0018
    664.5412        1.0061
    664.5607        1.0172
    664.5801        1.0113
    664.5995        0.9866
    664.6190        0.9667
    664.6384        0.9887
    664.6579        1.0119
    664.6773        0.9997
    664.6968        1.0004
    664.7162        1.0131
    664.7356        1.0159
    664.7551        1.0025
    664.7745        0.9882
    664.7940        0.9905
    664.8134        1.0118
    664.8329        1.0222
    664.8523        1.0147
    664.8717        1.0111
    664.8912        0.9784
    664.9106        0.9534
    664.9301        1.0131
    664.9495        1.0398
    664.9689        1.0076
    664.9884        0.9938
    665.0078        0.9980
    665.0273        0.9927
    665.0467        0.9648
    665.0662        0.9591
    665.0856        0.9815
    665.1050        1.0062
    665.1245        1.0129
    665.1439        0.9968
    665.1634        0.9747
    665.1828        0.9811
    665.2022        0.9945
    665.2217        0.9889
    665.2411        0.9784
    665.2606        0.9795
    665.2800        1.0035
    665.2995        1.0451
    665.3189        1.0416
    665.3383        0.9938
    665.3578        0.9835
    665.3772        0.9947
    665.3967        0.9999
    665.4161        0.9973
    665.4356        1.0035
    665.4550        1.0081
    665.4744        0.9893
    665.4939        0.9804
    665.5133        0.9889
    665.5328        0.9960
    665.5522        0.9927
    665.5716        0.9930
    665.5911        1.0020
    665.6105        0.9797
    665.6300        0.9705
    665.6494        1.0048
    665.6689        1.0002
    665.6883        0.9840
    665.7077        0.9932
    665.7272        0.9918
    665.7466        0.9881
    665.7661        0.9946
    665.7855        1.0025
    665.8050        1.0059
    665.8244        1.0022
    665.8438        0.9954
    665.8633        1.0101
    665.8827        1.0346
    665.9022        1.0285
    665.9216        0.9993
    665.9410        0.9679
    665.9605        0.9601
    665.9799        1.0066
    665.9994        1.0447
    666.0188        1.0061
    666.0383        0.9769
    666.0577        0.9699
    666.0771        0.9632
    666.0966        0.9851
    666.1160        1.0073
    666.1355        1.0052
    666.1549        1.0133
    666.1743        1.0111
    666.1938        0.9928
    666.2132        1.0016
    666.2327        1.0019
    666.2521        0.9809
    666.2716        0.9828
    666.2910        0.9899
    666.3104        0.9962
    666.3299        1.0189
    666.3493        1.0346
    666.3688        1.0336
    666.3882        1.0223
    666.4077        0.9891
    666.4271        0.9654
    666.4465        0.9853
    666.4660        0.9976
    666.4854        0.9912
    666.5049        0.9814
    666.5243        0.9643
    666.5437        0.9577
    666.5632        0.9741
    666.5826        0.9912
    666.6021        0.9859
    666.6215        0.9619
    666.6410        0.9571
    666.6604        0.9747
    666.6798        0.9961
    666.6993        0.9999
    666.7187        0.9943
    666.7382        0.9874
    666.7576        0.9790
    666.7771        0.9757
    666.7965        0.9861
    666.8159        1.0086
    666.8354        1.0096
    666.8548        0.9954
    666.8743        0.9959
    666.8937        1.0054
    666.9131        1.0114
    666.9326        1.0067
    666.9520        0.9964
    666.9715        0.9848
    666.9909        0.9766
    667.0104        0.9799
    667.0298        0.9915
    667.0492        1.0036
    667.0687        1.0081
    667.0881        0.9934
    667.1076        0.9716
    667.1270        0.9752
    667.1464        0.9797
    667.1659        0.9781
    667.1853        0.9916
    667.2048        0.9985
    667.2242        1.0077
    667.2437        1.0391
    667.2631        1.0313
    667.2825        0.9908
    667.3020        0.9691
    667.3214        0.9638
    667.3409        0.9778
    667.3603        1.0009
    667.3798        0.9842
    667.3992        0.9799
    667.4186        1.0163
    667.4381        0.9973
    667.4575        0.9660
    667.4770        0.9745
    667.4964        0.9887
    667.5158        0.9899
    667.5353        0.9747
    667.5547        0.9549
    667.5742        0.9666
    667.5936        0.9991
    667.6131        1.0003
    667.6325        0.9751
    667.6519        0.9607
    667.6714        0.9834
    667.6908        0.9940
    667.7103        0.9806
    667.7297        0.9686
    667.7492        0.9799
    667.7686        0.9913
    667.7880        0.9794
    667.8075        0.9724
    667.8269        0.9861
    667.8464        1.0002
    667.8658        0.9702
    667.8852        0.9746
    667.9047        1.0257
    667.9241        1.0078
    667.9436        0.9795
    667.9630        0.9890
    667.9825        1.0044
    668.0019        0.9999
    668.0213        0.9787
    668.0408        0.9679
    668.0602        0.9862
    668.0797        0.9928
    668.0991        0.9544
    668.1185        0.9695
    668.1380        1.0089
    668.1574        0.9994
    668.1769        0.9816
    668.1963        0.9793
    668.2158        0.9890
    668.2352        0.9902
    668.2546        0.9770
    668.2741        0.9631
    668.2935        0.9718
    668.3130        0.9785
    668.3324        0.9793
    668.3519        1.0004
    668.3713        0.9992
    668.3907        0.9776
    668.4102        0.9839
    668.4296        1.0013
    668.4491        1.0136
    668.4685        1.0162
    668.4879        1.0019
    668.5074        0.9905
    668.5268        0.9946
    668.5463        0.9749
    668.5657        0.9733
    668.5852        1.0086
    668.6046        0.9832
    668.6240        0.9577
    668.6435        0.9807
    668.6629        0.9814
    668.6824        0.9865
    668.7018        1.0031
    668.7213        0.9826
    668.7407        0.9658
    668.7601        0.9725
    668.7796        0.9794
    668.7990        0.9889
    668.8185        0.9909
    668.8379        0.9780
    668.8573        0.9920
    668.8768        1.0099
    668.8962        0.9925
    668.9157        0.9802
    668.9351        0.9746
    668.9546        0.9685
    668.9740        0.9839
    668.9934        0.9758
    669.0129        0.9407
    669.0323        0.9646
    669.0518        0.9966
    669.0712        0.9905
    669.0906        0.9730
    669.1101        0.9732
    669.1295        0.9892
    669.1490        0.9964
    669.1684        0.9993
    669.1879        0.9904
    669.2073        0.9642
    669.2267        0.9619
    669.2462        0.9787
    669.2656        0.9860
    669.2851        0.9866
    669.3045        0.9862
    669.3240        0.9750
    669.3434        0.9307
    669.3628        0.9308
    669.3823        0.9953
    669.4017        1.0129
    669.4212        1.0007
    669.4406        0.9929
    669.4600        0.9864
    669.4795        0.9840
    669.4989        0.9813
    669.5184        0.9719
    669.5378        0.9744
    669.5573        0.9864
    669.5767        0.9897
    669.5961        0.9841
    669.6156        0.9807
    669.6350        0.9843
    669.6545        0.9793
    669.6739        0.9923
    669.6934        1.0249
    669.7128        1.0084
    669.7322        0.9725
    669.7517        0.9627
    669.7711        0.9762
    669.7906        0.9773
    669.8100        0.9638
    669.8294        0.9701
    669.8489        0.9755
    669.8683        0.9718
    669.8878        0.9721
    669.9072        0.9788
    669.9267        0.9997
    669.9461        1.0265
    669.9655        1.0024
    669.9850        0.9649
    670.0044        0.9742
    670.0239        1.0078
    670.0433        1.0248
    670.0627        1.0027
    670.0822        0.9602
    670.1016        0.9425
    670.1211        0.9627
    670.1405        0.9832
    670.1600        0.9791
    670.1794        0.9680
    670.1988        0.9853
    670.2183        0.9909
    670.2377        0.9827
    670.2572        0.9908
    670.2766        1.0028
    670.2961        1.0002
    670.3155        0.9809
    670.3349        0.9733
    670.3544        0.9785
    670.3738        0.9866
    670.3933        0.9983
    670.4127        1.0108
    670.4321        1.0104
    670.4516        0.9835
    670.4710        0.9794
    670.4905        1.0047
    670.5099        1.0069
    670.5294        1.0009
    670.5488        0.9963
    670.5682        0.9813
    670.5877        0.9508
    670.6071        0.9519
    670.6266        1.0104
    670.6460        1.0161
    670.6654        0.9872
    670.6849        0.9807
    670.7043        0.9622
    670.7238        0.9595
    670.7432        0.9836
    670.7627        0.9808
    670.7821        0.9926
    670.8015        1.0197
    670.8210        0.9931
    670.8404        0.9644
    670.8599        0.9780
    670.8793        1.0187
    670.8988        1.0202
    670.9182        0.9925
    670.9376        0.9844
    670.9571        0.9666
    670.9765        0.9501
    670.9960        0.9576
    671.0154        0.9655
    671.0348        0.9677
    671.0543        0.9666
    671.0737        0.9628
    671.0932        0.9784
    671.1126        1.0020
    671.1321        0.9880
    671.1515        0.9885
    671.1709        1.0105
    671.1904        0.9998
    671.2098        0.9724
    671.2293        0.9672
    671.2487        0.9977
    671.2682        0.9978
    671.2876        0.9855
    671.3070        0.9991
    671.3265        0.9871
    671.3459        0.9710
    671.3654        0.9766
    671.3848        0.9703
    671.4042        0.9773
    671.4237        0.9983
    671.4431        0.9805
    671.4626        0.9561
    671.4820        0.9596
    671.5015        0.9855
    671.5209        0.9871
    671.5403        0.9768
    671.5598        0.9908
