    649.9464        1.0162
    649.9537        1.0138
    649.9610        1.0132
    649.9683        1.0142
    649.9756        1.0152
    649.9829        1.0163
    649.9903        1.0164
    649.9976        1.0159
    650.0049        1.0154
    650.0122        1.0148
    650.0195        1.0160
    650.0268        1.0182
    650.0341        1.0203
    650.0414        1.0226
    650.0487        1.0207
    650.0560        1.0162
    650.0633        1.0118
    650.0707        1.0071
    650.0780        1.0052
    650.0853        1.0050
    650.0926        1.0049
    650.0999        1.0048
    650.1072        1.0061
    650.1145        1.0077
    650.1218        1.0092
    650.1291        1.0108
    650.1364        1.0104
    650.1438        1.0091
    650.1511        1.0079
    650.1584        1.0067
    650.1657        1.0056
    650.1730        1.0043
    650.1803        1.0031
    650.1876        1.0018
    650.1949        1.0020
    650.2022        1.0032
    650.2095        1.0043
    650.2168        1.0055
    650.2242        1.0042
    650.2315        1.0019
    650.2388        0.9996
    650.2461        0.9971
    650.2534        0.9964
    650.2607        0.9961
    650.2680        0.9957
    650.2753        0.9955
    650.2826        0.9963
    650.2899        0.9972
    650.2972        0.9981
    650.3046        0.9991
    650.3119        0.9997
    650.3192        1.0002
    650.3265        1.0007
    650.3338        1.0013
    650.3411        0.9984
    650.3484        0.9950
    650.3557        0.9916
    650.3630        0.9882
    650.3703        0.9874
    650.3777        0.9868
    650.3850        0.9862
    650.3923        0.9856
    650.3996        0.9852
    650.4069        0.9847
    650.4142        0.9844
    650.4215        0.9839
    650.4288        0.9866
    650.4361        0.9894
    650.4434        0.9922
    650.4507        0.9951
    650.4581        0.9966
    650.4654        0.9980
    650.4727        0.9994
    650.4800        1.0008
    650.4873        1.0022
    650.4946        1.0034
    650.5019        1.0046
    650.5092        1.0058
    650.5165        1.0068
    650.5238        1.0078
    650.5311        1.0088
    650.5385        1.0096
    650.5458        1.0088
    650.5531        1.0082
    650.5604        1.0075
    650.5677        1.0066
    650.5750        1.0018
    650.5823        0.9966
    650.5896        0.9914
    650.5969        0.9871
    650.6042        0.9881
    650.6116        0.9896
    650.6189        0.9909
    650.6262        0.9925
    650.6335        0.9954
    650.6408        0.9983
    650.6481        1.0013
    650.6554        1.0037
    650.6627        1.0035
    650.6700        1.0031
    650.6773        1.0028
    650.6846        1.0019
    650.6920        0.9997
    650.6993        0.9973
    650.7066        0.9951
    650.7139        0.9937
    650.7212        0.9943
    650.7285        0.9950
    650.7358        0.9956
    650.7431        0.9955
    650.7504        0.9936
    650.7577        0.9917
    650.7650        0.9898
    650.7724        0.9886
    650.7797        0.9888
    650.7870        0.9891
    650.7943        0.9893
    650.8016        0.9898
    650.8089        0.9910
    650.8162        0.9921
    650.8235        0.9934
    650.8308        0.9907
    650.8381        0.9813
    650.8454        0.9717
    650.8528        0.9620
    650.8601        0.9585
    650.8674        0.9639
    650.8747        0.9696
    650.8820        0.9752
    650.8893        0.9808
    650.8966        0.9861
    650.9039        0.9913
    650.9112        0.9967
    650.9185        0.9997
    650.9259        1.0001
    650.9332        1.0004
    650.9405        1.0005
    650.9478        1.0011
    650.9551        1.0026
    650.9624        1.0041
    650.9697        1.0056
    650.9770        1.0066
    650.9843        1.0070
    650.9916        1.0072
    650.9989        1.0075
    651.0063        1.0086
    651.0136        1.0102
    651.0209        1.0118
    651.0282        1.0133
    651.0355        1.0121
    651.0428        1.0092
    651.0501        1.0065
    651.0574        1.0036
    651.0647        1.0041
    651.0720        1.0065
    651.0793        1.0090
    651.0867        1.0115
    651.0940        1.0137
    651.1013        1.0159
    651.1086        1.0180
    651.1159        1.0202
    651.1232        1.0212
    651.1305        1.0214
    651.1378        1.0217
    651.1451        1.0219
    651.1524        1.0211
    651.1598        1.0201
    651.1671        1.0189
    651.1744        1.0179
    651.1817        1.0134
    651.1890        1.0076
    651.1963        1.0019
    651.2036        0.9959
    651.2109        1.0005
    651.2182        1.0081
    651.2255        1.0156
    651.2328        1.0233
    651.2402        1.0278
    651.2475        1.0313
    651.2548        1.0348
    651.2621        1.0383
    651.2694        1.0379
    651.2767        1.0373
    651.2840        1.0367
    651.2913        1.0362
    651.2986        1.0383
    651.3059        1.0405
    651.3132        1.0428
    651.3206        1.0450
    651.3279        1.0427
    651.3352        1.0402
    651.3425        1.0377
    651.3498        1.0353
    651.3571        1.0323
    651.3644        1.0290
    651.3717        1.0258
    651.3790        1.0227
    651.3863        1.0217
    651.3937        1.0208
    651.4010        1.0198
    651.4083        1.0184
    651.4156        1.0101
    651.4229        1.0017
    651.4302        0.9932
    651.4375        0.9843
    651.4448        0.9704
    651.4521        0.9563
    651.4594        0.9422
    651.4667        0.9316
    651.4741        0.9444
    651.4814        0.9581
    651.4887        0.9716
    651.4960        0.9846
    651.5033        0.9949
    651.5106        1.0050
    651.5179        1.0152
    651.5252        1.0228
    651.5325        1.0193
    651.5398        1.0149
    651.5471        1.0107
    651.5545        1.0059
    651.5618        1.0001
    651.5691        0.9946
    651.5764        0.9890
    651.5837        0.9855
    651.5910        0.9875
    651.5983        0.9896
    651.6056        0.9918
    651.6129        0.9869
    651.6202        0.9665
    651.6275        0.9453
    651.6349        0.9242
    651.6422        0.9083
    651.6495        0.9023
    651.6568        0.8969
    651.6641        0.8911
    651.6714        0.8955
    651.6787        0.9151
    651.6860        0.9351
    651.6933        0.9551
    651.7006        0.9698
    651.7080        0.9778
    651.7153        0.9856
    651.7226        0.9934
    651.7299        0.9998
    651.7372        1.0042
    651.7445        1.0086
    651.7518        1.0130
    651.7591        1.0140
    651.7664        1.0118
    651.7737        1.0095
    651.7810        1.0073
    651.7884        1.0065
    651.7957        1.0066
    651.8030        1.0067
    651.8103        1.0067
    651.8176        1.0090
    651.8249        1.0132
    651.8322        1.0174
    651.8395        1.0217
    651.8468        1.0240
    651.8541        1.0248
    651.8614        1.0257
    651.8688        1.0265
    651.8761        1.0253
    651.8834        1.0231
    651.8907        1.0209
    651.8980        1.0187
    651.9053        1.0133
    651.9126        1.0063
    651.9199        0.9993
    651.9272        0.9920
    651.9345        0.9917
    651.9419        0.9944
    651.9492        0.9973
    651.9565        1.0000
    651.9638        1.0066
    651.9711        1.0142
    651.9784        1.0218
    651.9857        1.0294
    651.9930        1.0338
    652.0003        1.0370
    652.0076        1.0404
    652.0149        1.0438
    652.0223        1.0437
    652.0296        1.0430
    652.0369        1.0422
    652.0442        1.0415
    652.0515        1.0406
    652.0588        1.0395
    652.0661        1.0385
    652.0734        1.0373
    652.0807        1.0353
    652.0880        1.0337
    652.0953        1.0319
    652.1027        1.0305
    652.1100        1.0288
    652.1173        1.0269
    652.1246        1.0251
    652.1319        1.0232
    652.1392        1.0224
    652.1465        1.0217
    652.1538        1.0210
    652.1611        1.0200
    652.1684        1.0143
    652.1757        1.0085
    652.1831        1.0028
    652.1904        0.9975
    652.1977        0.9957
    652.2050        0.9942
    652.2123        0.9926
    652.2196        0.9917
    652.2269        0.9954
    652.2342        0.9995
    652.2415        1.0035
    652.2488        1.0068
    652.2562        1.0078
    652.2635        1.0088
    652.2708        1.0098
    652.2781        1.0100
    652.2854        1.0064
    652.2927        1.0026
    652.3000        0.9988
    652.3073        0.9954
    652.3146        0.9937
    652.3219        0.9920
    652.3292        0.9904
    652.3366        0.9870
    652.3439        0.9800
    652.3512        0.9732
    652.3585        0.9662
    652.3658        0.9613
    652.3731        0.9600
    652.3804        0.9588
    652.3877        0.9574
    652.3950        0.9607
    652.4023        0.9717
    652.4096        0.9828
    652.4170        0.9939
    652.4243        1.0013
    652.4316        1.0038
    652.4389        1.0062
    652.4462        1.0088
    652.4535        1.0082
    652.4608        1.0040
    652.4681        0.9997
    652.4754        0.9954
    652.4827        0.9934
    652.4901        0.9932
    652.4974        0.9931
    652.5047        0.9929
    652.5120        0.9924
    652.5193        0.9921
    652.5266        0.9918
    652.5339        0.9914
    652.5412        0.9934
    652.5485        0.9968
    652.5558        1.0002
    652.5631        1.0036
    652.5705        1.0048
    652.5778        1.0045
    652.5851        1.0041
    652.5924        1.0039
    652.5997        1.0034
    652.6070        1.0030
    652.6143        1.0027
    652.6216        1.0023
    652.6289        1.0008
    652.6362        0.9989
    652.6435        0.9970
    652.6509        0.9950
    652.6582        0.9967
    652.6655        0.9997
    652.6728        1.0027
    652.6801        1.0058
    652.6874        1.0055
    652.6947        1.0041
    652.7020        1.0028
    652.7093        1.0013
    652.7166        0.9974
    652.7240        0.9935
    652.7313        0.9896
    652.7386        0.9856
    652.7459        0.9855
    652.7532        0.9855
    652.7605        0.9855
    652.7678        0.9857
    652.7751        0.9865
    652.7824        0.9873
    652.7897        0.9882
    652.7970        0.9889
    652.8044        0.9900
    652.8117        0.9913
    652.8190        0.9925
    652.8263        0.9940
    652.8336        0.9956
    652.8409        0.9969
    652.8482        0.9984
    652.8555        0.9996
    652.8628        1.0004
    652.8701        1.0013
    652.8774        1.0023
    652.8848        1.0033
    652.8921        1.0036
    652.8994        1.0035
    652.9067        1.0035
    652.9140        1.0028
    652.9213        1.0006
    652.9286        0.9985
    652.9359        0.9964
    652.9432        0.9947
    652.9505        0.9935
    652.9578        0.9924
    652.9652        0.9913
    652.9725        0.9915
    652.9798        0.9950
    652.9871        0.9986
    652.9944        1.0022
    653.0017        1.0042
    653.0090        1.0021
    653.0163        0.9999
    653.0236        0.9978
    653.0309        0.9955
    653.0383        0.9933
    653.0456        0.9911
    653.0529        0.9889
    653.0602        0.9880
    653.0675        0.9888
    653.0748        0.9897
    653.0821        0.9905
    653.0894        0.9911
    653.0967        0.9919
    653.1040        0.9928
    653.1113        0.9936
    653.1187        0.9935
    653.1260        0.9926
    653.1333        0.9915
    653.1406        0.9903
    653.1479        0.9920
    653.1552        0.9958
    653.1625        0.9996
    653.1698        1.0035
    653.1771        1.0024
    653.1844        0.9982
    653.1917        0.9938
    653.1991        0.9895
    653.2064        0.9797
    653.2137        0.9671
    653.2210        0.9546
    653.2283        0.9417
    653.2356        0.9432
    653.2429        0.9513
    653.2502        0.9594
    653.2575        0.9676
    653.2648        0.9751
    653.2722        0.9820
    653.2795        0.9889
    653.2868        0.9958
    653.2941        0.9988
    653.3014        1.0010
    653.3087        1.0031
    653.3160        1.0053
    653.3233        1.0023
    653.3306        0.9979
    653.3379        0.9937
    653.3452        0.9894
    653.3526        0.9870
    653.3599        0.9849
    653.3672        0.9829
    653.3745        0.9809
    653.3818        0.9767
    653.3891        0.9720
    653.3964        0.9674
    653.4037        0.9625
    653.4110        0.9654
    653.4183        0.9692
    653.4256        0.9727
    653.4330        0.9764
    653.4403        0.9791
    653.4476        0.9816
    653.4549        0.9840
    653.4622        0.9861
    653.4695        0.9854
    653.4768        0.9848
    653.4841        0.9841
    653.4914        0.9838
    653.4987        0.9848
    653.5061        0.9859
    653.5134        0.9870
    653.5207        0.9884
    653.5280        0.9908
    653.5353        0.9934
    653.5426        0.9958
    653.5499        0.9975
    653.5572        0.9966
    653.5645        0.9953
    653.5718        0.9941
    653.5791        0.9934
    653.5865        0.9941
    653.5938        0.9949
    653.6011        0.9958
    653.6084        0.9951
    653.6157        0.9920
    653.6230        0.9886
    653.6303        0.9853
    653.6376        0.9827
    653.6449        0.9811
    653.6522        0.9795
    653.6595        0.9778
    653.6669        0.9779
    653.6742        0.9802
    653.6815        0.9826
    653.6888        0.9850
    653.6961        0.9865
    653.7034        0.9875
    653.7107        0.9885
    653.7180        0.9895
    653.7253        0.9910
    653.7326        0.9932
    653.7399        0.9953
    653.7473        0.9975
    653.7546        0.9981
    653.7619        0.9971
    653.7692        0.9960
    653.7765        0.9947
    653.7838        0.9945
    653.7911        0.9949
    653.7984        0.9953
    653.8057        0.9958
    653.8130        0.9951
    653.8204        0.9940
    653.8277        0.9929
    653.8350        0.9918
    653.8423        0.9927
    653.8496        0.9940
    653.8569        0.9954
    653.8642        0.9966
    653.8715        0.9995
    653.8788        1.0030
    653.8861        1.0064
    653.8934        1.0101
    653.9008        1.0079
    653.9081        1.0046
    653.9154        1.0014
    653.9227        0.9979
    653.9300        0.9950
    653.9373        0.9922
    653.9446        0.9894
    653.9519        0.9866
    653.9592        0.9890
    653.9665        0.9915
    653.9738        0.9939
    653.9812        0.9962
    653.9885        0.9956
    653.9958        0.9950
    654.0031        0.9943
    654.0104        0.9939
    654.0177        0.9947
    654.0250        0.9954
    654.0323        0.9962
    654.0396        0.9965
    654.0469        0.9927
    654.0543        0.9886
    654.0616        0.9846
    654.0689        0.9820
    654.0762        0.9868
    654.0835        0.9921
    654.0908        0.9973
    654.0981        1.0014
    654.1054        1.0009
    654.1127        1.0000
    654.1200        0.9992
    654.1273        0.9978
    654.1347        0.9955
    654.1420        0.9933
    654.1493        0.9910
    654.1566        0.9904
    654.1639        0.9924
    654.1712        0.9945
    654.1785        0.9966
    654.1858        0.9968
    654.1931        0.9943
    654.2004        0.9917
    654.2077        0.9891
    654.2151        0.9854
    654.2224        0.9808
    654.2297        0.9763
    654.2370        0.9716
    654.2443        0.9711
    654.2516        0.9742
    654.2589        0.9776
    654.2662        0.9809
    654.2735        0.9837
    654.2808        0.9861
    654.2881        0.9884
    654.2955        0.9907
    654.3028        0.9920
    654.3101        0.9928
    654.3174        0.9937
    654.3247        0.9945
    654.3320        0.9934
    654.3393        0.9913
    654.3466        0.9892
    654.3539        0.9875
    654.3612        0.9721
    654.3686        0.9514
    654.3759        0.9308
    654.3832        0.9094
    654.3905        0.9113
    654.3978        0.9201
    654.4051        0.9288
    654.4124        0.9377
    654.4197        0.9494
    654.4270        0.9616
    654.4343        0.9738
    654.4416        0.9860
    654.4490        0.9908
    654.4563        0.9950
    654.4636        0.9991
    654.4709        1.0035
    654.4782        1.0032
    654.4855        1.0025
    654.4928        1.0018
    654.5001        1.0012
    654.5074        1.0014
    654.5147        1.0015
    654.5220        1.0015
    654.5294        1.0013
    654.5367        0.9979
    654.5440        0.9941
    654.5513        0.9906
    654.5586        0.9869
    654.5659        0.9839
    654.5732        0.9809
    654.5805        0.9780
    654.5878        0.9765
    654.5951        0.9809
    654.6025        0.9857
    654.6098        0.9904
    654.6171        0.9944
    654.6244        0.9967
    654.6317        0.9987
    654.6390        1.0008
    654.6463        1.0015
    654.6536        0.9994
    654.6609        0.9974
    654.6682        0.9954
    654.6755        0.9941
    654.6829        0.9940
    654.6902        0.9938
    654.6975        0.9935
    654.7048        0.9934
    654.7121        0.9936
    654.7194        0.9938
    654.7267        0.9940
    654.7340        0.9900
    654.7413        0.9819
    654.7486        0.9735
    654.7559        0.9651
    654.7633        0.9633
    654.7706        0.9670
    654.7779        0.9708
    654.7852        0.9747
    654.7925        0.9786
    654.7998        0.9823
    654.8071        0.9859
    654.8144        0.9896
    654.8217        0.9845
    654.8290        0.9750
    654.8364        0.9656
    654.8437        0.9559
    654.8510        0.9506
    654.8583        0.9470
    654.8656        0.9434
    654.8729        0.9396
    654.8802        0.9489
    654.8875        0.9621
    654.8948        0.9751
    654.9021        0.9885
    654.9094        0.9916
    654.9168        0.9926
    654.9241        0.9937
    654.9314        0.9948
    654.9387        0.9983
    654.9460        1.0020
    654.9533        1.0058
    654.9606        1.0095
    654.9679        1.0100
    654.9752        1.0104
    654.9825        1.0109
    654.9898        1.0114
    654.9972        1.0088
    655.0045        1.0059
    655.0118        1.0031
    655.0191        1.0004
    655.0264        1.0006
    655.0337        1.0013
    655.0410        1.0019
    655.0483        1.0028
    655.0556        1.0053
    655.0629        1.0075
    655.0702        1.0098
    655.0776        1.0115
    655.0849        1.0116
    655.0922        1.0120
    655.0995        1.0121
    655.1068        1.0131
    655.1141        1.0158
    655.1214        1.0186
    655.1287        1.0214
    655.1360        1.0227
    655.1433        1.0204
    655.1507        1.0180
    655.1580        1.0156
    655.1653        1.0133
    655.1726        1.0114
    655.1799        1.0097
    655.1872        1.0081
    655.1945        1.0063
    655.2018        1.0044
    655.2091        1.0023
    655.2164        1.0003
    655.2237        0.9950
    655.2311        0.9864
    655.2384        0.9778
    655.2457        0.9688
    655.2530        0.9658
    655.2603        0.9672
    655.2676        0.9689
    655.2749        0.9704
    655.2822        0.9792
    655.2895        0.9920
    655.2968        1.0048
    655.3041        1.0177
    655.3115        1.0259
    655.3188        1.0322
    655.3261        1.0382
    655.3334        1.0448
    655.3407        1.0435
    655.3480        1.0394
    655.3553        1.0354
    655.3626        1.0310
    655.3699        1.0290
    655.3772        1.0280
    655.3846        1.0269
    655.3919        1.0257
    655.3992        1.0344
    655.4065        1.0442
    655.4138        1.0539
    655.4211        1.0638
    655.4284        1.0677
    655.4357        1.0713
    655.4430        1.0750
    655.4503        1.0786
    655.4576        1.0854
    655.4650        1.0923
    655.4723        1.0991
    655.4796        1.1059
    655.4869        1.1128
    655.4942        1.1199
    655.5015        1.1269
    655.5088        1.1336
    655.5161        1.1366
    655.5234        1.1391
    655.5307        1.1417
    655.5380        1.1454
    655.5454        1.1541
    655.5527        1.1632
    655.5600        1.1723
    655.5673        1.1820
    655.5746        1.1925
    655.5819        1.2028
    655.5892        1.2132
    655.5965        1.2234
    655.6038        1.2334
    655.6111        1.2434
    655.6185        1.2534
    655.6258        1.2639
    655.6331        1.2753
    655.6404        1.2868
    655.6477        1.2984
    655.6550        1.3104
    655.6623        1.3228
    655.6696        1.3350
    655.6769        1.3473
    655.6842        1.3537
    655.6915        1.3549
    655.6989        1.3562
    655.7062        1.3570
    655.7135        1.3718
    655.7208        1.3959
    655.7281        1.4203
    655.7354        1.4446
    655.7427        1.4705
    655.7500        1.4973
    655.7573        1.5240
    655.7646        1.5507
    655.7719        1.5744
    655.7793        1.5969
    655.7866        1.6195
    655.7939        1.6419
    655.8012        1.6665
    655.8085        1.6918
    655.8158        1.7172
    655.8231        1.7423
    655.8304        1.7727
    655.8377        1.8042
    655.8450        1.8355
    655.8523        1.8670
    655.8597        1.8985
    655.8670        1.9300
    655.8743        1.9615
    655.8816        1.9931
    655.8889        2.0334
    655.8962        2.0740
    655.9035        2.1147
    655.9108        2.1556
    655.9181        2.2058
    655.9254        2.2567
    655.9328        2.3075
    655.9401        2.3588
    655.9474        2.4136
    655.9547        2.4684
    655.9620        2.5233
    655.9693        2.5790
    655.9766        2.6374
    655.9839        2.6958
    655.9912        2.7542
    655.9985        2.8137
    656.0058        2.8764
    656.0132        2.9391
    656.0205        3.0020
    656.0278        3.0600
    656.0351        3.1084
    656.0424        3.1564
    656.0497        3.2045
    656.0570        3.2571
    656.0643        3.3164
    656.0716        3.3759
    656.0789        3.4355
    656.0862        3.4863
    656.0936        3.5278
    656.1009        3.5691
    656.1082        3.6104
    656.1155        3.6518
    656.1228        3.6933
    656.1301        3.7348
    656.1374        3.7766
    656.1447        3.8168
    656.1520        3.8557
    656.1593        3.8943
    656.1667        3.9337
    656.1740        3.9504
    656.1813        3.9562
    656.1886        3.9614
    656.1959        3.9672
    656.2032        3.9532
    656.2105        3.9323
    656.2178        3.9113
    656.2251        3.8906
    656.2324        3.8506
    656.2397        3.8058
    656.2471        3.7612
    656.2544        3.7160
    656.2617        3.6952
    656.2690        3.6780
    656.2763        3.6606
    656.2836        3.6430
    656.2909        3.6385
    656.2982        3.6348
    656.3055        3.6312
    656.3128        3.6274
    656.3201        3.6359
    656.3275        3.6457
    656.3348        3.6551
    656.3421        3.6678
    656.3494        3.7076
    656.3567        3.7478
    656.3640        3.7880
    656.3713        3.8227
    656.3786        3.8316
    656.3859        3.8396
    656.3932        3.8479
    656.4005        3.8483
    656.4079        3.8223
    656.4152        3.7951
    656.4225        3.7680
    656.4298        3.7562
    656.4371        3.7796
    656.4444        3.8046
    656.4517        3.8294
    656.4590        3.8369
    656.4663        3.8157
    656.4736        3.7934
    656.4810        3.7716
    656.4883        3.7383
    656.4956        3.6904
    656.5029        3.6417
    656.5102        3.5931
    656.5175        3.5457
    656.5248        3.5000
    656.5321        3.4543
    656.5394        3.4091
    656.5467        3.3512
    656.5540        3.2838
    656.5614        3.2161
    656.5687        3.1483
    656.5760        3.0823
    656.5833        3.0176
    656.5906        2.9530
    656.5979        2.8881
    656.6052        2.8310
    656.6125        2.7766
    656.6198        2.7222
    656.6271        2.6679
    656.6344        2.6104
    656.6418        2.5521
    656.6491        2.4939
    656.6564        2.4354
    656.6637        2.3865
    656.6710        2.3392
    656.6783        2.2919
    656.6856        2.2441
    656.6929        2.2037
    656.7002        2.1642
    656.7075        2.1244
    656.7149        2.0850
    656.7222        2.0458
    656.7295        2.0061
    656.7368        1.9665
    656.7441        1.9274
    656.7514        1.8945
    656.7587        1.8623
    656.7660        1.8299
    656.7733        1.7982
    656.7806        1.7706
    656.7879        1.7432
    656.7953        1.7156
    656.8026        1.6892
    656.8099        1.6662
    656.8172        1.6431
    656.8245        1.6201
    656.8318        1.5967
    656.8391        1.5726
    656.8464        1.5484
    656.8537        1.5241
    656.8610        1.5010
    656.8683        1.4796
    656.8757        1.4583
    656.8830        1.4369
    656.8903        1.4184
    656.8976        1.4034
    656.9049        1.3885
    656.9122        1.3735
    656.9195        1.3604
    656.9268        1.3487
    656.9341        1.3372
    656.9414        1.3254
    656.9488        1.3144
    656.9561        1.3042
    656.9634        1.2941
    656.9707        1.2842
    656.9780        1.2747
    656.9853        1.2651
    656.9926        1.2555
    656.9999        1.2458
    657.0072        1.2364
    657.0145        1.2270
    657.0218        1.2177
    657.0292        1.2082
    657.0365        1.1987
    657.0438        1.1892
    657.0511        1.1796
    657.0584        1.1701
    657.0657        1.1600
    657.0730        1.1497
    657.0803        1.1396
    657.0876        1.1292
    657.0949        1.1277
    657.1022        1.1265
    657.1096        1.1252
    657.1169        1.1236
    657.1242        1.1160
    657.1315        1.1082
    657.1388        1.1004
    657.1461        1.0935
    657.1534        1.0908
    657.1607        1.0883
    657.1680        1.0857
    657.1753        1.0800
    657.1826        1.0626
    657.1900        1.0447
    657.1973        1.0269
    657.2046        1.0149
    657.2119        1.0175
    657.2192        1.0209
    657.2265        1.0240
    657.2338        1.0283
    657.2411        1.0343
    657.2484        1.0404
    657.2557        1.0464
    657.2631        1.0482
    657.2704        1.0450
    657.2777        1.0416
    657.2850        1.0382
    657.2923        1.0368
    657.2996        1.0373
    657.3069        1.0377
    657.3142        1.0382
    657.3215        1.0382
    657.3288        1.0379
    657.3361        1.0375
    657.3435        1.0373
    657.3508        1.0333
    657.3581        1.0273
    657.3654        1.0213
    657.3727        1.0152
    657.3800        1.0129
    657.3873        1.0119
    657.3946        1.0110
    657.4019        1.0099
    657.4092        1.0094
    657.4165        1.0095
    657.4239        1.0094
    657.4312        1.0098
    657.4385        1.0062
    657.4458        1.0015
    657.4531        0.9969
    657.4604        0.9923
    657.4677        0.9789
    657.4750        0.9654
    657.4823        0.9520
    657.4896        0.9397
    657.4970        0.9484
    657.5043        0.9582
    657.5116        0.9676
    657.5189        0.9769
    657.5262        0.9834
    657.5335        0.9898
    657.5408        0.9962
    657.5481        1.0012
    657.5554        1.0018
    657.5627        1.0022
    657.5700        1.0027
    657.5774        1.0031
    657.5847        1.0033
    657.5920        1.0035
    657.5993        1.0037
    657.6066        1.0031
    657.6139        1.0013
    657.6212        0.9994
    657.6285        0.9974
    657.6358        0.9967
    657.6431        0.9980
    657.6504        0.9995
    657.6578        1.0009
    657.6651        1.0013
    657.6724        1.0003
    657.6797        0.9992
    657.6870        0.9982
    657.6943        0.9976
    657.7016        0.9976
    657.7089        0.9976
    657.7162        0.9976
    657.7235        0.9990
    657.7309        1.0010
    657.7382        1.0030
    657.7455        1.0051
    657.7528        1.0041
    657.7601        1.0019
    657.7674        0.9998
    657.7747        0.9975
    657.7820        0.9971
    657.7893        0.9972
    657.7966        0.9972
    657.8039        0.9974
    657.8113        0.9960
    657.8186        0.9942
    657.8259        0.9926
    657.8332        0.9909
    657.8405        0.9906
    657.8478        0.9905
    657.8551        0.9904
    657.8624        0.9901
    657.8697        0.9886
    657.8770        0.9871
    657.8843        0.9856
    657.8917        0.9845
    657.8990        0.9864
    657.9063        0.9886
    657.9136        0.9907
    657.9209        0.9920
    657.9282        0.9916
    657.9355        0.9909
    657.9428        0.9903
    657.9501        0.9898
    657.9574        0.9890
    657.9647        0.9882
    657.9721        0.9873
    657.9794        0.9880
    657.9867        0.9911
    657.9940        0.9943
    658.0013        0.9976
    658.0086        0.9977
    658.0159        0.9942
    658.0232        0.9907
    658.0305        0.9870
    658.0378        0.9848
    658.0452        0.9837
    658.0525        0.9828
    658.0598        0.9819
    658.0671        0.9794
    658.0744        0.9759
    658.0817        0.9725
    658.0890        0.9689
    658.0963        0.9717
    658.1036        0.9769
    658.1109        0.9821
    658.1182        0.9874
    658.1256        0.9890
    658.1329        0.9899
    658.1402        0.9908
    658.1475        0.9918
    658.1548        0.9925
    658.1621        0.9930
    658.1694        0.9937
    658.1767        0.9943
    658.1840        0.9954
    658.1913        0.9965
    658.1986        0.9976
    658.2060        0.9983
    658.2133        0.9951
    658.2206        0.9919
    658.2279        0.9887
    658.2352        0.9866
    658.2425        0.9902
    658.2498        0.9939
    658.2571        0.9975
    658.2644        0.9999
    658.2717        0.9985
    658.2791        0.9969
    658.2864        0.9953
    658.2937        0.9942
    658.3010        0.9936
    658.3083        0.9932
    658.3156        0.9926
    658.3229        0.9916
    658.3302        0.9903
    658.3375        0.9890
    658.3448        0.9879
    658.3521        0.9869
    658.3595        0.9853
    658.3668        0.9837
    658.3741        0.9819
    658.3814        0.9834
    658.3887        0.9877
    658.3960        0.9920
    658.4033        0.9965
    658.4106        0.9983
    658.4179        0.9983
    658.4252        0.9982
    658.4325        0.9980
    658.4399        0.9983
    658.4472        0.9992
    658.4545        1.0001
    658.4618        1.0011
    658.4691        1.0015
    658.4764        1.0017
    658.4837        1.0019
    658.4910        1.0021
    658.4983        1.0007
    658.5056        0.9992
    658.5129        0.9977
    658.5203        0.9962
    658.5276        0.9956
    658.5349        0.9948
    658.5422        0.9941
    658.5495        0.9931
    658.5568        0.9904
    658.5641        0.9877
    658.5714        0.9849
    658.5787        0.9831
    658.5860        0.9860
    658.5934        0.9891
    658.6007        0.9921
    658.6080        0.9942
    658.6153        0.9932
    658.6226        0.9920
    658.6299        0.9909
    658.6372        0.9878
    658.6445        0.9817
    658.6518        0.9755
    658.6591        0.9692
    658.6664        0.9686
    658.6738        0.9750
    658.6811        0.9817
    658.6884        0.9885
    658.6957        0.9932
    658.7030        0.9962
    658.7103        0.9991
    658.7176        1.0021
    658.7249        1.0044
    658.7322        1.0062
    658.7395        1.0081
    658.7468        1.0101
    658.7542        1.0088
    658.7615        1.0060
    658.7688        1.0032
    658.7761        1.0002
    658.7834        1.0024
    658.7907        1.0063
    658.7980        1.0101
    658.8053        1.0141
    658.8126        1.0140
    658.8199        1.0132
    658.8273        1.0125
    658.8346        1.0118
    658.8419        1.0089
    658.8492        1.0057
    658.8565        1.0026
    658.8638        0.9997
    658.8711        1.0018
    658.8784        1.0042
    658.8857        1.0066
    658.8930        1.0082
    658.9003        1.0047
    658.9077        1.0010
    658.9150        0.9975
    658.9223        0.9956
    658.9296        0.9999
    658.9369        1.0043
    658.9442        1.0088
    658.9515        1.0109
    658.9588        1.0084
    658.9661        1.0058
    658.9734        1.0033
    658.9807        1.0028
    658.9881        1.0053
    658.9954        1.0076
    659.0027        1.0100
    659.0100        1.0114
    659.0173        1.0116
    659.0246        1.0117
    659.0319        1.0117
    659.0392        1.0114
    659.0465        1.0108
    659.0538        1.0103
    659.0612        1.0098
    659.0685        1.0087
    659.0758        1.0071
    659.0831        1.0055
    659.0904        1.0039
    659.0977        1.0048
    659.1050        1.0063
    659.1123        1.0080
    659.1196        1.0097
    659.1269        1.0078
    659.1342        1.0051
    659.1416        1.0025
    659.1489        0.9996
    659.1562        1.0000
    659.1635        1.0011
    659.1708        1.0020
    659.1781        1.0032
    659.1854        1.0054
    659.1927        1.0076
    659.2000        1.0098
    659.2073        1.0119
    659.2146        1.0122
    659.2220        1.0122
    659.2293        1.0123
    659.2366        1.0118
    659.2439        1.0080
    659.2512        1.0042
    659.2585        1.0002
    659.2658        0.9980
    659.2731        0.9997
    659.2804        1.0019
    659.2877        1.0038
    659.2950        1.0047
    659.3024        1.0035
    659.3097        1.0024
    659.3170        1.0012
    659.3243        1.0019
    659.3316        1.0044
    659.3389        1.0070
    659.3462        1.0095
    659.3535        1.0113
    659.3608        1.0126
    659.3681        1.0139
    659.3755        1.0152
    659.3828        1.0130
    659.3901        1.0090
    659.3974        1.0050
    659.4047        1.0011
    659.4120        0.9995
    659.4193        0.9986
    659.4266        0.9977
    659.4339        0.9967
    659.4412        0.9939
    659.4485        0.9910
    659.4559        0.9881
    659.4632        0.9852
    659.4705        0.9890
    659.4778        0.9931
    659.4851        0.9973
    659.4924        1.0013
    659.4997        1.0019
    659.5070        1.0025
    659.5143        1.0031
    659.5216        1.0035
    659.5289        1.0042
    659.5363        1.0054
    659.5436        1.0063
    659.5509        1.0072
    659.5582        1.0074
    659.5655        1.0074
    659.5728        1.0074
    659.5801        1.0076
    659.5874        1.0085
    659.5947        1.0092
    659.6020        1.0100
    659.6094        1.0099
    659.6167        1.0087
    659.6240        1.0075
    659.6313        1.0063
    659.6386        1.0064
    659.6459        1.0080
    659.6532        1.0096
    659.6605        1.0113
    659.6678        1.0117
    659.6751        1.0111
    659.6824        1.0105
    659.6898        1.0096
    659.6971        1.0086
    659.7044        1.0076
    659.7117        1.0066
    659.7190        1.0055
    659.7263        1.0066
    659.7336        1.0085
    659.7409        1.0102
    659.7482        1.0123
    659.7555        1.0103
    659.7628        1.0075
    659.7702        1.0047
    659.7775        1.0016
    659.7848        1.0057
    659.7921        1.0104
    659.7994        1.0149
    659.8067        1.0192
    659.8140        1.0185
    659.8213        1.0176
    659.8286        1.0167
    659.8359        1.0161
    659.8433        1.0167
    659.8506        1.0170
    659.8579        1.0174
    659.8652        1.0172
    659.8725        1.0159
    659.8798        1.0148
    659.8871        1.0137
    659.8944        1.0119
    659.9017        1.0083
    659.9090        1.0046
    659.9163        1.0007
    659.9237        0.9984
    659.9310        0.9988
    659.9383        0.9993
    659.9456        1.0000
    659.9529        1.0021
    659.9602        1.0052
    659.9675        1.0081
    659.9748        1.0112
    659.9821        1.0105
    659.9894        1.0075
    659.9967        1.0044
    660.0041        1.0011
    660.0114        1.0005
    660.0187        1.0013
    660.0260        1.0021
    660.0333        1.0031
    660.0406        1.0019
    660.0479        1.0000
    660.0552        0.9982
    660.0625        0.9963
    660.0698        0.9988
    660.0771        1.0017
    660.0845        1.0045
    660.0918        1.0072
    660.0991        1.0071
    660.1064        1.0070
    660.1137        1.0068
    660.1210        1.0066
    660.1283        1.0044
    660.1356        1.0021
    660.1429        0.9997
    660.1502        0.9977
    660.1576        0.9970
    660.1649        0.9961
    660.1722        0.9953
    660.1795        0.9948
    660.1868        0.9956
    660.1941        0.9964
    660.2014        0.9973
    660.2087        0.9978
    660.2160        0.9983
    660.2233        0.9987
    660.2306        0.9991
    660.2380        1.0009
    660.2453        1.0043
    660.2526        1.0077
    660.2599        1.0111
    660.2672        1.0115
    660.2745        1.0097
    660.2818        1.0078
    660.2891        1.0061
    660.2964        1.0061
    660.3037        1.0068
    660.3110        1.0075
    660.3184        1.0081
    660.3257        1.0085
    660.3330        1.0093
    660.3403        1.0099
    660.3476        1.0106
    660.3549        1.0111
    660.3622        1.0117
    660.3695        1.0122
    660.3768        1.0130
    660.3841        1.0112
    660.3915        1.0091
    660.3988        1.0072
    660.4061        1.0054
    660.4134        1.0066
    660.4207        1.0079
    660.4280        1.0092
    660.4353        1.0098
    660.4426        1.0069
    660.4499        1.0037
    660.4572        1.0006
    660.4645        0.9997
    660.4719        1.0038
    660.4792        1.0079
    660.4865        1.0119
    660.4938        1.0132
    660.5011        1.0107
    660.5084        1.0082
    660.5157        1.0056
    660.5230        1.0043
    660.5303        1.0044
    660.5376        1.0045
    660.5449        1.0045
    660.5523        1.0056
    660.5596        1.0071
    660.5669        1.0087
    660.5742        1.0103
    660.5815        1.0100
    660.5888        1.0088
    660.5961        1.0076
    660.6034        1.0065
    660.6107        1.0065
    660.6180        1.0069
    660.6253        1.0073
    660.6327        1.0077
    660.6400        1.0083
    660.6473        1.0090
    660.6546        1.0097
    660.6619        1.0104
    660.6692        1.0105
    660.6765        1.0108
    660.6838        1.0110
    660.6911        1.0109
    660.6984        1.0070
    660.7058        1.0028
    660.7131        0.9987
    660.7204        0.9962
    660.7277        1.0008
    660.7350        1.0055
    660.7423        1.0102
    660.7496        1.0131
    660.7569        1.0123
    660.7642        1.0115
    660.7715        1.0106
    660.7788        1.0103
    660.7862        1.0107
    660.7935        1.0110
    660.8008        1.0111
    660.8081        1.0115
    660.8154        1.0122
    660.8227        1.0128
    660.8300        1.0135
    660.8373        1.0138
    660.8446        1.0136
    660.8519        1.0134
    660.8592        1.0130
    660.8666        1.0123
    660.8739        1.0115
    660.8812        1.0108
    660.8885        1.0101
    660.8958        1.0110
    660.9031        1.0123
    660.9104        1.0136
    660.9177        1.0148
    660.9250        1.0128
    660.9323        1.0105
    660.9397        1.0082
    660.9470        1.0060
    660.9543        1.0051
    660.9616        1.0043
    660.9689        1.0033
    660.9762        1.0028
    660.9835        1.0053
    660.9908        1.0079
    660.9981        1.0103
    661.0054        1.0120
    661.0127        1.0114
    661.0201        1.0107
    661.0274        1.0100
    661.0347        1.0100
    661.0420        1.0118
    661.0493        1.0136
    661.0566        1.0156
    661.0639        1.0154
    661.0712        1.0119
    661.0785        1.0081
    661.0858        1.0045
    661.0931        1.0033
    661.1005        1.0047
    661.1078        1.0061
    661.1151        1.0075
    661.1224        1.0068
    661.1297        1.0051
    661.1370        1.0034
    661.1443        1.0017
    661.1516        1.0056
    661.1589        1.0117
    661.1662        1.0178
    661.1736        1.0241
    661.1809        1.0234
    661.1882        1.0208
    661.1955        1.0184
    661.2028        1.0157
    661.2101        1.0130
    661.2174        1.0108
    661.2247        1.0085
    661.2320        1.0063
    661.2393        1.0056
    661.2466        1.0048
    661.2540        1.0040
    661.2613        1.0039
    661.2686        1.0075
    661.2759        1.0111
    661.2832        1.0148
    661.2905        1.0170
    661.2978        1.0155
    661.3051        1.0140
    661.3124        1.0123
    661.3197        1.0112
    661.3270        1.0110
    661.3344        1.0109
    661.3417        1.0108
    661.3490        1.0102
    661.3563        1.0088
    661.3636        1.0074
    661.3709        1.0059
    661.3782        1.0043
    661.3855        1.0029
    661.3928        1.0014
    661.4001        1.0001
    661.4074        0.9998
    661.4148        1.0001
    661.4221        1.0002
    661.4294        1.0003
    661.4367        1.0034
    661.4440        1.0075
    661.4513        1.0116
    661.4586        1.0158
    661.4659        1.0144
    661.4732        1.0119
    661.4805        1.0094
    661.4879        1.0070
    661.4952        1.0072
    661.5025        1.0077
    661.5098        1.0080
    661.5171        1.0082
    661.5244        1.0064
    661.5317        1.0046
    661.5390        1.0027
    661.5463        1.0014
    661.5536        1.0025
    661.5609        1.0035
    661.5683        1.0046
    661.5756        1.0045
    661.5829        1.0018
    661.5902        0.9990
    661.5975        0.9961
    661.6048        0.9955
    661.6121        0.9983
    661.6194        1.0011
    661.6267        1.0040
    661.6340        1.0038
    661.6413        1.0008
    661.6487        0.9978
    661.6560        0.9946
    661.6633        0.9945
    661.6706        0.9964
    661.6779        0.9982
    661.6852        1.0002
    661.6925        1.0014
    661.6998        1.0024
    661.7071        1.0033
    661.7144        1.0042
    661.7218        1.0074
    661.7291        1.0112
    661.7364        1.0148
    661.7437        1.0188
    661.7510        1.0141
    661.7583        1.0087
    661.7656        1.0034
    661.7729        0.9983
    661.7802        0.9988
    661.7875        0.9997
    661.7948        1.0003
    661.8022        1.0013
    661.8095        1.0030
    661.8168        1.0048
    661.8241        1.0066
    661.8314        1.0084
    661.8387        1.0100
    661.8460        1.0114
    661.8533        1.0129
    661.8606        1.0136
    661.8679        1.0130
    661.8752        1.0123
    661.8826        1.0119
    661.8899        1.0108
    661.8972        1.0091
    661.9045        1.0074
    661.9118        1.0057
    661.9191        1.0044
    661.9264        1.0036
    661.9337        1.0028
    661.9410        1.0020
    661.9483        1.0025
    661.9557        1.0039
    661.9630        1.0052
    661.9703        1.0065
    661.9776        1.0089
    661.9849        1.0115
    661.9922        1.0141
    661.9995        1.0169
    662.0068        1.0143
    662.0141        1.0112
    662.0214        1.0082
    662.0287        1.0052
    662.0361        1.0047
    662.0434        1.0045
    662.0507        1.0042
    662.0580        1.0045
    662.0653        1.0070
    662.0726        1.0095
    662.0799        1.0120
    662.0872        1.0135
    662.0945        1.0128
    662.1018        1.0119
    662.1091        1.0112
    662.1165        1.0095
    662.1238        1.0060
    662.1311        1.0024
    662.1384        0.9987
    662.1457        0.9979
    662.1530        1.0005
    662.1603        1.0032
    662.1676        1.0060
    662.1749        1.0068
    662.1822        1.0061
    662.1895        1.0053
    662.1969        1.0045
    662.2042        1.0052
    662.2115        1.0065
    662.2188        1.0079
    662.2261        1.0090
    662.2334        1.0096
    662.2407        1.0104
    662.2480        1.0110
    662.2553        1.0119
    662.2626        1.0128
    662.2700        1.0132
    662.2773        1.0137
    662.2846        1.0140
    662.2919        1.0109
    662.2992        1.0076
    662.3065        1.0044
    662.3138        1.0014
    662.3211        1.0000
    662.3284        0.9989
    662.3357        0.9976
    662.3430        0.9972
    662.3504        0.9986
    662.3577        1.0002
    662.3650        1.0016
    662.3723        1.0038
    662.3796        1.0070
    662.3869        1.0102
    662.3942        1.0134
    662.4015        1.0159
    662.4088        1.0177
    662.4161        1.0195
    662.4234        1.0214
    662.4308        1.0180
    662.4381        1.0112
    662.4454        1.0043
    662.4527        0.9973
    662.4600        0.9977
    662.4673        1.0010
    662.4746        1.0043
    662.4819        1.0077
    662.4892        1.0089
    662.4965        1.0096
    662.5039        1.0102
    662.5112        1.0110
    662.5185        1.0101
    662.5258        1.0089
    662.5331        1.0078
    662.5404        1.0068
    662.5477        1.0121
    662.5550        1.0180
    662.5623        1.0237
    662.5696        1.0279
    662.5769        1.0230
    662.5843        1.0175
    662.5916        1.0120
    662.5989        1.0082
    662.6062        1.0086
    662.6135        1.0095
    662.6208        1.0101
    662.6281        1.0109
    662.6354        1.0116
    662.6427        1.0124
    662.6500        1.0131
    662.6573        1.0115
    662.6647        1.0073
    662.6720        1.0031
    662.6793        0.9986
    662.6866        1.0012
    662.6939        1.0080
    662.7012        1.0148
    662.7085        1.0218
    662.7158        1.0192
    662.7231        1.0130
    662.7304        1.0070
    662.7377        1.0009
    662.7451        1.0026
    662.7524        1.0056
    662.7597        1.0087
    662.7670        1.0117
    662.7743        1.0095
    662.7816        1.0073
    662.7889        1.0051
    662.7962        1.0033
    662.8035        1.0057
    662.8108        1.0080
    662.8182        1.0103
    662.8255        1.0122
    662.8328        1.0121
    662.8401        1.0118
    662.8474        1.0116
    662.8547        1.0112
    662.8620        1.0108
    662.8693        1.0104
    662.8766        1.0100
    662.8839        1.0102
    662.8912        1.0115
    662.8986        1.0128
    662.9059        1.0141
    662.9132        1.0157
    662.9205        1.0170
    662.9278        1.0184
    662.9351        1.0197
    662.9424        1.0184
    662.9497        1.0156
    662.9570        1.0130
    662.9643        1.0101
    662.9716        1.0091
    662.9790        1.0088
    662.9863        1.0085
    662.9936        1.0083
    663.0009        1.0084
    663.0082        1.0083
    663.0155        1.0083
    663.0228        1.0081
    663.0301        1.0082
    663.0374        1.0084
    663.0447        1.0086
    663.0521        1.0087
    663.0594        1.0076
    663.0667        1.0064
    663.0740        1.0052
    663.0813        1.0051
    663.0886        1.0077
    663.0959        1.0102
    663.1032        1.0128
    663.1105        1.0139
    663.1178        1.0125
    663.1251        1.0111
    663.1325        1.0097
    663.1398        1.0085
    663.1471        1.0076
    663.1544        1.0068
    663.1617        1.0060
    663.1690        1.0049
    663.1763        1.0037
    663.1836        1.0024
    663.1909        1.0011
    663.1982        1.0014
    663.2055        1.0022
    663.2129        1.0030
    663.2202        1.0037
    663.2275        1.0061
    663.2348        1.0092
    663.2421        1.0121
    663.2494        1.0153
    663.2567        1.0126
    663.2640        1.0094
    663.2713        1.0065
    663.2786        1.0040
    663.2860        1.0063
    663.2933        1.0086
    663.3006        1.0110
    663.3079        1.0126
    663.3152        1.0124
    663.3225        1.0123
    663.3298        1.0122
    663.3371        1.0129
    663.3444        1.0144
    663.3517        1.0158
    663.3590        1.0172
    663.3664        1.0166
    663.3737        1.0140
    663.3810        1.0117
    663.3883        1.0092
    663.3956        1.0087
    663.4029        1.0091
    663.4102        1.0095
    663.4175        1.0098
    663.4248        1.0095
    663.4321        1.0090
    663.4394        1.0086
    663.4468        1.0081
    663.4541        1.0085
    663.4614        1.0092
    663.4687        1.0099
    663.4760        1.0107
    663.4833        1.0101
    663.4906        1.0094
    663.4979        1.0087
    663.5052        1.0083
    663.5125        1.0107
    663.5198        1.0132
    663.5272        1.0156
    663.5345        1.0169
    663.5418        1.0125
    663.5491        1.0078
    663.5564        1.0031
    663.5637        1.0003
    663.5710        1.0016
    663.5783        1.0033
    663.5856        1.0050
    663.5929        1.0065
    663.6003        1.0080
    663.6076        1.0095
    663.6149        1.0109
    663.6222        1.0117
    663.6295        1.0119
    663.6368        1.0121
    663.6441        1.0124
    663.6514        1.0114
    663.6587        1.0098
    663.6660        1.0083
    663.6733        1.0065
    663.6807        1.0082
    663.6880        1.0110
    663.6953        1.0139
    663.7026        1.0168
    663.7099        1.0184
    663.7172        1.0199
    663.7245        1.0211
    663.7318        1.0227
    663.7391        1.0195
    663.7464        1.0155
    663.7537        1.0119
    663.7611        1.0084
    663.7684        1.0086
    663.7757        1.0095
    663.7830        1.0101
    663.7903        1.0114
    663.7976        1.0146
    663.8049        1.0175
    663.8122        1.0207
    663.8195        1.0211
    663.8268        1.0176
    663.8342        1.0140
    663.8415        1.0105
    663.8488        1.0096
    663.8561        1.0108
    663.8634        1.0119
    663.8707        1.0130
    663.8780        1.0139
    663.8853        1.0147
    663.8926        1.0155
    663.8999        1.0162
    663.9072        1.0157
    663.9146        1.0150
    663.9219        1.0143
    663.9292        1.0137
    663.9365        1.0152
    663.9438        1.0168
    663.9511        1.0183
    663.9584        1.0197
    663.9657        1.0178
    663.9730        1.0159
    663.9803        1.0139
    663.9876        1.0124
    663.9950        1.0140
    664.0023        1.0159
    664.0096        1.0177
    664.0169        1.0186
    664.0242        1.0166
    664.0315        1.0146
    664.0388        1.0126
    664.0461        1.0117
    664.0534        1.0125
    664.0607        1.0134
    664.0681        1.0144
    664.0754        1.0136
    664.0827        1.0110
    664.0900        1.0086
    664.0973        1.0059
    664.1046        1.0057
    664.1119        1.0070
    664.1192        1.0083
    664.1265        1.0097
    664.1338        1.0125
    664.1411        1.0156
    664.1485        1.0187
    664.1558        1.0220
    664.1631        1.0200
    664.1704        1.0169
    664.1777        1.0140
    664.1850        1.0110
    664.1923        1.0137
    664.1996        1.0169
    664.2069        1.0198
    664.2142        1.0226
    664.2215        1.0221
    664.2289        1.0213
    664.2362        1.0205
    664.2435        1.0189
    664.2508        1.0152
    664.2581        1.0117
    664.2654        1.0081
    664.2727        1.0065
    664.2800        1.0080
    664.2873        1.0095
    664.2946        1.0111
    664.3019        1.0121
    664.3093        1.0122
    664.3166        1.0122
    664.3239        1.0122
    664.3312        1.0113
    664.3385        1.0102
    664.3458        1.0091
    664.3531        1.0081
    664.3604        1.0078
    664.3677        1.0075
    664.3750        1.0071
    664.3824        1.0066
    664.3897        1.0074
    664.3970        1.0084
    664.4043        1.0095
    664.4116        1.0105
    664.4189        1.0090
    664.4262        1.0075
    664.4335        1.0060
    664.4408        1.0053
    664.4481        1.0080
    664.4554        1.0106
    664.4628        1.0130
    664.4701        1.0139
    664.4774        1.0110
    664.4847        1.0081
    664.4920        1.0050
    664.4993        1.0033
    664.5066        1.0036
    664.5139        1.0039
    664.5212        1.0041
    664.5285        1.0044
    664.5358        1.0047
    664.5432        1.0049
    664.5505        1.0053
    664.5578        1.0052
    664.5651        1.0044
    664.5724        1.0037
    664.5797        1.0027
    664.5870        1.0042
    664.5943        1.0068
    664.6016        1.0092
    664.6089        1.0121
    664.6163        1.0076
    664.6236        1.0020
    664.6309        0.9966
    664.6382        0.9915
    664.6455        0.9951
    664.6528        0.9989
    664.6601        1.0028
    664.6674        1.0062
    664.6747        1.0078
    664.6820        1.0093
    664.6893        1.0107
    664.6967        1.0123
    664.7040        1.0139
    664.7113        1.0156
    664.7186        1.0173
    664.7259        1.0170
    664.7332        1.0141
    664.7405        1.0110
    664.7478        1.0080
    664.7551        1.0071
    664.7624        1.0081
    664.7697        1.0091
    664.7771        1.0102
    664.7844        1.0102
    664.7917        1.0096
    664.7990        1.0090
    664.8063        1.0084
    664.8136        1.0071
    664.8209        1.0055
    664.8282        1.0040
    664.8355        1.0023
    664.8428        1.0034
    664.8501        1.0049
    664.8575        1.0063
    664.8648        1.0076
    664.8721        1.0066
    664.8794        1.0055
    664.8867        1.0045
    664.8940        1.0040
    664.9013        1.0058
    664.9086        1.0079
    664.9159        1.0099
    664.9232        1.0110
    664.9306        1.0105
    664.9379        1.0099
    664.9452        1.0093
    664.9525        1.0085
    664.9598        1.0075
    664.9671        1.0065
    664.9744        1.0054
    664.9817        1.0064
    664.9890        1.0087
    664.9963        1.0110
    665.0036        1.0133
    665.0110        1.0145
    665.0183        1.0155
    665.0256        1.0166
    665.0329        1.0177
    665.0402        1.0165
    665.0475        1.0148
    665.0548        1.0131
    665.0621        1.0114
    665.0694        1.0098
    665.0767        1.0084
    665.0840        1.0069
    665.0914        1.0060
    665.0987        1.0072
    665.1060        1.0081
    665.1133        1.0092
    665.1206        1.0094
    665.1279        1.0080
    665.1352        1.0067
    665.1425        1.0054
    665.1498        1.0047
    665.1571        1.0046
    665.1645        1.0045
    665.1718        1.0043
    665.1791        1.0043
    665.1864        1.0047
    665.1937        1.0051
    665.2010        1.0055
    665.2083        1.0055
    665.2156        1.0051
    665.2229        1.0047
    665.2302        1.0044
    665.2375        1.0029
    665.2449        1.0010
    665.2522        0.9991
    665.2595        0.9970
    665.2668        0.9986
    665.2741        1.0008
    665.2814        1.0030
    665.2887        1.0049
    665.2960        1.0023
    665.3033        0.9996
    665.3106        0.9969
    665.3179        0.9948
    665.3253        0.9946
    665.3326        0.9944
    665.3399        0.9941
    665.3472        0.9949
    665.3545        0.9989
    665.3618        1.0032
    665.3691        1.0076
    665.3764        1.0091
    665.3837        1.0068
    665.3910        1.0043
    665.3984        1.0015
    665.4057        0.9999
    665.4130        0.9992
    665.4203        0.9985
    665.4276        0.9981
    665.4349        0.9962
    665.4422        0.9933
    665.4495        0.9906
    665.4568        0.9875
    665.4641        0.9884
    665.4714        0.9905
    665.4788        0.9925
    665.4861        0.9947
    665.4934        0.9925
    665.5007        0.9899
    665.5080        0.9874
    665.5153        0.9857
    665.5226        0.9888
    665.5299        0.9921
    665.5372        0.9954
    665.5445        0.9978
    665.5518        0.9984
    665.5592        0.9989
    665.5665        0.9995
    665.5738        0.9998
    665.5811        1.0001
    665.5884        1.0004
    665.5957        1.0007
    665.6030        0.9984
    665.6103        0.9938
    665.6176        0.9890
    665.6249        0.9843
    665.6322        0.9826
    665.6396        0.9822
    665.6469        0.9820
    665.6542        0.9817
    665.6615        0.9828
    665.6688        0.9842
    665.6761        0.9856
    665.6834        0.9871
    665.6907        0.9901
    665.6980        0.9931
    665.7053        0.9960
    665.7127        0.9983
    665.7200        0.9961
    665.7273        0.9939
    665.7346        0.9918
    665.7419        0.9902
    665.7492        0.9902
    665.7565        0.9900
    665.7638        0.9898
    665.7711        0.9903
    665.7784        0.9924
    665.7857        0.9947
    665.7931        0.9970
    665.8004        0.9982
    665.8077        0.9981
    665.8150        0.9979
    665.8223        0.9977
    665.8296        0.9977
    665.8369        0.9977
    665.8442        0.9978
    665.8515        0.9978
    665.8588        0.9997
    665.8661        1.0021
    665.8735        1.0044
    665.8808        1.0069
    665.8881        1.0050
    665.8954        1.0026
    665.9027        1.0001
    665.9100        0.9980
    665.9173        0.9962
    665.9246        0.9969
