    649.3689        0.9996
    649.3747        0.9992
    649.3805        0.9975
    649.3863        0.9915
    649.3921        0.9870
    649.3979        0.9902
    649.4036        0.9932
    649.4094        0.9935
    649.4152        0.9943
    649.4210        1.0030
    649.4268        1.0115
    649.4326        1.0069
    649.4383        1.0022
    649.4441        0.9983
    649.4499        0.9944
    649.4557        0.9988
    649.4615        1.0041
    649.4673        0.9995
    649.4731        0.9933
    649.4788        0.9936
    649.4846        0.9953
    649.4904        0.9964
    649.4962        0.9973
    649.5020        1.0027
    649.5078        1.0099
    649.5136        1.0148
    649.5193        1.0184
    649.5251        1.0126
    649.5309        1.0010
    649.5367        0.9986
    649.5425        1.0035
    649.5483        1.0053
    649.5540        1.0039
    649.5598        0.9985
    649.5656        0.9885
    649.5714        0.9771
    649.5772        0.9636
    649.5830        0.9615
    649.5888        0.9794
    649.5945        0.9908
    649.6003        0.9885
    649.6061        0.9876
    649.6119        0.9906
    649.6177        0.9939
    649.6235        0.9978
    649.6293        1.0025
    649.6350        1.0109
    649.6408        1.0176
    649.6466        1.0120
    649.6524        1.0066
    649.6582        1.0015
    649.6640        0.9965
    649.6697        0.9994
    649.6755        1.0025
    649.6813        1.0023
    649.6871        1.0022
    649.6929        1.0058
    649.6987        1.0097
    649.7045        1.0096
    649.7102        1.0090
    649.7160        1.0119
    649.7218        1.0156
    649.7276        1.0073
    649.7334        0.9958
    649.7392        0.9911
    649.7450        0.9888
    649.7507        0.9899
    649.7565        0.9923
    649.7623        0.9957
    649.7681        0.9997
    649.7739        0.9983
    649.7797        0.9935
    649.7854        0.9925
    649.7912        0.9944
    649.7970        0.9989
    649.8028        1.0059
    649.8086        1.0089
    649.8144        1.0071
    649.8202        1.0081
    649.8259        1.0125
    649.8317        1.0131
    649.8375        1.0070
    649.8433        1.0010
    649.8491        0.9950
    649.8549        0.9916
    649.8607        0.9944
    649.8664        0.9954
    649.8722        0.9905
    649.8780        0.9881
    649.8838        0.9961
    649.8896        1.0020
    649.8954        0.9949
    649.9011        0.9884
    649.9069        0.9873
    649.9127        0.9867
    649.9185        0.9952
    649.9243        1.0036
    649.9301        1.0062
    649.9359        1.0088
    649.9416        1.0036
    649.9474        0.9981
    649.9532        1.0049
    649.9590        1.0127
    649.9648        1.0088
    649.9706        1.0030
    649.9764        1.0016
    649.9821        1.0010
    649.9879        1.0022
    649.9937        1.0037
    649.9995        1.0003
    650.0053        0.9948
    650.0111        0.9968
    650.0168        1.0020
    650.0226        1.0064
    650.0284        1.0104
    650.0342        1.0129
    650.0400        1.0143
    650.0458        1.0090
    650.0516        0.9983
    650.0573        0.9932
    650.0631        0.9933
    650.0689        0.9975
    650.0747        1.0061
    650.0805        1.0093
    650.0863        1.0053
    650.0921        1.0031
    650.0978        1.0037
    650.1036        1.0076
    650.1094        1.0178
    650.1152        1.0249
    650.1210        1.0248
    650.1268        1.0216
    650.1325        1.0092
    650.1383        0.9992
    650.1441        0.9986
    650.1499        0.9979
    650.1557        0.9970
    650.1615        0.9955
    650.1673        0.9898
    650.1730        0.9852
    650.1788        0.9895
    650.1846        0.9938
    650.1904        0.9980
    650.1962        1.0021
    650.2020        1.0003
    650.2078        0.9984
    650.2135        1.0037
    650.2193        1.0092
    650.2251        1.0216
    650.2309        1.0346
    650.2367        1.0269
    650.2425        1.0160
    650.2482        1.0119
    650.2540        1.0093
    650.2598        1.0087
    650.2656        1.0087
    650.2714        1.0093
    650.2772        1.0100
    650.2830        1.0066
    650.2887        1.0016
    650.2945        0.9968
    650.3003        0.9922
    650.3061        0.9958
    650.3119        1.0046
    650.3177        1.0091
    650.3235        1.0105
    650.3292        1.0162
    650.3350        1.0257
    650.3408        1.0275
    650.3466        1.0215
    650.3524        1.0170
    650.3582        1.0146
    650.3639        1.0117
    650.3697        1.0083
    650.3755        1.0078
    650.3813        1.0127
    650.3871        1.0153
    650.3929        1.0135
    650.3987        1.0125
    650.4044        1.0133
    650.4102        1.0128
    650.4160        1.0085
    650.4218        1.0053
    650.4276        1.0062
    650.4334        1.0073
    650.4392        1.0096
    650.4449        1.0123
    650.4507        1.0183
    650.4565        1.0229
    650.4623        1.0128
    650.4681        1.0032
    650.4739        1.0056
    650.4796        1.0079
    650.4854        1.0050
    650.4912        1.0022
    650.4970        1.0064
    650.5028        1.0110
    650.5086        1.0038
    650.5144        0.9954
    650.5201        0.9981
    650.5259        1.0024
    650.5317        1.0061
    650.5375        1.0097
    650.5433        1.0054
    650.5491        0.9990
    650.5549        1.0005
    650.5606        1.0042
    650.5664        1.0069
    650.5722        1.0093
    650.5780        1.0081
    650.5838        1.0052
    650.5896        1.0073
    650.5953        1.0122
    650.6011        1.0106
    650.6069        1.0049
    650.6127        1.0010
    650.6185        0.9988
    650.6243        0.9964
    650.6301        0.9939
    650.6358        0.9952
    650.6416        1.0003
    650.6474        1.0025
    650.6532        1.0011
    650.6590        0.9991
    650.6648        0.9960
    650.6706        0.9939
    650.6763        0.9932
    650.6821        0.9917
    650.6879        0.9884
    650.6937        0.9907
    650.6995        1.0060
    650.7053        1.0194
    650.7110        1.0270
    650.7168        1.0292
    650.7226        1.0121
    650.7284        0.9986
    650.7342        1.0011
    650.7400        1.0062
    650.7458        1.0272
    650.7515        1.0470
    650.7573        1.0574
    650.7631        1.0667
    650.7689        1.0616
    650.7747        1.0562
    650.7805        1.0450
    650.7863        1.0337
    650.7920        1.0323
    650.7978        1.0308
    650.8036        1.0128
    650.8094        0.9940
    650.8152        0.9928
    650.8210        0.9930
    650.8267        0.9967
    650.8325        1.0010
    650.8383        1.0070
    650.8441        1.0132
    650.8499        1.0149
    650.8557        1.0154
    650.8615        1.0079
    650.8672        0.9983
    650.8730        0.9974
    650.8788        0.9995
    650.8846        0.9998
    650.8904        0.9993
    650.8962        1.0050
    650.9020        1.0138
    650.9077        1.0134
    650.9135        1.0077
    650.9193        1.0068
    650.9251        1.0090
    650.9309        1.0124
    650.9367        1.0170
    650.9424        1.0201
    650.9482        1.0217
    650.9540        1.0207
    650.9598        1.0169
    650.9656        1.0164
    650.9714        1.0197
    650.9772        1.0182
    650.9829        1.0099
    650.9887        1.0045
    650.9945        1.0037
    651.0003        1.0033
    651.0061        1.0040
    651.0119        1.0070
    651.0177        1.0153
    651.0234        1.0198
    651.0292        1.0145
    651.0350        1.0085
    651.0408        1.0005
    651.0466        0.9955
    651.0524        1.0025
    651.0581        1.0076
    651.0639        1.0038
    651.0697        1.0003
    651.0755        0.9989
    651.0813        0.9983
    651.0871        1.0049
    651.0929        1.0111
    651.0986        1.0137
    651.1044        1.0164
    651.1102        1.0211
    651.1160        1.0258
    651.1218        1.0192
    651.1276        1.0125
    651.1334        1.0109
    651.1391        1.0095
    651.1449        1.0083
    651.1507        1.0071
    651.1565        1.0177
    651.1623        1.0297
    651.1681        1.0245
    651.1738        1.0166
    651.1796        1.0118
    651.1854        1.0077
    651.1912        1.0053
    651.1970        1.0032
    651.2028        1.0022
    651.2086        1.0016
    651.2143        1.0021
    651.2201        1.0030
    651.2259        1.0026
    651.2317        1.0015
    651.2375        1.0025
    651.2433        1.0044
    651.2491        1.0082
    651.2548        1.0133
    651.2606        1.0130
    651.2664        1.0091
    651.2722        1.0109
    651.2780        1.0170
    651.2838        1.0208
    651.2895        1.0223
    651.2953        1.0214
    651.3011        1.0179
    651.3069        1.0122
    651.3127        1.0040
    651.3185        1.0016
    651.3243        1.0073
    651.3300        1.0101
    651.3358        1.0089
    651.3416        1.0070
    651.3474        1.0035
    651.3532        1.0021
    651.3590        1.0046
    651.3648        1.0075
    651.3705        1.0114
    651.3763        1.0134
    651.3821        1.0106
    651.3879        1.0070
    651.3937        1.0011
    651.3995        0.9972
    651.4052        1.0003
    651.4110        1.0033
    651.4168        1.0058
    651.4226        1.0075
    651.4284        1.0045
    651.4342        1.0026
    651.4400        1.0082
    651.4457        1.0126
    651.4515        1.0046
    651.4573        0.9969
    651.4631        0.9983
    651.4689        0.9997
    651.4747        0.9980
    651.4805        0.9963
    651.4862        0.9908
    651.4920        0.9851
    651.4978        0.9885
    651.5036        0.9921
    651.5094        0.9937
    651.5152        0.9952
    651.5209        0.9998
    651.5267        1.0046
    651.5325        1.0089
    651.5383        1.0131
    651.5441        1.0075
    651.5499        1.0000
    651.5557        0.9926
    651.5614        0.9854
    651.5672        0.9893
    651.5730        0.9963
    651.5788        1.0033
    651.5846        1.0102
    651.5904        1.0050
    651.5962        0.9948
    651.6019        0.9939
    651.6077        0.9971
    651.6135        0.9990
    651.6193        1.0003
    651.6251        0.9944
    651.6309        0.9844
    651.6366        0.9764
    651.6424        0.9695
    651.6482        0.9686
    651.6540        0.9721
    651.6598        0.9744
    651.6656        0.9757
    651.6714        0.9731
    651.6771        0.9669
    651.6829        0.9628
    651.6887        0.9611
    651.6945        0.9643
    651.7003        0.9738
    651.7061        0.9832
    651.7119        0.9926
    651.7176        0.9950
    651.7234        0.9869
    651.7292        0.9813
    651.7350        0.9799
    651.7408        0.9824
    651.7466        0.9923
    651.7523        0.9994
    651.7581        1.0002
    651.7639        1.0013
    651.7697        1.0035
    651.7755        1.0046
    651.7813        1.0033
    651.7871        1.0003
    651.7928        0.9912
    651.7986        0.9835
    651.8044        0.9804
    651.8102        0.9769
    651.8160        0.9709
    651.8218        0.9665
    651.8276        0.9713
    651.8333        0.9765
    651.8391        0.9836
    651.8449        0.9902
    651.8507        0.9910
    651.8565        0.9921
    651.8623        0.9954
    651.8680        0.9987
    651.8738        1.0026
    651.8796        1.0065
    651.8854        1.0004
    651.8912        0.9944
    651.8970        0.9900
    651.9028        0.9858
    651.9085        0.9831
    651.9143        0.9805
    651.9201        0.9834
    651.9259        0.9866
    651.9317        0.9863
    651.9375        0.9855
    651.9433        0.9831
    651.9490        0.9806
    651.9548        0.9866
    651.9606        0.9941
    651.9664        0.9903
    651.9722        0.9841
    651.9780        0.9748
    651.9837        0.9647
    651.9895        0.9727
    651.9953        0.9860
    652.0011        0.9898
    652.0069        0.9901
    652.0127        0.9895
    652.0185        0.9887
    652.0242        0.9904
    652.0300        0.9933
    652.0358        0.9978
    652.0416        1.0031
    652.0474        1.0007
    652.0532        0.9940
    652.0590        0.9902
    652.0647        0.9883
    652.0705        0.9921
    652.0763        1.0000
    652.0821        1.0038
    652.0879        1.0043
    652.0937        1.0033
    652.0994        1.0011
    652.1052        0.9975
    652.1110        0.9927
    652.1168        0.9916
    652.1226        0.9943
    652.1284        0.9988
    652.1342        1.0054
    652.1399        1.0094
    652.1457        1.0102
    652.1515        1.0101
    652.1573        1.0089
    652.1631        1.0079
    652.1689        1.0070
    652.1747        1.0036
    652.1804        0.9956
    652.1862        0.9889
    652.1920        0.9847
    652.1978        0.9816
    652.2036        0.9809
    652.2094        0.9833
    652.2151        0.9930
    652.2209        1.0017
    652.2267        1.0073
    652.2325        1.0092
    652.2383        0.9992
    652.2441        0.9894
    652.2499        0.9801
    652.2556        0.9739
    652.2614        0.9799
    652.2672        0.9854
    652.2730        0.9895
    652.2788        0.9929
    652.2846        0.9940
    652.2904        0.9946
    652.2961        0.9921
    652.3019        0.9899
    652.3077        0.9896
    652.3135        0.9899
    652.3193        0.9968
    652.3251        1.0031
    652.3308        0.9986
    652.3366        0.9943
    652.3424        0.9951
    652.3482        0.9959
    652.3540        0.9907
    652.3598        0.9855
    652.3656        0.9862
    652.3713        0.9870
    652.3771        0.9833
    652.3829        0.9794
    652.3887        0.9789
    652.3945        0.9785
    652.4003        0.9834
    652.4061        0.9888
    652.4118        0.9957
    652.4176        1.0028
    652.4234        1.0050
    652.4292        1.0066
    652.4350        0.9945
    652.4408        0.9803
    652.4465        0.9799
    652.4523        0.9824
    652.4581        0.9856
    652.4639        0.9891
    652.4697        0.9929
    652.4755        0.9968
    652.4813        0.9994
    652.4870        1.0014
    652.4928        1.0012
    652.4986        1.0003
    652.5044        0.9957
    652.5102        0.9899
    652.5160        0.9882
    652.5218        0.9881
    652.5275        0.9810
    652.5333        0.9705
    652.5391        0.9722
    652.5449        0.9798
    652.5507        0.9823
    652.5565        0.9821
    652.5622        0.9824
    652.5680        0.9829
    652.5738        0.9838
    652.5796        0.9850
    652.5854        0.9905
    652.5912        0.9994
    652.5970        1.0021
    652.6027        1.0000
    652.6085        0.9954
    652.6143        0.9886
    652.6201        0.9873
    652.6259        0.9913
    652.6317        0.9948
    652.6375        0.9978
    652.6432        0.9981
    652.6490        0.9953
    652.6548        0.9936
    652.6606        0.9932
    652.6664        0.9926
    652.6722        0.9919
    652.6779        0.9922
    652.6837        0.9942
    652.6895        0.9985
    652.6953        1.0065
    652.7011        1.0113
    652.7069        1.0110
    652.7127        1.0070
    652.7184        0.9964
    652.7242        0.9923
    652.7300        1.0003
    652.7358        1.0047
    652.7416        1.0020
    652.7474        0.9992
    652.7532        0.9966
    652.7589        0.9918
    652.7647        0.9817
    652.7705        0.9738
    652.7763        0.9721
    652.7821        0.9707
    652.7879        0.9700
    652.7936        0.9727
    652.7994        0.9864
    652.8052        0.9983
    652.8110        1.0039
    652.8168        1.0067
    652.8226        0.9981
    652.8284        0.9915
    652.8341        0.9951
    652.8399        0.9982
    652.8457        0.9987
    652.8515        0.9990
    652.8573        0.9988
    652.8631        0.9984
    652.8689        0.9961
    652.8746        0.9949
    652.8804        1.0020
    652.8862        1.0081
    652.8920        1.0034
    652.8978        0.9986
    652.9036        0.9918
    652.9093        0.9853
    652.9151        0.9845
    652.9209        0.9838
    652.9267        0.9868
    652.9325        0.9898
    652.9383        0.9941
    652.9441        0.9982
    652.9498        0.9984
    652.9556        0.9986
    652.9614        0.9944
    652.9672        0.9900
    652.9730        0.9872
    652.9788        0.9844
    652.9846        0.9953
    652.9903        1.0069
    652.9961        1.0027
    653.0019        0.9974
    653.0077        0.9924
    653.0135        0.9875
    653.0193        0.9854
    653.0250        0.9837
    653.0308        0.9955
    653.0366        1.0091
    653.0424        1.0029
    653.0482        0.9937
    653.0540        0.9944
    653.0598        0.9968
    653.0655        0.9940
    653.0713        0.9904
    653.0771        0.9854
    653.0829        0.9800
    653.0887        0.9811
    653.0945        0.9838
    653.1003        0.9816
    653.1060        0.9780
    653.1118        0.9777
    653.1176        0.9785
    653.1234        0.9869
    653.1292        0.9976
    653.1350        0.9956
    653.1407        0.9892
    653.1465        0.9861
    653.1523        0.9842
    653.1581        0.9840
    653.1639        0.9845
    653.1697        0.9853
    653.1755        0.9863
    653.1812        0.9886
    653.1870        0.9915
    653.1928        0.9877
    653.1986        0.9805
    653.2044        0.9811
    653.2102        0.9859
    653.2160        0.9921
    653.2217        0.9992
    653.2275        0.9907
    653.2333        0.9728
    653.2391        0.9689
    653.2449        0.9739
    653.2507        0.9756
    653.2564        0.9751
    653.2622        0.9766
    653.2680        0.9796
    653.2738        0.9838
    653.2796        0.9890
    653.2854        0.9880
    653.2912        0.9822
    653.2969        0.9801
    653.3027        0.9809
    653.3085        0.9810
    653.3143        0.9802
    653.3201        0.9815
    653.3259        0.9846
    653.3317        0.9880
    653.3374        0.9916
    653.3432        0.9918
    653.3490        0.9886
    653.3548        0.9855
    653.3606        0.9826
    653.3664        0.9775
    653.3721        0.9702
    653.3779        0.9656
    653.3837        0.9647
    653.3895        0.9650
    653.3953        0.9670
    653.4011        0.9693
    653.4069        0.9719
    653.4126        0.9733
    653.4184        0.9733
    653.4242        0.9740
    653.4300        0.9759
    653.4358        0.9769
    653.4416        0.9762
    653.4474        0.9785
    653.4531        0.9858
    653.4589        0.9930
    653.4647        0.9998
    653.4705        1.0000
    653.4763        0.9875
    653.4821        0.9789
    653.4878        0.9779
    653.4936        0.9757
    653.4994        0.9711
    653.5052        0.9690
    653.5110        0.9731
    653.5168        0.9768
    653.5226        0.9800
    653.5283        0.9832
    653.5341        0.9866
    653.5399        0.9889
    653.5457        0.9887
    653.5515        0.9858
    653.5573        0.9756
    653.5631        0.9689
    653.5688        0.9730
    653.5746        0.9771
    653.5804        0.9808
    653.5862        0.9846
    653.5920        0.9891
    653.5978        0.9911
    653.6035        0.9846
    653.6093        0.9785
    653.6151        0.9739
    653.6209        0.9709
    653.6267        0.9742
    653.6325        0.9778
    653.6383        0.9822
    653.6440        0.9860
    653.6498        0.9864
    653.6556        0.9853
    653.6614        0.9758
    653.6672        0.9676
    653.6730        0.9662
    653.6788        0.9646
    653.6845        0.9618
    653.6903        0.9609
    653.6961        0.9711
    653.7019        0.9792
    653.7077        0.9722
    653.7135        0.9661
    653.7192        0.9659
    653.7250        0.9658
    653.7308        0.9669
    653.7366        0.9672
    653.7424        0.9610
    653.7482        0.9558
    653.7540        0.9612
    653.7597        0.9671
    653.7655        0.9788
    653.7713        0.9896
    653.7771        0.9859
    653.7829        0.9823
    653.7887        0.9792
    653.7945        0.9764
    653.8002        0.9750
    653.8060        0.9734
    653.8118        0.9716
    653.8176        0.9702
    653.8234        0.9807
    653.8292        0.9909
    653.8349        0.9829
    653.8407        0.9750
    653.8465        0.9765
    653.8523        0.9781
    653.8581        0.9747
    653.8639        0.9711
    653.8697        0.9805
    653.8754        0.9899
    653.8812        0.9860
    653.8870        0.9819
    653.8928        0.9816
    653.8986        0.9816
    653.9044        0.9737
    653.9102        0.9656
    653.9159        0.9616
    653.9217        0.9579
    653.9275        0.9712
    653.9333        0.9852
    653.9391        0.9838
    653.9449        0.9814
    653.9506        0.9734
    653.9564        0.9649
    653.9622        0.9686
    653.9680        0.9734
    653.9738        0.9799
    653.9796        0.9866
    653.9854        0.9854
    653.9911        0.9835
    653.9969        0.9852
    654.0027        0.9874
    654.0085        0.9843
    654.0143        0.9808
    654.0201        0.9799
    654.0259        0.9792
    654.0316        0.9780
    654.0374        0.9767
    654.0432        0.9792
    654.0490        0.9821
    654.0548        0.9747
    654.0606        0.9657
    654.0663        0.9617
    654.0721        0.9587
    654.0779        0.9666
    654.0837        0.9763
    654.0895        0.9756
    654.0953        0.9730
    654.1011        0.9685
    654.1068        0.9636
    654.1126        0.9564
    654.1184        0.9488
    654.1242        0.9515
    654.1300        0.9563
    654.1358        0.9603
    654.1416        0.9640
    654.1473        0.9656
    654.1531        0.9667
    654.1589        0.9715
    654.1647        0.9771
    654.1705        0.9726
    654.1763        0.9658
    654.1820        0.9604
    654.1878        0.9551
    654.1936        0.9581
    654.1994        0.9631
    654.2052        0.9685
    654.2110        0.9740
    654.2168        0.9702
    654.2225        0.9640
    654.2283        0.9597
    654.2341        0.9560
    654.2399        0.9583
    654.2457        0.9622
    654.2515        0.9623
    654.2573        0.9612
    654.2630        0.9633
    654.2688        0.9662
    654.2746        0.9568
    654.2804        0.9437
    654.2862        0.9422
    654.2920        0.9443
    654.2977        0.9518
    654.3035        0.9611
    654.3093        0.9649
    654.3151        0.9668
    654.3209        0.9624
    654.3267        0.9560
    654.3325        0.9565
    654.3382        0.9594
    654.3440        0.9565
    654.3498        0.9515
    654.3556        0.9476
    654.3614        0.9441
    654.3672        0.9418
    654.3730        0.9401
    654.3787        0.9443
    654.3845        0.9505
    654.3903        0.9493
    654.3961        0.9453
    654.4019        0.9431
    654.4077        0.9417
    654.4134        0.9379
    654.4192        0.9332
    654.4250        0.9329
    654.4308        0.9342
    654.4366        0.9363
    654.4424        0.9388
    654.4482        0.9403
    654.4539        0.9413
    654.4597        0.9412
    654.4655        0.9406
    654.4713        0.9385
    654.4771        0.9357
    654.4829        0.9355
    654.4887        0.9362
    654.4944        0.9353
    654.5002        0.9338
    654.5060        0.9297
    654.5118        0.9246
    654.5176        0.9284
    654.5234        0.9362
    654.5291        0.9374
    654.5349        0.9356
    654.5407        0.9312
    654.5465        0.9257
    654.5523        0.9248
    654.5581        0.9260
    654.5639        0.9242
    654.5696        0.9211
    654.5754        0.9274
    654.5812        0.9380
    654.5870        0.9365
    654.5928        0.9295
    654.5986        0.9276
    654.6044        0.9281
    654.6101        0.9331
    654.6159        0.9401
    654.6217        0.9384
    654.6275        0.9328
    654.6333        0.9316
    654.6391        0.9324
    654.6448        0.9306
    654.6506        0.9275
    654.6564        0.9275
    654.6622        0.9292
    654.6680        0.9257
    654.6738        0.9199
    654.6796        0.9218
    654.6853        0.9275
    654.6911        0.9285
    654.6969        0.9275
    654.7027        0.9253
    654.7085        0.9225
    654.7143        0.9149
    654.7201        0.9052
    654.7258        0.9018
    654.7316        0.9015
    654.7374        0.9030
    654.7432        0.9054
    654.7490        0.9147
    654.7548        0.9274
    654.7605        0.9263
    654.7663        0.9186
    654.7721        0.9132
    654.7779        0.9090
    654.7837        0.9053
    654.7895        0.9017
    654.7953        0.9071
    654.8010        0.9169
    654.8068        0.9144
    654.8126        0.9061
    654.8184        0.9055
    654.8242        0.9087
    654.8300        0.9098
    654.8358        0.9099
    654.8415        0.9116
    654.8473        0.9138
    654.8531        0.9146
    654.8589        0.9149
    654.8647        0.9174
    654.8705        0.9211
    654.8762        0.9167
    654.8820        0.9085
    654.8878        0.9063
    654.8936        0.9069
    654.8994        0.9082
    654.9052        0.9098
    654.9110        0.9150
    654.9167        0.9219
    654.9225        0.9218
    654.9283        0.9186
    654.9341        0.9203
    654.9399        0.9245
    654.9457        0.9264
    654.9515        0.9272
    654.9572        0.9276
    654.9630        0.9279
    654.9688        0.9208
    654.9746        0.9105
    654.9804        0.8989
    654.9862        0.8868
    654.9919        0.8919
    654.9977        0.9045
    655.0035        0.9105
    655.0093        0.9137
    655.0151        0.9128
    655.0209        0.9100
    655.0267        0.9079
    655.0324        0.9060
    655.0382        0.9009
    655.0440        0.8945
    655.0498        0.8996
    655.0556        0.9093
    655.0614        0.9116
    655.0672        0.9107
    655.0729        0.9077
    655.0787        0.9037
    655.0845        0.9006
    655.0903        0.8977
    655.0961        0.9018
    655.1019        0.9086
    655.1076        0.9027
    655.1134        0.8922
    655.1192        0.8877
    655.1250        0.8855
    655.1308        0.8849
    655.1366        0.8850
    655.1424        0.8871
    655.1481        0.8899
    655.1539        0.8900
    655.1597        0.8889
    655.1655        0.8882
    655.1713        0.8876
    655.1771        0.8868
    655.1829        0.8859
    655.1886        0.8863
    655.1944        0.8872
    655.2002        0.8881
    655.2060        0.8890
    655.2118        0.8892
    655.2176        0.8891
    655.2233        0.8950
    655.2291        0.9027
    655.2349        0.8940
    655.2407        0.8805
    655.2465        0.8765
    655.2523        0.8751
    655.2581        0.8738
    655.2638        0.8725
    655.2696        0.8751
    655.2754        0.8788
    655.2812        0.8838
    655.2870        0.8892
    655.2928        0.8902
    655.2986        0.8901
    655.3043        0.8865
    655.3101        0.8819
    655.3159        0.8758
    655.3217        0.8693
    655.3275        0.8692
    655.3333        0.8705
    655.3390        0.8726
    655.3448        0.8750
    655.3506        0.8730
    655.3564        0.8699
    655.3622        0.8641
    655.3680        0.8577
    655.3738        0.8588
    655.3795        0.8617
    655.3853        0.8592
    655.3911        0.8556
    655.3969        0.8609
    655.4027        0.8678
    655.4085        0.8711
    655.4143        0.8739
    655.4200        0.8731
    655.4258        0.8716
    655.4316        0.8722
    655.4374        0.8732
    655.4432        0.8779
    655.4490        0.8834
    655.4547        0.8773
    655.4605        0.8696
    655.4663        0.8696
    655.4721        0.8706
    655.4779        0.8709
    655.4837        0.8711
    655.4895        0.8723
    655.4952        0.8737
    655.5010        0.8749
    655.5068        0.8761
    655.5126        0.8701
    655.5184        0.8635
    655.5242        0.8691
    655.5300        0.8759
    655.5357        0.8742
    655.5415        0.8717
    655.5473        0.8751
    655.5531        0.8788
    655.5589        0.8711
    655.5647        0.8626
    655.5704        0.8768
    655.5762        0.8922
    655.5820        0.8929
    655.5878        0.8929
    655.5936        0.8902
    655.5994        0.8874
    655.6052        0.8865
    655.6109        0.8858
    655.6167        0.8922
    655.6225        0.8988
    655.6283        0.9070
    655.6341        0.9152
    655.6399        0.9124
    655.6457        0.9097
    655.6514        0.9066
    655.6572        0.9036
    655.6630        0.9088
    655.6688        0.9135
    655.6746        0.9011
    655.6804        0.8893
    655.6861        0.9035
    655.6919        0.9172
    655.6977        0.9253
    655.7035        0.9331
    655.7093        0.9376
    655.7151        0.9415
    655.7209        0.9357
    655.7266        0.9301
    655.7324        0.9267
    655.7382        0.9250
    655.7440        0.9443
    655.7498        0.9617
    655.7556        0.9624
    655.7614        0.9640
    655.7671        0.9736
    655.7729        0.9827
    655.7787        0.9881
    655.7845        0.9930
    655.7903        0.9944
    655.7961        0.9957
    655.8018        0.9963
    655.8076        0.9979
    655.8134        1.0056
    655.8192        1.0137
    655.8250        1.0247
    655.8308        1.0361
    655.8366        1.0503
    655.8423        1.0614
    655.8481        1.0570
    655.8539        1.0554
    655.8597        1.0673
    655.8655        1.0781
    655.8713        1.0829
    655.8771        1.0908
    655.8828        1.1107
    655.8886        1.1276
    655.8944        1.1336
    655.9002        1.1404
    655.9060        1.1499
    655.9118        1.1596
    655.9175        1.1702
    655.9233        1.1818
    655.9291        1.1967
    655.9349        1.2129
    655.9407        1.2330
    655.9465        1.2504
    655.9523        1.2600
    655.9580        1.2690
    655.9638        1.2760
    655.9696        1.2857
    655.9754        1.3015
    655.9812        1.3169
    655.9870        1.3308
    655.9928        1.3453
    655.9985        1.3608
    656.0043        1.3749
    656.0101        1.3859
    656.0159        1.4014
    656.0217        1.4262
    656.0275        1.4434
    656.0332        1.4462
    656.0390        1.4565
    656.0448        1.4799
    656.0506        1.5015
    656.0564        1.5196
    656.0622        1.5309
    656.0680        1.5312
    656.0737        1.5414
    656.0795        1.5671
    656.0853        1.5865
    656.0911        1.5968
    656.0969        1.6036
    656.1027        1.6052
    656.1085        1.6062
    656.1142        1.6062
    656.1200        1.6156
    656.1258        1.6367
    656.1316        1.6505
    656.1374        1.6559
    656.1432        1.6606
    656.1489        1.6646
    656.1547        1.6638
    656.1605        1.6578
    656.1663        1.6507
    656.1721        1.6424
    656.1779        1.6381
    656.1837        1.6375
    656.1894        1.6319
    656.1952        1.6215
    656.2010        1.6162
    656.2068        1.6153
    656.2126        1.6044
    656.2184        1.5855
    656.2242        1.5724
    656.2299        1.5638
    656.2357        1.5422
    656.2415        1.5115
    656.2473        1.4895
    656.2531        1.4736
    656.2589        1.4587
    656.2646        1.4448
    656.2704        1.4312
    656.2762        1.4178
    656.2820        1.4015
    656.2878        1.3835
    656.2936        1.3733
    656.2994        1.3673
    656.3051        1.3578
    656.3109        1.3464
    656.3167        1.3382
    656.3225        1.3313
    656.3283        1.3320
    656.3341        1.3362
    656.3399        1.3454
    656.3456        1.3566
    656.3514        1.3550
    656.3572        1.3486
    656.3630        1.3605
    656.3688        1.3788
    656.3746        1.3808
    656.3803        1.3776
    656.3861        1.3853
    656.3919        1.3961
    656.3977        1.4041
    656.4035        1.4115
    656.4093        1.4244
    656.4151        1.4385
    656.4208        1.4609
    656.4266        1.4851
    656.4324        1.5091
    656.4382        1.5329
    656.4440        1.5500
    656.4498        1.5660
    656.4556        1.5851
    656.4613        1.6046
    656.4671        1.6210
    656.4729        1.6370
    656.4787        1.6330
    656.4845        1.6268
    656.4903        1.6364
    656.4960        1.6474
    656.5018        1.6598
    656.5076        1.6722
    656.5134        1.6812
    656.5192        1.6901
    656.5250        1.6756
    656.5308        1.6603
    656.5365        1.6586
    656.5423        1.6572
    656.5481        1.6467
    656.5539        1.6362
    656.5597        1.6230
    656.5655        1.6101
    656.5713        1.6084
    656.5770        1.6054
    656.5828        1.5782
    656.5886        1.5530
    656.5944        1.5509
    656.6002        1.5482
    656.6060        1.5398
    656.6117        1.5301
    656.6175        1.5103
    656.6233        1.4911
    656.6291        1.4770
    656.6349        1.4634
    656.6407        1.4539
    656.6465        1.4424
    656.6522        1.4200
    656.6580        1.3999
    656.6638        1.3902
    656.6696        1.3784
    656.6754        1.3578
    656.6812        1.3379
    656.6870        1.3211
    656.6927        1.3057
    656.6985        1.2954
    656.7043        1.2844
    656.7101        1.2719
    656.7159        1.2584
    656.7217        1.2425
    656.7274        1.2297
    656.7332        1.2246
    656.7390        1.2146
    656.7448        1.1935
    656.7506        1.1760
    656.7564        1.1662
    656.7622        1.1567
    656.7679        1.1481
    656.7737        1.1363
    656.7795        1.1191
    656.7853        1.1040
    656.7911        1.0924
    656.7969        1.0855
    656.8027        1.0850
    656.8084        1.0805
    656.8142        1.0708
    656.8200        1.0589
    656.8258        1.0442
    656.8316        1.0361
    656.8374        1.0359
    656.8431        1.0262
    656.8489        1.0064
    656.8547        0.9993
    656.8605        1.0048
    656.8663        1.0029
    656.8721        0.9943
    656.8779        0.9839
    656.8836        0.9720
    656.8894        0.9644
    656.8952        0.9601
    656.9010        0.9597
    656.9068        0.9622
    656.9126        0.9573
    656.9184        0.9475
    656.9241        0.9460
    656.9299        0.9494
    656.9357        0.9517
    656.9415        0.9535
    656.9473        0.9429
    656.9531        0.9259
    656.9588        0.9285
    656.9646        0.9400
    656.9704        0.9327
    656.9762        0.9175
    656.9820        0.9138
    656.9878        0.9142
    656.9936        0.9130
    656.9993        0.9112
    657.0051        0.9062
    657.0109        0.9003
    657.0167        0.8994
    657.0225        0.8998
    657.0283        0.9012
    657.0341        0.9030
    657.0398        0.8910
    657.0456        0.8765
    657.0514        0.8808
    657.0572        0.8883
    657.0630        0.8844
    657.0688        0.8790
    657.0745        0.8776
    657.0803        0.8768
    657.0861        0.8666
    657.0919        0.8557
    657.0977        0.8622
    657.1035        0.8696
    657.1093        0.8584
    657.1150        0.8467
    657.1208        0.8468
    657.1266        0.8471
    657.1324        0.8604
    657.1382        0.8730
    657.1440        0.8670
    657.1498        0.8616
    657.1555        0.8631
    657.1613        0.8640
    657.1671        0.8570
    657.1729        0.8505
    657.1787        0.8475
    657.1845        0.8451
    657.1902        0.8469
    657.1960        0.8486
    657.2018        0.8499
    657.2076        0.8502
    657.2134        0.8458
    657.2192        0.8428
    657.2250        0.8456
    657.2307        0.8493
    657.2365        0.8558
    657.2423        0.8592
    657.2481        0.8534
    657.2539        0.8512
    657.2597        0.8591
    657.2655        0.8646
    657.2712        0.8645
    657.2770        0.8617
    657.2828        0.8537
    657.2886        0.8519
    657.2944        0.8625
    657.3002        0.8671
    657.3059        0.8615
    657.3117        0.8622
    657.3175        0.8730
    657.3233        0.8789
    657.3291        0.8778
    657.3349        0.8734
    657.3407        0.8646
    657.3464        0.8639
    657.3522        0.8729
    657.3580        0.8735
    657.3638        0.8653
    657.3696        0.8640
    657.3754        0.8694
    657.3812        0.8680
    657.3869        0.8607
    657.3927        0.8613
    657.3985        0.8681
    657.4043        0.8701
    657.4101        0.8688
    657.4159        0.8682
    657.4216        0.8678
    657.4274        0.8704
    657.4332        0.8745
    657.4390        0.8751
    657.4448        0.8741
    657.4506        0.8722
    657.4564        0.8701
    657.4621        0.8782
    657.4679        0.8905
    657.4737        0.8807
    657.4795        0.8632
    657.4853        0.8620
    657.4911        0.8659
    657.4969        0.8647
    657.5026        0.8624
    657.5084        0.8628
    657.5142        0.8639
    657.5200        0.8681
    657.5258        0.8731
    657.5316        0.8713
    657.5373        0.8686
    657.5431        0.8755
    657.5489        0.8834
    657.5547        0.8829
    657.5605        0.8817
    657.5663        0.8788
    657.5721        0.8759
    657.5778        0.8786
    657.5836        0.8814
    657.5894        0.8862
    657.5952        0.8908
    657.6010        0.8878
    657.6068        0.8854
    657.6126        0.8930
    657.6183        0.8994
    657.6241        0.8946
    657.6299        0.8907
    657.6357        0.8945
    657.6415        0.8964
    657.6473        0.8873
    657.6530        0.8812
    657.6588        0.8889
    657.6646        0.8963
    657.6704        0.9027
    657.6762        0.9064
    657.6820        0.9008
    657.6878        0.8973
    657.6935        0.9002
    657.6993        0.9037
    657.7051        0.9091
    657.7109        0.9082
    657.7167        0.8936
    657.7225        0.8829
    657.7283        0.8799
    657.7340        0.8839
    657.7398        0.9002
    657.7456        0.9104
    657.7514        0.9114
    657.7572        0.9099
    657.7630        0.9049
    657.7687        0.9013
    657.7745        0.8994
    657.7803        0.8960
    657.7861        0.8912
    657.7919        0.8918
    657.7977        0.8978
    657.8035        0.9000
    657.8092        0.8993
    657.8150        0.9021
    657.8208        0.9077
    657.8266        0.9107
    657.8324        0.9121
    657.8382        0.9121
    657.8440        0.9112
    657.8497        0.9143
    657.8555        0.9196
    657.8613        0.9141
    657.8671        0.9039
    657.8729        0.9010
    657.8787        0.9010
    657.8844        0.9108
    657.8902        0.9240
    657.8960        0.9244
    657.9018        0.9213
    657.9076        0.9228
    657.9134        0.9254
    657.9192        0.9244
    657.9249        0.9228
    657.9307        0.9189
    657.9365        0.9146
    657.9423        0.9150
    657.9481        0.9158
    657.9539        0.9157
    657.9597        0.9155
    657.9654        0.9185
    657.9712        0.9215
    657.9770        0.9137
    657.9828        0.9062
    657.9886        0.9202
    657.9944        0.9333
    658.0001        0.9309
    658.0059        0.9281
    658.0117        0.9211
    658.0175        0.9157
    658.0233        0.9218
    658.0291        0.9269
    658.0349        0.9267
    658.0406        0.9254
    658.0464        0.9197
    658.0522        0.9157
    658.0580        0.9186
    658.0638        0.9200
    658.0696        0.9167
    658.0754        0.9153
    658.0811        0.9187
    658.0869        0.9215
    658.0927        0.9226
    658.0985        0.9253
    658.1043        0.9311
    658.1101        0.9378
    658.1158        0.9458
    658.1216        0.9463
    658.1274        0.9356
    658.1332        0.9281
    658.1390        0.9251
    658.1448        0.9248
    658.1506        0.9276
    658.1563        0.9278
    658.1621        0.9250
    658.1679        0.9257
    658.1737        0.9295
    658.1795        0.9316
    658.1853        0.9325
    658.1911        0.9275
    658.1968        0.9186
    658.2026        0.9157
    658.2084        0.9164
    658.2142        0.9227
    658.2200        0.9319
    658.2258        0.9359
    658.2315        0.9375
    658.2373        0.9403
    658.2431        0.9435
    658.2489        0.9373
    658.2547        0.9279
    658.2605        0.9319
    658.2663        0.9392
    658.2720        0.9407
    658.2778        0.9409
    658.2836        0.9383
    658.2894        0.9352
    658.2952        0.9240
    658.3010        0.9118
    658.3068        0.9208
    658.3125        0.9316
    658.3183        0.9316
    658.3241        0.9313
    658.3299        0.9268
    658.3357        0.9229
    658.3415        0.9389
    658.3472        0.9531
    658.3530        0.9406
    658.3588        0.9300
    658.3646        0.9368
    658.3704        0.9427
    658.3762        0.9442
    658.3820        0.9452
    658.3877        0.9441
    658.3935        0.9436
    658.3993        0.9451
    658.4051        0.9454
    658.4109        0.9420
    658.4167        0.9408
    658.4225        0.9453
    658.4282        0.9507
    658.4340        0.9581
    658.4398        0.9588
    658.4456        0.9463
    658.4514        0.9388
    658.4572        0.9395
    658.4629        0.9424
    658.4687        0.9485
    658.4745        0.9501
    658.4803        0.9465
    658.4861        0.9446
    658.4919        0.9449
    658.4977        0.9416
    658.5034        0.9352
    658.5092        0.9372
    658.5150        0.9459
    658.5208        0.9416
    658.5266        0.9284
    658.5324        0.9282
    658.5382        0.9354
    658.5439        0.9411
    658.5497        0.9461
    658.5555        0.9480
    658.5613        0.9488
    658.5671        0.9540
    658.5729        0.9609
    658.5786        0.9543
    658.5844        0.9438
    658.5902        0.9476
    658.5960        0.9550
    658.6018        0.9586
    658.6076        0.9615
    658.6134        0.9551
    658.6191        0.9475
    658.6249        0.9397
    658.6307        0.9319
    658.6365        0.9312
    658.6423        0.9310
    658.6481        0.9333
    658.6539        0.9354
    658.6596        0.9318
    658.6654        0.9288
    658.6712        0.9333
    658.6770        0.9386
    658.6828        0.9512
    658.6886        0.9614
    658.6943        0.9583
    658.7001        0.9575
    658.7059        0.9661
    658.7117        0.9724
    658.7175        0.9700
    658.7233        0.9667
    658.7291        0.9612
    658.7348        0.9608
    658.7406        0.9727
    658.7464        0.9742
    658.7522        0.9551
    658.7580        0.9437
    658.7638        0.9455
    658.7696        0.9474
    658.7753        0.9496
    658.7811        0.9531
    658.7869        0.9583
    658.7927        0.9560
    658.7985        0.9456
    658.8043        0.9418
    658.8100        0.9438
    658.8158        0.9512
    658.8216        0.9624
    658.8274        0.9687
    658.8332        0.9715
    658.8390        0.9728
    658.8448        0.9732
    658.8505        0.9651
    658.8563        0.9531
    658.8621        0.9526
    658.8679        0.9564
    658.8737        0.9522
    658.8795        0.9457
    658.8853        0.9530
    658.8910        0.9639
    658.8968        0.9645
    658.9026        0.9632
    658.9084        0.9669
    658.9142        0.9713
    658.9200        0.9733
    658.9257        0.9750
    658.9315        0.9705
    658.9373        0.9657
    658.9431        0.9752
    658.9489        0.9838
    658.9547        0.9715
    658.9605        0.9605
    658.9662        0.9629
    658.9720        0.9643
    658.9778        0.9582
    658.9836        0.9541
    658.9894        0.9596
    658.9952        0.9625
    659.0010        0.9554
    659.0067        0.9529
    659.0125        0.9655
    659.0183        0.9713
    659.0241        0.9607
    659.0299        0.9556
    659.0357        0.9620
    659.0414        0.9636
    659.0472        0.9566
    659.0530        0.9562
    659.0588        0.9651
    659.0646        0.9627
    659.0704        0.9462
    659.0762        0.9477
    659.0819        0.9681
    659.0877        0.9736
    659.0935        0.9660
    659.0993        0.9619
    659.1051        0.9604
    659.1109        0.9591
    659.1167        0.9579
    659.1224        0.9661
    659.1282        0.9790
    659.1340        0.9759
    659.1398        0.9660
    659.1456        0.9713
    659.1514        0.9821
    659.1571        0.9826
    659.1629        0.9803
    659.1687        0.9766
    659.1745        0.9725
    659.1803        0.9746
    659.1861        0.9776
    659.1919        0.9710
    659.1976        0.9633
    659.2034        0.9696
    659.2092        0.9767
    659.2150        0.9806
    659.2208        0.9839
    659.2266        0.9741
    659.2324        0.9660
    659.2381        0.9772
    659.2439        0.9861
    659.2497        0.9776
    659.2555        0.9711
    659.2613        0.9747
    659.2671        0.9781
    659.2728        0.9808
    659.2786        0.9839
    659.2844        0.9884
    659.2902        0.9876
    659.2960        0.9745
    659.3018        0.9643
    659.3076        0.9599
    659.3133        0.9598
    659.3191        0.9661
    659.3249        0.9688
    659.3307        0.9666
    659.3365        0.9685
    659.3423        0.9751
    659.3481        0.9741
    659.3538        0.9656
    659.3596        0.9640
    659.3654        0.9680
    659.3712        0.9719
    659.3770        0.9758
    659.3828        0.9813
    659.3885        0.9877
    659.3943        0.9868
    659.4001        0.9827
    659.4059        0.9793
    659.4117        0.9763
    659.4175        0.9659
    659.4233        0.9535
    659.4290        0.9595
    659.4348        0.9693
    659.4406        0.9742
    659.4464        0.9783
    659.4522        0.9763
    659.4580        0.9738
    659.4638        0.9728
    659.4695        0.9718
    659.4753        0.9727
    659.4811        0.9723
    659.4869        0.9508
    659.4927        0.9329
    659.4985        0.9496
    659.5042        0.9648
    659.5100        0.9699
    659.5158        0.9756
    659.5216        0.9842
    659.5274        0.9874
    659.5332        0.9727
    659.5390        0.9640
    659.5447        0.9709
    659.5505        0.9755
    659.5563        0.9756
    659.5621        0.9719
    659.5679        0.9621
    659.5737        0.9568
    659.5795        0.9577
    659.5852        0.9597
    659.5910        0.9630
    659.5968        0.9650
    659.6026        0.9658
    659.6084        0.9649
    659.6142        0.9627
    659.6199        0.9640
    659.6257        0.9677
    659.6315        0.9694
    659.6373        0.9701
    659.6431        0.9766
    659.6489        0.9858
    659.6547        0.9821
    659.6604        0.9740
    659.6662        0.9704
    659.6720        0.9680
    659.6778        0.9737
    659.6836        0.9811
    659.6894        0.9885
    659.6952        0.9958
    659.7009        0.9916
    659.7067        0.9865
    659.7125        0.9915
    659.7183        0.9963
    659.7241        0.9891
    659.7299        0.9826
    659.7356        0.9848
    659.7414        0.9860
    659.7472        0.9789
    659.7530        0.9734
    659.7588        0.9755
    659.7646        0.9738
    659.7704        0.9587
    659.7761        0.9503
    659.7819        0.9607
    659.7877        0.9695
    659.7935        0.9748
    659.7993        0.9774
    659.8051        0.9752
    659.8109        0.9753
    659.8166        0.9785
    659.8224        0.9815
    659.8282        0.9841
    659.8340        0.9835
    659.8398        0.9799
    659.8456        0.9777
    659.8513        0.9768
    659.8571        0.9738
    659.8629        0.9695
    659.8687        0.9694
    659.8745        0.9715
    659.8803        0.9690
    659.8861        0.9646
    659.8918        0.9656
    659.8976        0.9682
    659.9034        0.9730
    659.9092        0.9784
    659.9150        0.9746
    659.9208        0.9693
    659.9266        0.9698
    659.9323        0.9708
    659.9381        0.9633
    659.9439        0.9555
    659.9497        0.9699
    659.9555        0.9835
    659.9613        0.9811
    659.9670        0.9791
    659.9728        0.9795
    659.9786        0.9809
    659.9844        0.9886
    659.9902        0.9948
    659.9960        0.9955
    660.0018        0.9933
    660.0075        0.9830
    660.0133        0.9757
    660.0191        0.9752
    660.0249        0.9770
    660.0307        0.9834
    660.0365        0.9856
    660.0423        0.9815
    660.0480        0.9825
    660.0538        0.9892
    660.0596        0.9923
    660.0654        0.9919
    660.0712        0.9911
    660.0770        0.9903
    660.0827        0.9878
    660.0885        0.9846
    660.0943        0.9596
    660.1001        0.9234
    660.1059        0.9353
    660.1117        0.9665
    660.1175        0.9838
    660.1232        0.9969
    660.1290        0.9958
    660.1348        0.9916
    660.1406        0.9807
    660.1464        0.9689
    660.1522        0.9666
    660.1580        0.9651
    660.1637        0.9749
    660.1695        0.9848
    660.1753        0.9847
    660.1811        0.9846
    660.1869        0.9861
    660.1927        0.9857
    660.1984        0.9723
    660.2042        0.9637
    660.2100        0.9776
    660.2158        0.9869
    660.2216        0.9809
    660.2274        0.9772
    660.2332        0.9793
    660.2389        0.9821
    660.2447        0.9862
    660.2505        0.9858
    660.2563        0.9782
    660.2621        0.9750
    660.2679        0.9770
    660.2737        0.9834
    660.2794        0.9943
    660.2852        0.9964
    660.2910        0.9913
    660.2968        0.9891
    660.3026        0.9888
    660.3084        0.9958
    660.3141        1.0067
    660.3199        1.0008
    660.3257        0.9882
    660.3315        0.9924
    660.3373        1.0018
    660.3431        1.0001
    660.3489        0.9956
    660.3546        0.9958
    660.3604        0.9966
    660.3662        0.9938
    660.3720        0.9909
    660.3778        0.9896
    660.3836        0.9883
    660.3894        0.9864
    660.3951        0.9842
    660.4009        0.9781
    660.4067        0.9734
    660.4125        0.9769
    660.4183        0.9795
    660.4241        0.9784
    660.4298        0.9787
    660.4356        0.9824
    660.4414        0.9863
    660.4472        0.9904
    660.4530        0.9910
    660.4588        0.9857
    660.4646        0.9842
    660.4703        0.9881
    660.4761        0.9905
    660.4819        0.9909
    660.4877        0.9892
    660.4935        0.9856
    660.4993        0.9843
    660.5051        0.9848
    660.5108        0.9829
    660.5166        0.9798
    660.5224        0.9769
    660.5282        0.9739
    660.5340        0.9774
    660.5398        0.9830
    660.5455        0.9862
    660.5513        0.9887
    660.5571        0.9845
    660.5629        0.9793
    660.5687        0.9899
    660.5745        1.0020
    660.5803        0.9975
    660.5860        0.9926
    660.5918        0.9887
    660.5976        0.9852
    660.6034        0.9851
    660.6092        0.9855
    660.6150        0.9899
    660.6208        0.9932
    660.6265        0.9926
    660.6323        0.9898
    660.6381        0.9812
    660.6439        0.9764
    660.6497        0.9800
    660.6555        0.9816
    660.6612        0.9798
    660.6670        0.9822
    660.6728        0.9900
    660.6786        0.9896
    660.6844        0.9802
    660.6902        0.9788
    660.6960        0.9847
    660.7017        0.9855
    660.7075        0.9829
    660.7133        0.9836
    660.7191        0.9861
    660.7249        0.9842
    660.7307        0.9802
    660.7365        0.9766
    660.7422        0.9729
    660.7480        0.9842
    660.7538        0.9988
    660.7596        0.9890
    660.7654        0.9760
    660.7712        0.9718
    660.7769        0.9681
    660.7827        0.9809
    660.7885        0.9928
    660.7943        0.9855
    660.8001        0.9787
    660.8059        0.9753
    660.8117        0.9720
    660.8174        0.9688
    660.8232        0.9692
    660.8290        0.9817
    660.8348        0.9895
    660.8406        0.9856
    660.8464        0.9850
    660.8522        0.9911
    660.8579        0.9948
    660.8637        0.9948
    660.8695        0.9911
    660.8753        0.9832
    660.8811        0.9810
    660.8869        0.9845
    660.8926        0.9834
    660.8984        0.9790
    660.9042        0.9799
    660.9100        0.9836
    660.9158        0.9871
    660.9216        0.9905
    660.9274        0.9845
    660.9331        0.9754
    660.9389        0.9779
    660.9447        0.9828
    660.9505        0.9870
    660.9563        0.9911
    660.9621        0.9934
    660.9679        0.9958
    660.9736        0.9942
    660.9794        0.9922
    660.9852        0.9825
    660.9910        0.9745
    660.9968        0.9797
    661.0026        0.9828
    661.0083        0.9765
    661.0141        0.9738
    661.0199        0.9828
    661.0257        0.9893
    661.0315        0.9899
    661.0373        0.9886
    661.0431        0.9836
    661.0488        0.9809
    661.0546        0.9812
    661.0604        0.9861
    661.0662        0.9963
    661.0720        0.9997
    661.0778        0.9975
    661.0836        0.9943
    661.0893        0.9906
    661.0951        0.9867
    661.1009        0.9827
    661.1067        0.9880
    661.1125        0.9967
    661.1183        1.0043
    661.1240        1.0117
    661.1298        1.0074
    661.1356        1.0011
    661.1414        1.0133
    661.1472        1.0276
    661.1530        1.0260
    661.1588        1.0240
    661.1645        1.0191
    661.1703        1.0142
    661.1761        1.0084
    661.1819        1.0033
    661.1877        1.0023
    661.1935        0.9998
    661.1993        0.9920
    661.2050        0.9872
    661.2108        0.9907
    661.2166        0.9950
    661.2224        1.0003
    661.2282        1.0018
    661.2340        0.9973
    661.2397        0.9903
    661.2455        0.9803
    661.2513        0.9767
    661.2571        0.9788
    661.2629        0.9839
    661.2687        0.9910
    661.2745        0.9981
    661.2802        1.0051
    661.2860        1.0078
    661.2918        1.0087
    661.2976        1.0080
    661.3034        1.0068
    661.3092        1.0041
    661.3150        1.0009
    661.3207        0.9997
    661.3265        0.9988
    661.3323        0.9996
    661.3381        1.0002
    661.3439        0.9953
    661.3497        0.9911
    661.3554        0.9958
    661.3612        0.9986
    661.3670        0.9914
    661.3728        0.9872
    661.3786        0.9944
    661.3844        1.0009
    661.3902        1.0065
    661.3959        1.0079
    661.4017        1.0016
    661.4075        0.9999
    661.4133        1.0050
    661.4191        1.0048
    661.4249        0.9984
    661.4307        0.9956
    661.4364        0.9960
    661.4422        0.9985
    661.4480        1.0025
    661.4538        0.9936
    661.4596        0.9781
    661.4654        0.9823
    661.4711        0.9937
    661.4769        0.9976
    661.4827        0.9996
    661.4885        0.9975
    661.4943        0.9946
    661.5001        0.9949
    661.5059        0.9955
    661.5116        0.9981
    661.5174        1.0003
    661.5232        0.9974
    661.5290        0.9946
    661.5348        0.9931
    661.5406        0.9907
    661.5464        0.9846
    661.5521        0.9828
    661.5579        0.9938
    661.5637        1.0026
    661.5695        1.0072
    661.5753        1.0099
    661.5811        1.0092
    661.5868        1.0040
    661.5926        0.9935
    661.5984        0.9904
    661.6042        0.9945
    661.6100        1.0001
    661.6158        1.0066
    661.6216        1.0098
    661.6273        1.0113
    661.6331        1.0141
    661.6389        1.0175
    661.6447        1.0162
    661.6505        1.0133
    661.6563        1.0092
    661.6621        1.0049
    661.6678        1.0007
    661.6736        0.9965
    661.6794        0.9980
    661.6852        1.0004
    661.6910        1.0147
    661.6968        1.0273
    661.7025        1.0255
    661.7083        1.0232
    661.7141        1.0193
    661.7199        1.0152
    661.7257        1.0109
    661.7315        1.0045
    661.7373        0.9936
    661.7430        0.9872
    661.7488        0.9878
    661.7546        0.9916
    661.7604        0.9988
    661.7662        1.0060
    661.7720        1.0132
    661.7778        1.0135
    661.7835        1.0089
    661.7893        1.0084
    661.7951        1.0101
    661.8009        1.0127
    661.8067        1.0156
    661.8125        1.0081
    661.8182        0.9979
    661.8240        0.9963
    661.8298        0.9961
    661.8356        0.9992
    661.8414        1.0026
    661.8472        1.0011
    661.8530        0.9997
    661.8587        0.9995
    661.8645        0.9985
    661.8703        0.9926
    661.8761        0.9870
    661.8819        0.9825
    661.8877        0.9813
    661.8935        0.9884
    661.8992        0.9914
    661.9050        0.9861
    661.9108        0.9874
    661.9166        0.9987
    661.9224        1.0055
    661.9282        1.0075
    661.9339        1.0046
    661.9397        0.9978
    661.9455        0.9955
    661.9513        0.9960
    661.9571        0.9953
    661.9629        0.9939
    661.9687        0.9948
    661.9744        0.9963
    661.9802        0.9924
    661.9860        0.9875
    661.9918        0.9901
    661.9976        0.9935
    662.0034        0.9888
    662.0092        0.9840
    662.0149        0.9852
    662.0207        0.9868
    662.0265        0.9919
    662.0323        0.9969
