    639.0236        1.0284
    639.0486        1.0315
    639.0736        1.0339
    639.0987        1.0272
    639.1237        1.0193
    639.1487        1.0208
    639.1738        1.0244
    639.1988        1.0206
    639.2238        1.0140
    639.2489        1.0093
    639.2739        1.0057
    639.2990        1.0040
    639.3240        1.0028
    639.3490        1.0005
    639.3741        0.9986
    639.3991        1.0016
    639.4241        1.0058
    639.4492        1.0034
    639.4742        0.9980
    639.4992        0.9971
    639.5243        0.9995
    639.5493        1.0030
    639.5743        1.0071
    639.5994        1.0099
    639.6244        1.0118
    639.6494        1.0146
    639.6745        1.0170
    639.6995        1.0144
    639.7245        1.0083
    639.7496        1.0062
    639.7746        1.0074
    639.7997        1.0086
    639.8247        1.0088
    639.8497        1.0048
    639.8748        0.9977
    639.8998        0.9957
    639.9248        0.9981
    639.9499        0.9972
    639.9749        0.9931
    639.9999        0.9924
    640.0250        0.9952
    640.0500        0.9951
    640.0750        0.9919
    640.1001        0.9885
    640.1251        0.9854
    640.1501        0.9851
    640.1752        0.9885
    640.2002        0.9910
    640.2252        0.9921
    640.2503        0.9919
    640.2753        0.9896
    640.3004        0.9872
    640.3254        0.9849
    640.3504        0.9838
    640.3755        0.9842
    640.4005        0.9853
    640.4255        0.9871
    640.4506        0.9862
    640.4756        0.9803
    640.5006        0.9753
    640.5257        0.9719
    640.5507        0.9700
    640.5757        0.9713
    640.6008        0.9719
    640.6258        0.9713
    640.6508        0.9705
    640.6759        0.9689
    640.7009        0.9684
    640.7259        0.9706
    640.7510        0.9721
    640.7760        0.9721
    640.8011        0.9725
    640.8261        0.9742
    640.8511        0.9763
    640.8762        0.9793
    640.9012        0.9824
    640.9262        0.9859
    640.9513        0.9884
    640.9763        0.9879
    641.0013        0.9888
    641.0264        0.9934
    641.0514        0.9988
    641.0764        1.0060
    641.1015        1.0107
    641.1265        1.0048
    641.1515        1.0010
    641.1766        1.0052
    641.2016        1.0079
    641.2266        1.0035
    641.2517        1.0009
    641.2767        1.0060
    641.3018        1.0111
    641.3268        1.0151
    641.3518        1.0180
    641.3769        1.0165
    641.4019        1.0161
    641.4269        1.0225
    641.4520        1.0285
    641.4770        1.0292
    641.5020        1.0293
    641.5271        1.0292
    641.5521        1.0292
    641.5771        1.0295
    641.6022        1.0292
    641.6272        1.0251
    641.6522        1.0211
    641.6773        1.0196
    641.7023        1.0185
    641.7273        1.0174
    641.7524        1.0172
    641.7774        1.0208
    641.8025        1.0237
    641.8275        1.0194
    641.8525        1.0150
    641.8776        1.0183
    641.9026        1.0235
    641.9276        1.0260
    641.9527        1.0279
    641.9777        1.0299
    642.0027        1.0314
    642.0278        1.0304
    642.0528        1.0290
    642.0778        1.0286
    642.1029        1.0285
    642.1279        1.0274
    642.1529        1.0257
    642.1780        1.0229
    642.2030        1.0193
    642.2280        1.0143
    642.2531        1.0093
    642.2781        1.0068
    642.3032        1.0051
    642.3282        1.0008
    642.3532        0.9955
    642.3783        0.9917
    642.4033        0.9901
    642.4283        0.9939
    642.4534        0.9997
    642.4784        0.9978
    642.5034        0.9918
    642.5285        0.9903
    642.5535        0.9920
    642.5785        0.9930
    642.6036        0.9932
    642.6286        0.9917
    642.6536        0.9891
    642.6787        0.9885
    642.7037        0.9895
    642.7287        0.9917
    642.7538        0.9946
    642.7788        0.9960
    642.8039        0.9967
    642.8289        1.0005
    642.8539        1.0072
    642.8790        1.0137
    642.9040        1.0195
    642.9290        1.0240
    642.9541        1.0269
    642.9791        1.0295
    643.0041        1.0321
    643.0292        1.0375
    643.0542        1.0454
    643.0792        1.0497
    643.1043        1.0495
    643.1293        1.0482
    643.1543        1.0455
    643.1794        1.0413
    643.2044        1.0355
    643.2294        1.0314
    643.2545        1.0298
    643.2795        1.0277
    643.3046        1.0247
    643.3296        1.0216
    643.3546        1.0188
    643.3797        1.0210
    643.4047        1.0309
    643.4297        1.0372
    643.4548        1.0374
    643.4798        1.0388
    643.5048        1.0421
    643.5299        1.0436
    643.5549        1.0419
    643.5799        1.0417
    643.6050        1.0447
    643.6300        1.0476
    643.6550        1.0499
    643.6801        1.0498
    643.7051        1.0441
    643.7301        1.0390
    643.7552        1.0350
    643.7802        1.0283
    643.8053        1.0154
    643.8303        1.0071
    643.8553        1.0106
    643.8804        1.0127
    643.9054        1.0120
    643.9304        1.0111
    643.9555        1.0103
    643.9805        1.0096
    644.0055        1.0093
    644.0306        1.0079
    644.0556        1.0027
    644.0806        0.9992
    644.1057        1.0017
    644.1307        1.0042
    644.1557        1.0063
    644.1808        1.0082
    644.2058        1.0090
    644.2308        1.0101
    644.2559        1.0120
    644.2809        1.0131
    644.3060        1.0106
    644.3310        1.0076
    644.3560        1.0027
    644.3811        0.9993
    644.4061        1.0022
    644.4311        1.0050
    644.4562        1.0059
    644.4812        1.0065
    644.5062        1.0066
    644.5313        1.0060
    644.5563        1.0028
    644.5813        1.0010
    644.6064        1.0060
    644.6314        1.0105
    644.6564        1.0097
    644.6815        1.0081
    644.7065        1.0059
    644.7315        1.0034
    644.7566        1.0003
    644.7816        0.9982
    644.8067        0.9999
    644.8317        1.0013
    644.8567        0.9983
    644.8818        0.9948
    644.9068        0.9938
    644.9318        0.9939
    644.9569        0.9965
    644.9819        0.9991
    645.0069        0.9988
    645.0320        0.9982
    645.0570        1.0000
    645.0820        1.0021
    645.1071        1.0024
    645.1321        1.0021
    645.1571        1.0025
    645.1822        1.0037
    645.2072        1.0074
    645.2322        1.0118
    645.2573        1.0153
    645.2823        1.0192
    645.3074        1.0269
    645.3324        1.0352
    645.3574        1.0383
    645.3825        1.0398
    645.4075        1.0446
    645.4325        1.0505
    645.4576        1.0541
    645.4826        1.0561
    645.5076        1.0562
    645.5327        1.0549
    645.5577        1.0513
    645.5827        1.0464
    645.6078        1.0407
    645.6328        1.0355
    645.6578        1.0342
    645.6829        1.0346
    645.7079        1.0310
    645.7329        1.0257
    645.7580        1.0257
    645.7830        1.0299
    645.8081        1.0351
    645.8331        1.0407
    645.8581        1.0447
    645.8832        1.0474
    645.9082        1.0507
    645.9332        1.0539
    645.9583        1.0553
    645.9833        1.0554
    646.0083        1.0563
    646.0334        1.0572
    646.0584        1.0558
    646.0834        1.0518
    646.1085        1.0452
    646.1335        1.0361
    646.1585        1.0273
    646.1836        1.0191
    646.2086        1.0126
    646.2336        1.0079
    646.2587        1.0034
    646.2837        0.9994
    646.3088        0.9971
    646.3338        0.9964
    646.3588        0.9942
    646.3839        0.9901
    646.4089        0.9865
    646.4339        0.9835
    646.4590        0.9819
    646.4840        0.9818
    646.5090        0.9822
    646.5341        0.9826
    646.5591        0.9808
    646.5841        0.9756
    646.6092        0.9724
    646.6342        0.9720
    646.6592        0.9726
    646.6843        0.9745
    646.7093        0.9756
    646.7343        0.9756
    646.7594        0.9743
    646.7844        0.9713
    646.8095        0.9694
    646.8345        0.9699
    646.8595        0.9702
    646.8846        0.9708
    646.9096        0.9712
    646.9346        0.9713
    646.9597        0.9703
    646.9847        0.9675
    647.0097        0.9671
    647.0348        0.9718
    647.0598        0.9765
    647.0848        0.9803
    647.1099        0.9814
    647.1349        0.9761
    647.1599        0.9731
    647.1850        0.9752
    647.2100        0.9742
    647.2350        0.9654
    647.2601        0.9588
    647.2851        0.9586
    647.3102        0.9587
    647.3352        0.9598
    647.3602        0.9600
    647.3853        0.9581
    647.4103        0.9560
    647.4353        0.9533
    647.4604        0.9494
    647.4854        0.9411
    647.5104        0.9330
    647.5355        0.9249
    647.5605        0.9194
    647.5855        0.9234
    647.6106        0.9294
    647.6356        0.9432
    647.6606        0.9552
    647.6857        0.9588
    647.7107        0.9629
    647.7357        0.9680
    647.7608        0.9711
    647.7858        0.9656
    647.8109        0.9627
    647.8359        0.9697
    647.8609        0.9747
    647.8860        0.9691
    647.9110        0.9631
    647.9360        0.9578
    647.9611        0.9531
    647.9861        0.9505
    648.0111        0.9492
    648.0362        0.9523
    648.0612        0.9571
    648.0862        0.9662
    648.1113        0.9749
    648.1363        0.9802
    648.1613        0.9834
    648.1864        0.9795
    648.2114        0.9737
    648.2364        0.9655
    648.2615        0.9573
    648.2865        0.9518
    648.3116        0.9473
    648.3366        0.9452
    648.3616        0.9438
    648.3867        0.9445
    648.4117        0.9464
    648.4367        0.9515
    648.4618        0.9572
    648.4868        0.9618
    648.5118        0.9665
    648.5369        0.9725
    648.5619        0.9784
    648.5869        0.9832
    648.6120        0.9863
    648.6370        0.9839
    648.6620        0.9802
    648.6871        0.9772
    648.7121        0.9756
    648.7371        0.9787
    648.7622        0.9829
    648.7872        0.9838
    648.8123        0.9844
    648.8373        0.9891
    648.8623        0.9951
    648.8874        0.9999
    648.9124        1.0032
    648.9374        1.0028
    648.9625        1.0009
    648.9875        0.9993
    649.0125        0.9977
    649.0376        0.9962
    649.0626        0.9948
    649.0876        0.9944
    649.1127        0.9949
    649.1377        0.9962
    649.1627        0.9978
    649.1878        0.9982
    649.2128        0.9976
    649.2378        0.9954
    649.2629        0.9934
    649.2879        0.9967
    649.3130        1.0024
    649.3380        1.0051
    649.3630        1.0066
    649.3881        1.0113
    649.4131        1.0164
    649.4381        1.0131
    649.4632        1.0052
    649.4882        1.0037
    649.5132        1.0055
    649.5383        1.0013
    649.5633        0.9942
    649.5883        0.9944
    649.6134        0.9995
    649.6384        1.0025
    649.6634        1.0041
    649.6885        1.0075
    649.7135        1.0114
    649.7385        1.0101
    649.7636        1.0057
    649.7886        1.0071
    649.8137        1.0127
    649.8387        1.0129
    649.8637        1.0083
    649.8888        1.0060
    649.9138        1.0055
    649.9388        1.0039
    649.9639        1.0013
    649.9889        0.9982
    650.0139        0.9955
    650.0390        0.9950
    650.0640        0.9965
    650.0890        0.9969
    650.1141        0.9955
    650.1391        0.9919
    650.1641        0.9867
    650.1892        0.9863
    650.2142        0.9914
    650.2392        0.9927
    650.2643        0.9896
    650.2893        0.9888
    650.3144        0.9908
    650.3394        0.9918
    650.3644        0.9915
    650.3895        0.9902
    650.4145        0.9875
    650.4395        0.9849
    650.4646        0.9827
    650.4896        0.9836
    650.5146        0.9889
    650.5397        0.9936
    650.5647        0.9971
    650.5897        1.0001
    650.6148        1.0016
    650.6398        1.0000
    650.6648        0.9943
    650.6899        0.9933
    650.7149        0.9993
    650.7399        0.9993
    650.7650        0.9891
    650.7900        0.9822
    650.8151        0.9809
    650.8401        0.9798
    650.8651        0.9796
    650.8902        0.9814
    650.9152        0.9872
    650.9402        0.9913
    650.9653        0.9921
    650.9903        0.9931
    651.0153        0.9945
    651.0404        0.9955
    651.0654        0.9954
    651.0904        0.9941
    651.1155        0.9908
    651.1405        0.9898
    651.1655        0.9945
    651.1906        1.0001
    651.2156        1.0073
    651.2406        1.0150
    651.2657        1.0237
    651.2907        1.0319
    651.3158        1.0391
    651.3408        1.0439
    651.3658        1.0427
    651.3909        1.0426
    651.4159        1.0456
    651.4409        1.0461
    651.4660        1.0392
    651.4910        1.0329
    651.5160        1.0278
    651.5411        1.0221
    651.5661        1.0142
    651.5911        1.0047
    651.6162        0.9898
    651.6412        0.9779
    651.6662        0.9758
    651.6913        0.9773
    651.7163        0.9913
    651.7413        1.0048
    651.7664        1.0153
    651.7914        1.0257
    651.8165        1.0354
    651.8415        1.0439
    651.8665        1.0480
    651.8916        1.0502
    651.9166        1.0449
    651.9416        1.0424
    651.9667        1.0516
    651.9917        1.0601
    652.0167        1.0644
    652.0418        1.0660
    652.0668        1.0562
    652.0918        1.0475
    652.1169        1.0449
    652.1419        1.0401
    652.1669        1.0247
    652.1920        1.0116
    652.2170        1.0095
    652.2420        1.0069
    652.2671        0.9994
    652.2921        0.9917
    652.3172        0.9841
    652.3422        0.9785
    652.3672        0.9816
    652.3923        0.9856
    652.4173        0.9910
    652.4423        0.9959
    652.4674        0.9984
    652.4924        0.9994
    652.5174        0.9961
    652.5425        0.9933
    652.5675        0.9952
    652.5925        0.9971
    652.6176        0.9965
    652.6426        0.9950
    652.6676        0.9915
    652.6927        0.9889
    652.7177        0.9928
    652.7427        0.9970
    652.7678        0.9971
    652.7928        0.9967
    652.8179        0.9977
    652.8429        0.9990
    652.8679        1.0005
    652.8930        1.0015
    652.9180        1.0012
    652.9430        1.0004
    652.9681        0.9986
    652.9931        0.9974
    653.0181        0.9997
    653.0432        1.0011
    653.0682        0.9952
    653.0932        0.9887
    653.1183        0.9883
    653.1433        0.9893
    653.1683        0.9894
    653.1934        0.9887
    653.2184        0.9855
    653.2434        0.9822
    653.2685        0.9813
    653.2935        0.9822
    653.3186        0.9874
    653.3436        0.9927
    653.3686        0.9918
    653.3937        0.9894
    653.4187        0.9905
    653.4437        0.9931
    653.4688        0.9959
    653.4938        0.9987
    653.5188        1.0003
    653.5439        1.0018
    653.5689        1.0045
    653.5939        1.0073
    653.6190        1.0088
    653.6440        1.0090
    653.6690        1.0063
    653.6941        1.0037
    653.7191        1.0067
    653.7441        1.0124
    653.7692        1.0181
    653.7942        1.0236
    653.8193        1.0271
    653.8443        1.0289
    653.8693        1.0284
    653.8944        1.0271
    653.9194        1.0281
    653.9444        1.0303
    653.9695        1.0322
    653.9945        1.0336
    654.0195        1.0344
    654.0446        1.0345
    654.0696        1.0337
    654.0946        1.0323
    654.1197        1.0316
    654.1447        1.0310
    654.1697        1.0297
    654.1948        1.0288
    654.2198        1.0316
    654.2448        1.0356
    654.2699        1.0341
    654.2949        1.0291
    654.3200        1.0241
    654.3450        1.0202
    654.3700        1.0207
    654.3951        1.0248
    654.4201        1.0307
    654.4451        1.0377
    654.4702        1.0448
    654.4952        1.0515
    654.5202        1.0568
    654.5453        1.0601
    654.5703        1.0609
    654.5953        1.0603
    654.6204        1.0619
    654.6454        1.0655
    654.6704        1.0685
    654.6955        1.0705
    654.7205        1.0706
    654.7455        1.0695
    654.7706        1.0706
    654.7956        1.0733
    654.8207        1.0755
    654.8457        1.0779
    654.8707        1.0835
    654.8958        1.0925
    654.9208        1.1022
    654.9458        1.1129
    654.9709        1.1254
    654.9959        1.1392
    655.0209        1.1496
    655.0460        1.1568
    655.0710        1.1639
    655.0960        1.1705
    655.1211        1.1761
    655.1461        1.1803
    655.1711        1.1832
    655.1962        1.1851
    655.2212        1.1888
    655.2462        1.1947
    655.2713        1.2023
    655.2963        1.2129
    655.3214        1.2284
    655.3464        1.2493
    655.3714        1.2697
    655.3965        1.2901
    655.4215        1.3127
    655.4465        1.3388
    655.4716        1.3679
    655.4966        1.4007
    655.5216        1.4343
    655.5467        1.4695
    655.5717        1.5080
    655.5967        1.5502
    655.6218        1.5908
    655.6468        1.6309
    655.6718        1.6843
    655.6969        1.7558
    655.7219        1.8307
    655.7469        1.9120
    655.7720        2.0059
    655.7970        2.1172
    655.8221        2.2273
    655.8471        2.3368
    655.8721        2.4540
    655.8972        2.5819
    655.9222        2.7049
    655.9472        2.8194
    655.9723        2.9233
    655.9973        3.0097
    656.0223        3.0893
    656.0474        3.1579
    656.0724        3.2230
    656.0974        3.2811
    656.1225        3.3309
    656.1475        3.3659
    656.1725        3.3945
    656.1976        3.4070
    656.2226        3.3830
    656.2476        3.2948
    656.2727        3.1939
    656.2977        3.0699
    656.3228        2.9402
    656.3478        2.8044
    656.3728        2.7018
    656.3979        2.6654
    656.4229        2.6724
    656.4479        2.7608
    656.4730        2.8572
    656.4980        2.9676
    656.5230        3.0712
    656.5481        3.1593
    656.5731        3.2280
    656.5981        3.2573
    656.6232        3.2754
    656.6482        3.2691
    656.6732        3.2427
    656.6983        3.1736
    656.7233        3.0893
    656.7483        2.9732
    656.7734        2.8580
    656.7984        2.7446
    656.8235        2.6299
    656.8485        2.5130
    656.8735        2.3951
    656.8986        2.2763
    656.9236        2.1662
    656.9486        2.0757
    656.9737        1.9876
    656.9987        1.9055
    657.0237        1.8275
    657.0488        1.7594
    657.0738        1.6934
    657.0988        1.6331
    657.1239        1.5766
    657.1489        1.5303
    657.1739        1.4842
    657.1990        1.4394
    657.2240        1.3987
    657.2490        1.3690
    657.2741        1.3434
    657.2991        1.3292
    657.3242        1.3119
    657.3492        1.2875
    657.3742        1.2648
    657.3993        1.2467
    657.4243        1.2266
    657.4493        1.2010
    657.4744        1.1804
    657.4994        1.1743
    657.5244        1.1704
    657.5495        1.1728
    657.5745        1.1730
    657.5995        1.1668
    657.6246        1.1605
    657.6496        1.1537
    657.6746        1.1457
    657.6997        1.1340
    657.7247        1.1250
    657.7497        1.1244
    657.7748        1.1217
    657.7998        1.1126
    657.8249        1.1043
    657.8499        1.0983
    657.8749        1.0918
    657.9000        1.0839
    657.9250        1.0767
    657.9500        1.0722
    657.9751        1.0692
    658.0001        1.0719
    658.0251        1.0723
    658.0502        1.0643
    658.0752        1.0578
    658.1002        1.0564
    658.1253        1.0562
    658.1503        1.0605
    658.1753        1.0631
    658.2004        1.0598
    658.2254        1.0568
    658.2504        1.0552
    658.2755        1.0537
    658.3005        1.0527
    658.3256        1.0519
    658.3506        1.0521
    658.3756        1.0529
    658.4007        1.0556
    658.4257        1.0569
    658.4507        1.0517
    658.4758        1.0465
    658.5008        1.0415
    658.5258        1.0371
    658.5509        1.0353
    658.5759        1.0339
    658.6009        1.0336
    658.6260        1.0330
    658.6510        1.0314
    658.6760        1.0301
    658.7011        1.0298
    658.7261        1.0318
    658.7511        1.0434
    658.7762        1.0521
    658.8012        1.0473
    658.8263        1.0433
    658.8513        1.0446
    658.8763        1.0451
    658.9014        1.0411
    658.9264        1.0384
    658.9514        1.0408
    658.9765        1.0435
    659.0015        1.0470
    659.0265        1.0495
    659.0516        1.0475
    659.0766        1.0451
    659.1016        1.0417
    659.1267        1.0395
    659.1517        1.0422
    659.1767        1.0433
    659.2018        1.0363
    659.2268        1.0300
    659.2518        1.0297
    659.2769        1.0293
    659.3019        1.0255
    659.3270        1.0222
    659.3520        1.0216
    659.3770        1.0213
    659.4021        1.0217
    659.4271        1.0223
    659.4521        1.0234
    659.4772        1.0248
    659.5022        1.0274
    659.5272        1.0295
    659.5523        1.0291
    659.5773        1.0279
    659.6023        1.0242
    659.6274        1.0210
    659.6524        1.0211
    659.6774        1.0226
    659.7025        1.0280
    659.7275        1.0321
    659.7525        1.0280
    659.7776        1.0244
    659.8026        1.0278
    659.8277        1.0299
    659.8527        1.0230
    659.8777        1.0157
    659.9028        1.0129
    659.9278        1.0112
    659.9528        1.0111
    659.9779        1.0115
    660.0029        1.0122
    660.0279        1.0132
    660.0530        1.0151
    660.0780        1.0155
    660.1030        1.0091
    660.1281        1.0043
    660.1531        1.0101
    660.1781        1.0154
    660.2032        1.0110
    660.2282        1.0059
    660.2532        1.0052
    660.2783        1.0052
    660.3033        1.0060
    660.3284        1.0073
    660.3534        1.0106
    660.3784        1.0125
    660.4035        1.0080
    660.4285        1.0030
    660.4535        1.0011
    660.4786        1.0013
    660.5036        1.0082
    660.5286        1.0151
    660.5537        1.0165
    660.5787        1.0159
    660.6037        1.0118
    660.6288        1.0075
    660.6538        1.0060
    660.6788        1.0055
    660.7039        1.0070
    660.7289        1.0086
    660.7539        1.0089
    660.7790        1.0084
    660.8040        1.0056
    660.8291        1.0025
    660.8541        0.9994
    660.8791        0.9976
    660.9042        1.0011
    660.9292        1.0053
    660.9542        1.0079
    660.9793        1.0092
    661.0043        1.0065
    661.0293        1.0030
    661.0544        0.9999
    661.0794        0.9979
    661.1044        0.9998
    661.1295        1.0014
    661.1545        0.9981
    661.1795        0.9949
    661.2046        0.9961
    661.2296        0.9983
    661.2546        0.9995
    661.2797        1.0008
    661.3047        1.0032
    661.3298        1.0048
    661.3548        1.0014
    661.3798        0.9981
    661.4049        1.0012
    661.4299        1.0049
    661.4549        1.0048
    661.4800        1.0033
    661.5050        0.9991
    661.5300        0.9956
    661.5551        0.9972
    661.5801        0.9990
    661.6051        0.9970
    661.6302        0.9955
    661.6552        1.0001
    661.6802        1.0050
    661.7053        1.0040
    661.7303        1.0015
    661.7553        0.9999
    661.7804        0.9985
    661.8054        0.9972
    661.8305        0.9967
    661.8555        1.0001
    661.8805        1.0038
    661.9056        1.0051
    661.9306        1.0046
    661.9556        0.9999
    661.9807        0.9958
    662.0057        0.9999
    662.0307        1.0047
    662.0558        1.0031
    662.0808        1.0002
    662.1058        0.9990
    662.1309        0.9979
    662.1559        0.9958
    662.1809        0.9942
    662.2060        0.9957
    662.2310        0.9985
    662.2560        1.0032
    662.2811        1.0068
    662.3061        1.0027
    662.3312        0.9977
    662.3562        0.9973
    662.3812        0.9979
    662.4063        0.9963
    662.4313        0.9949
    662.4563        0.9971
    662.4814        0.9993
    662.5064        0.9986
    662.5314        0.9972
    662.5565        0.9964
    662.5815        0.9948
    662.6065        0.9890
    662.6316        0.9839
    662.6566        0.9867
    662.6816        0.9909
    662.7067        0.9910
    662.7317        0.9904
    662.7567        0.9911
    662.7818        0.9926
    662.8068        0.9951
    662.8319        0.9982
    662.8569        1.0018
    662.8819        1.0041
    662.9070        1.0000
    662.9320        0.9954
    662.9570        0.9978
    662.9821        1.0008
    663.0071        0.9979
    663.0321        0.9947
    663.0572        0.9980
    663.0822        1.0025
    663.1072        1.0027
    663.1323        1.0021
    663.1573        1.0037
    663.1823        1.0051
    663.2074        1.0027
    663.2324        0.9999
    663.2574        1.0006
    663.2825        1.0013
    663.3075        0.9978
    663.3326        0.9951
    663.3576        1.0013
    663.3826        1.0068
    663.4077        0.9986
    663.4327        0.9895
    663.4577        0.9953
    663.4828        1.0030
    663.5078        0.9992
    663.5328        0.9934
    663.5579        0.9943
    663.5829        0.9974
    663.6079        1.0011
    663.6330        1.0036
    663.6580        1.0007
    663.6830        0.9975
    663.7081        1.0010
    663.7331        1.0057
    663.7581        1.0075
    663.7832        1.0076
    663.8082        1.0038
    663.8333        0.9996
    663.8583        0.9984
    663.8833        0.9989
    663.9084        1.0025
    663.9334        1.0061
    663.9584        1.0048
    663.9835        1.0025
    664.0085        1.0010
    664.0335        0.9996
    664.0586        0.9977
    664.0836        0.9964
    664.1086        0.9991
    664.1337        1.0014
    664.1587        0.9963
    664.1837        0.9909
    664.2088        0.9919
    664.2338        0.9955
    664.2588        1.0004
    664.2839        1.0050
    664.3089        1.0055
    664.3340        1.0043
    664.3590        1.0000
    664.3840        0.9962
    664.4091        0.9990
    664.4341        1.0022
    664.4591        0.9984
    664.4842        0.9943
    664.5092        0.9975
    664.5342        1.0021
    664.5593        1.0038
    664.5843        1.0037
    664.6093        0.9994
    664.6344        0.9950
    664.6594        0.9957
    664.6844        0.9975
    664.7095        0.9992
    664.7345        1.0006
    664.7595        1.0018
    664.7846        1.0015
    664.8096        0.9948
    664.8347        0.9884
    664.8597        0.9907
    664.8847        0.9948
    664.9098        0.9961
    664.9348        0.9966
    664.9598        0.9964
    664.9849        0.9954
    665.0099        0.9913
    665.0349        0.9874
    665.0600        0.9890
    665.0850        0.9926
    665.1100        0.9990
    665.1351        1.0042
    665.1601        1.0010
    665.1851        0.9964
    665.2102        0.9945
    665.2352        0.9940
    665.2602        0.9967
    665.2853        0.9996
    665.3103        0.9993
    665.3354        0.9985
    665.3604        0.9989
    665.3854        0.9988
    665.4105        0.9955
    665.4355        0.9927
    665.4605        0.9950
    665.4856        0.9980
    665.5106        0.9984
    665.5356        0.9975
    665.5607        0.9940
    665.5857        0.9908
    665.6107        0.9903
    665.6358        0.9910
    665.6608        0.9934
    665.6858        0.9963
    665.7109        0.9990
    665.7359        0.9999
    665.7609        0.9927
    665.7860        0.9854
    665.8110        0.9849
    665.8361        0.9862
    665.8611        0.9895
    665.8861        0.9925
    665.9112        0.9922
    665.9362        0.9931
    665.9612        1.0011
    665.9863        1.0081
    666.0113        1.0049
    666.0363        1.0011
    666.0614        1.0026
    666.0864        1.0042
    666.1114        1.0016
    666.1365        0.9990
    666.1615        1.0007
    666.1865        1.0023
    666.2116        1.0008
    666.2366        0.9988
    666.2616        0.9960
    666.2867        0.9940
    666.3117        0.9955
    666.3368        0.9975
    666.3618        0.9986
    666.3868        0.9993
    666.4119        0.9992
    666.4369        0.9985
    666.4619        0.9967
    666.4870        0.9956
    666.5120        0.9986
    666.5370        1.0012
    666.5621        0.9990
    666.5871        0.9957
    666.6121        0.9912
    666.6372        0.9884
    666.6622        0.9927
    666.6872        0.9967
    666.7123        0.9945
    666.7373        0.9912
    666.7623        0.9869
    666.7874        0.9844
    666.8124        0.9905
    666.8375        0.9969
    666.8625        1.0002
    666.8875        1.0012
    666.9126        0.9941
    666.9376        0.9882
    666.9626        0.9911
    666.9877        0.9938
    667.0127        0.9914
    667.0377        0.9894
    667.0628        0.9910
    667.0878        0.9915
    667.1128        0.9855
    667.1379        0.9799
    667.1629        0.9786
    667.1879        0.9789
    667.2130        0.9837
    667.2380        0.9869
    667.2630        0.9821
    667.2881        0.9766
    667.3131        0.9719
    667.3382        0.9685
    667.3632        0.9702
    667.3882        0.9715
    667.4133        0.9686
    667.4383        0.9666
    667.4633        0.9690
    667.4884        0.9706
    667.5134        0.9675
    667.5384        0.9656
    667.5635        0.9692
    667.5885        0.9730
    667.6135        0.9763
    667.6386        0.9782
    667.6636        0.9747
    667.6886        0.9720
    667.7137        0.9731
    667.7387        0.9741
    667.7637        0.9733
    667.7888        0.9718
    667.8138        0.9683
    667.8389        0.9647
    667.8639        0.9603
    667.8889        0.9557
    667.9140        0.9504
    667.9390        0.9456
    667.9640        0.9433
    667.9891        0.9432
    668.0141        0.9511
    668.0391        0.9579
    668.0642        0.9594
    668.0892        0.9613
    668.1142        0.9655
    668.1393        0.9692
    668.1643        0.9712
    668.1893        0.9735
    668.2144        0.9758
    668.2394        0.9792
    668.2644        0.9862
    668.2895        0.9904
    668.3145        0.9844
    668.3396        0.9804
    668.3646        0.9838
    668.3896        0.9862
    668.4147        0.9856
    668.4397        0.9843
    668.4647        0.9801
    668.4898        0.9782
    668.5148        0.9835
    668.5398        0.9869
    668.5649        0.9847
    668.5899        0.9827
    668.6149        0.9818
    668.6400        0.9811
    668.6650        0.9810
    668.6900        0.9813
    668.7151        0.9826
    668.7401        0.9839
    668.7651        0.9853
    668.7902        0.9877
    668.8152        0.9929
    668.8403        0.9958
    668.8653        0.9925
    668.8903        0.9908
    668.9154        0.9938
    668.9404        0.9958
    668.9654        0.9954
    668.9905        0.9953
    669.0155        0.9960
    669.0405        0.9975
    669.0656        1.0013
    669.0906        1.0050
    669.1156        1.0085
    669.1407        1.0096
    669.1657        1.0047
    669.1907        1.0009
    669.2158        1.0000
    669.2408        0.9992
    669.2658        0.9988
    669.2909        0.9991
    669.3159        1.0009
    669.3410        1.0010
    669.3660        0.9980
    669.3910        0.9967
    669.4161        0.9989
    669.4411        1.0007
    669.4661        1.0012
    669.4912        0.9993
    669.5162        0.9923
    669.5412        0.9891
    669.5663        0.9938
    669.5913        0.9974
    669.6163        0.9978
    669.6414        0.9986
    669.6664        1.0000
    669.6914        1.0021
    669.7165        1.0051
    669.7415        1.0068
    669.7665        1.0059
    669.7916        1.0059
    669.8166        1.0069
    669.8417        1.0066
    669.8667        1.0037
    669.8917        1.0036
    669.9168        1.0081
    669.9418        1.0093
    669.9668        1.0049
    669.9919        1.0012
    670.0169        0.9988
    670.0419        0.9975
    670.0670        0.9980
    670.0920        0.9988
    670.1170        1.0005
    670.1421        1.0036
    670.1671        1.0087
    670.1921        1.0118
    670.2172        1.0115
    670.2422        1.0101
    670.2672        1.0070
    670.2923        1.0058
    670.3173        1.0073
    670.3424        1.0073
    670.3674        1.0052
    670.3924        1.0039
    670.4175        1.0035
    670.4425        1.0025
    670.4675        1.0008
    670.4926        0.9993
    670.5176        0.9978
    670.5426        0.9965
    670.5677        0.9956
    670.5927        0.9963
    670.6177        0.9985
    670.6428        0.9978
    670.6678        0.9936
    670.6928        0.9923
    670.7179        0.9943
    670.7429        0.9950
    670.7679        0.9950
    670.7930        0.9984
    670.8180        1.0047
    670.8431        1.0058
    670.8681        1.0019
    670.8931        1.0024
    670.9182        1.0073
    670.9432        1.0083
    670.9682        1.0054
    670.9933        1.0020
    671.0183        0.9988
    671.0433        0.9976
    671.0684        0.9982
    671.0934        0.9978
    671.1184        0.9962
    671.1435        0.9948
    671.1685        0.9937
    671.1935        0.9935
    671.2186        0.9944
    671.2436        0.9974
    671.2686        1.0021
    671.2937        1.0049
    671.3187        1.0054
    671.3438        1.0035
    671.3688        1.0000
    671.3938        0.9987
    671.4189        0.9994
    671.4439        1.0007
    671.4689        1.0019
    671.4940        1.0009
    671.5190        0.9980
    671.5440        0.9968
    671.5691        0.9969
    671.5941        0.9982
    671.6191        1.0001
    671.6442        1.0006
    671.6692        1.0005
    671.6942        1.0026
    671.7193        1.0048
    671.7443        1.0008
    671.7693        0.9939
    671.7944        0.9934
    671.8194        0.9971
    671.8445        1.0016
    671.8695        1.0055
    671.8945        1.0051
    671.9196        1.0027
    671.9446        1.0016
    671.9696        1.0010
    671.9947        0.9980
