    650.4223        0.9641
    650.4264        0.9656
    650.4306        0.9676
    650.4347        0.9705
    650.4389        0.9741
    650.4430        0.9783
    650.4472        0.9828
    650.4513        0.9874
    650.4555        0.9916
    650.4596        0.9954
    650.4637        0.9988
    650.4679        1.0018
    650.4720        1.0045
    650.4762        1.0065
    650.4803        1.0080
    650.4845        1.0087
    650.4886        1.0085
    650.4928        1.0076
    650.4969        1.0062
    650.5011        1.0045
    650.5052        1.0027
    650.5094        1.0010
    650.5135        0.9993
    650.5176        0.9976
    650.5218        0.9958
    650.5259        0.9939
    650.5301        0.9918
    650.5342        0.9897
    650.5384        0.9878
    650.5425        0.9863
    650.5467        0.9855
    650.5508        0.9856
    650.5550        0.9866
    650.5591        0.9887
    650.5632        0.9914
    650.5674        0.9945
    650.5715        0.9980
    650.5757        1.0016
    650.5798        1.0051
    650.5840        1.0080
    650.5881        1.0099
    650.5923        1.0106
    650.5964        1.0103
    650.6006        1.0091
    650.6047        1.0074
    650.6089        1.0059
    650.6130        1.0047
    650.6171        1.0037
    650.6213        1.0029
    650.6254        1.0023
    650.6296        1.0015
    650.6337        1.0006
    650.6379        0.9997
    650.6420        0.9991
    650.6462        0.9989
    650.6503        0.9993
    650.6545        1.0004
    650.6586        1.0018
    650.6628        1.0029
    650.6669        1.0034
    650.6710        1.0029
    650.6752        1.0012
    650.6793        0.9988
    650.6835        0.9962
    650.6876        0.9939
    650.6918        0.9923
    650.6959        0.9917
    650.7001        0.9919
    650.7042        0.9931
    650.7084        0.9948
    650.7125        0.9969
    650.7166        0.9991
    650.7208        1.0012
    650.7249        1.0028
    650.7291        1.0036
    650.7332        1.0032
    650.7374        1.0012
    650.7415        0.9976
    650.7457        0.9928
    650.7498        0.9873
    650.7540        0.9815
    650.7581        0.9763
    650.7623        0.9720
    650.7664        0.9688
    650.7705        0.9665
    650.7747        0.9653
    650.7788        0.9648
    650.7830        0.9649
    650.7871        0.9657
    650.7913        0.9672
    650.7954        0.9691
    650.7996        0.9716
    650.8037        0.9744
    650.8079        0.9772
    650.8120        0.9797
    650.8161        0.9816
    650.8203        0.9824
    650.8244        0.9823
    650.8286        0.9815
    650.8327        0.9801
    650.8369        0.9784
    650.8410        0.9766
    650.8452        0.9745
    650.8493        0.9724
    650.8535        0.9705
    650.8576        0.9691
    650.8618        0.9684
    650.8659        0.9690
    650.8700        0.9712
    650.8742        0.9748
    650.8783        0.9795
    650.8825        0.9849
    650.8866        0.9902
    650.8908        0.9946
    650.8949        0.9976
    650.8991        0.9990
    650.9032        0.9990
    650.9074        0.9983
    650.9115        0.9977
    650.9157        0.9981
    650.9198        1.0000
    650.9239        1.0030
    650.9281        1.0066
    650.9322        1.0100
    650.9364        1.0124
    650.9405        1.0132
    650.9447        1.0126
    650.9488        1.0108
    650.9530        1.0085
    650.9571        1.0061
    650.9613        1.0042
    650.9654        1.0027
    650.9695        1.0021
    650.9737        1.0020
    650.9778        1.0023
    650.9820        1.0031
    650.9861        1.0043
    650.9903        1.0056
    650.9944        1.0070
    650.9986        1.0079
    651.0027        1.0084
    651.0069        1.0085
    651.0110        1.0081
    651.0152        1.0076
    651.0193        1.0073
    651.0234        1.0072
    651.0276        1.0072
    651.0317        1.0073
    651.0359        1.0076
    651.0400        1.0079
    651.0442        1.0088
    651.0483        1.0104
    651.0525        1.0127
    651.0566        1.0156
    651.0608        1.0186
    651.0649        1.0209
    651.0690        1.0220
    651.0732        1.0216
    651.0773        1.0196
    651.0815        1.0161
    651.0856        1.0118
    651.0898        1.0071
    651.0939        1.0028
    651.0981        0.9995
    651.1022        0.9972
    651.1064        0.9956
    651.1105        0.9949
    651.1147        0.9948
    651.1188        0.9952
    651.1229        0.9961
    651.1271        0.9977
    651.1312        0.9997
    651.1354        1.0020
    651.1395        1.0043
    651.1437        1.0062
    651.1478        1.0074
    651.1520        1.0076
    651.1561        1.0066
    651.1603        1.0044
    651.1644        1.0009
    651.1686        0.9963
    651.1727        0.9907
    651.1768        0.9846
    651.1810        0.9781
    651.1851        0.9718
    651.1893        0.9659
    651.1934        0.9609
    651.1976        0.9569
    651.2017        0.9542
    651.2059        0.9527
    651.2100        0.9522
    651.2142        0.9525
    651.2183        0.9536
    651.2224        0.9550
    651.2266        0.9569
    651.2307        0.9592
    651.2349        0.9622
    651.2390        0.9661
    651.2432        0.9711
    651.2473        0.9772
    651.2515        0.9840
    651.2556        0.9915
    651.2598        0.9989
    651.2639        1.0057
    651.2681        1.0110
    651.2722        1.0145
    651.2763        1.0159
    651.2805        1.0151
    651.2846        1.0125
    651.2888        1.0085
    651.2929        1.0040
    651.2971        0.9999
    651.3012        0.9961
    651.3054        0.9931
    651.3095        0.9906
    651.3137        0.9889
    651.3178        0.9877
    651.3220        0.9871
    651.3261        0.9874
    651.3302        0.9886
    651.3344        0.9904
    651.3385        0.9928
    651.3427        0.9952
    651.3468        0.9973
    651.3510        0.9990
    651.3551        0.9999
    651.3593        1.0003
    651.3634        1.0001
    651.3676        0.9995
    651.3717        0.9984
    651.3758        0.9970
    651.3800        0.9950
    651.3841        0.9926
    651.3883        0.9896
    651.3924        0.9859
    651.3966        0.9821
    651.4007        0.9780
    651.4049        0.9738
    651.4090        0.9696
    651.4132        0.9654
    651.4173        0.9610
    651.4215        0.9561
    651.4256        0.9508
    651.4297        0.9450
    651.4339        0.9388
    651.4380        0.9327
    651.4422        0.9266
    651.4463        0.9205
    651.4505        0.9144
    651.4546        0.9081
    651.4588        0.9020
    651.4629        0.8966
    651.4671        0.8930
    651.4712        0.8917
    651.4753        0.8939
    651.4795        0.8997
    651.4836        0.9084
    651.4878        0.9193
    651.4919        0.9311
    651.4961        0.9425
    651.5002        0.9526
    651.5044        0.9609
    651.5085        0.9676
    651.5127        0.9728
    651.5168        0.9769
    651.5210        0.9805
    651.5251        0.9839
    651.5292        0.9871
    651.5334        0.9904
    651.5375        0.9934
    651.5417        0.9958
    651.5458        0.9972
    651.5500        0.9969
    651.5541        0.9946
    651.5583        0.9902
    651.5624        0.9840
    651.5666        0.9763
    651.5707        0.9678
    651.5749        0.9597
    651.5790        0.9524
    651.5831        0.9468
    651.5873        0.9434
    651.5914        0.9418
    651.5956        0.9415
    651.5997        0.9416
    651.6039        0.9412
    651.6080        0.9395
    651.6122        0.9364
    651.6163        0.9315
    651.6205        0.9251
    651.6246        0.9172
    651.6287        0.9078
    651.6329        0.8972
    651.6370        0.8858
    651.6412        0.8746
    651.6453        0.8648
    651.6495        0.8575
    651.6536        0.8540
    651.6578        0.8544
    651.6619        0.8586
    651.6661        0.8657
    651.6702        0.8743
    651.6744        0.8832
    651.6785        0.8917
    651.6826        0.8992
    651.6868        0.9057
    651.6909        0.9114
    651.6951        0.9170
    651.6992        0.9224
    651.7034        0.9281
    651.7075        0.9339
    651.7117        0.9399
    651.7158        0.9459
    651.7200        0.9517
    651.7241        0.9569
    651.7283        0.9613
    651.7324        0.9647
    651.7365        0.9669
    651.7407        0.9680
    651.7448        0.9683
    651.7490        0.9685
    651.7531        0.9686
    651.7573        0.9693
    651.7614        0.9706
    651.7656        0.9723
    651.7697        0.9744
    651.7739        0.9762
    651.7780        0.9774
    651.7821        0.9775
    651.7863        0.9764
    651.7904        0.9742
    651.7946        0.9711
    651.7987        0.9679
    651.8029        0.9655
    651.8070        0.9644
    651.8112        0.9653
    651.8153        0.9684
    651.8195        0.9734
    651.8236        0.9796
    651.8278        0.9862
    651.8319        0.9920
    651.8360        0.9966
    651.8402        0.9993
    651.8443        1.0003
    651.8485        0.9998
    651.8526        0.9986
    651.8568        0.9973
    651.8609        0.9963
    651.8651        0.9957
    651.8692        0.9955
    651.8734        0.9954
    651.8775        0.9952
    651.8816        0.9948
    651.8858        0.9943
    651.8899        0.9937
    651.8941        0.9929
    651.8982        0.9914
    651.9024        0.9890
    651.9065        0.9858
    651.9107        0.9817
    651.9148        0.9772
    651.9190        0.9725
    651.9231        0.9679
    651.9273        0.9634
    651.9314        0.9590
    651.9355        0.9550
    651.9397        0.9515
    651.9438        0.9495
    651.9480        0.9495
    651.9521        0.9521
    651.9563        0.9572
    651.9604        0.9642
    651.9646        0.9719
    651.9687        0.9791
    651.9729        0.9846
    651.9770        0.9882
    651.9812        0.9900
    651.9853        0.9903
    651.9894        0.9902
    651.9936        0.9902
    651.9977        0.9907
    652.0019        0.9918
    652.0060        0.9935
    652.0102        0.9952
    652.0143        0.9970
    652.0185        0.9985
    652.0226        0.9999
    652.0268        1.0012
    652.0309        1.0024
    652.0350        1.0032
    652.0392        1.0036
    652.0433        1.0034
    652.0475        1.0027
    652.0516        1.0014
    652.0558        0.9996
    652.0599        0.9973
    652.0641        0.9945
    652.0682        0.9914
    652.0724        0.9887
    652.0765        0.9867
    652.0807        0.9861
    652.0848        0.9871
    652.0889        0.9894
    652.0931        0.9924
    652.0972        0.9950
    652.1014        0.9969
    652.1055        0.9972
    652.1097        0.9963
    652.1138        0.9946
    652.1180        0.9929
    652.1221        0.9919
    652.1263        0.9921
    652.1304        0.9935
    652.1346        0.9959
    652.1387        0.9986
    652.1428        1.0010
    652.1470        1.0029
    652.1511        1.0042
    652.1553        1.0047
    652.1594        1.0046
    652.1636        1.0039
    652.1677        1.0029
    652.1719        1.0014
    652.1760        0.9998
    652.1802        0.9982
    652.1843        0.9970
    652.1884        0.9963
    652.1926        0.9961
    652.1967        0.9960
    652.2009        0.9958
    652.2050        0.9950
    652.2092        0.9934
    652.2133        0.9914
    652.2175        0.9893
    652.2216        0.9881
    652.2258        0.9880
    652.2299        0.9894
    652.2341        0.9919
    652.2382        0.9951
    652.2423        0.9983
    652.2465        1.0014
    652.2506        1.0041
    652.2548        1.0066
    652.2589        1.0089
    652.2631        1.0107
    652.2672        1.0120
    652.2714        1.0123
    652.2755        1.0116
    652.2797        1.0098
    652.2838        1.0070
    652.2879        1.0037
    652.2921        1.0003
    652.2962        0.9971
    652.3004        0.9942
    652.3045        0.9912
    652.3087        0.9878
    652.3128        0.9841
    652.3170        0.9799
    652.3211        0.9756
    652.3253        0.9714
    652.3294        0.9677
    652.3336        0.9645
    652.3377        0.9618
    652.3418        0.9591
    652.3460        0.9564
    652.3501        0.9532
    652.3543        0.9498
    652.3584        0.9462
    652.3626        0.9430
    652.3667        0.9404
    652.3709        0.9388
    652.3750        0.9386
    652.3792        0.9399
    652.3833        0.9425
    652.3875        0.9466
    652.3916        0.9518
    652.3957        0.9581
    652.3999        0.9653
    652.4040        0.9729
    652.4082        0.9806
    652.4123        0.9881
    652.4165        0.9946
    652.4206        0.9996
    652.4248        1.0030
    652.4289        1.0046
    652.4331        1.0049
    652.4372        1.0044
    652.4413        1.0037
    652.4455        1.0034
    652.4496        1.0037
    652.4538        1.0044
    652.4579        1.0053
    652.4621        1.0059
    652.4662        1.0062
    652.4704        1.0058
    652.4745        1.0047
    652.4787        1.0031
    652.4828        1.0013
    652.4870        0.9998
    652.4911        0.9987
    652.4952        0.9986
    652.4994        0.9991
    652.5035        1.0002
    652.5077        1.0016
    652.5118        1.0028
    652.5160        1.0039
    652.5201        1.0048
    652.5243        1.0059
    652.5284        1.0072
    652.5326        1.0084
    652.5367        1.0094
    652.5409        1.0095
    652.5450        1.0085
    652.5491        1.0062
    652.5533        1.0029
    652.5574        0.9988
    652.5616        0.9949
    652.5657        0.9918
    652.5699        0.9899
    652.5740        0.9895
    652.5782        0.9906
    652.5823        0.9929
    652.5865        0.9962
    652.5906        1.0002
    652.5947        1.0048
    652.5989        1.0092
    652.6030        1.0132
    652.6072        1.0164
    652.6113        1.0187
    652.6155        1.0197
    652.6196        1.0197
    652.6238        1.0189
    652.6279        1.0177
    652.6321        1.0161
    652.6362        1.0142
    652.6404        1.0123
    652.6445        1.0103
    652.6486        1.0080
    652.6528        1.0060
    652.6569        1.0041
    652.6611        1.0027
    652.6652        1.0018
    652.6694        1.0012
    652.6735        1.0011
    652.6777        1.0012
    652.6818        1.0019
    652.6860        1.0029
    652.6901        1.0045
    652.6942        1.0065
    652.6984        1.0087
    652.7025        1.0108
    652.7067        1.0122
    652.7108        1.0125
    652.7150        1.0116
    652.7191        1.0091
    652.7233        1.0052
    652.7274        1.0003
    652.7316        0.9947
    652.7357        0.9896
    652.7399        0.9853
    652.7440        0.9827
    652.7481        0.9820
    652.7523        0.9835
    652.7564        0.9867
    652.7606        0.9912
    652.7647        0.9963
    652.7689        1.0011
    652.7730        1.0050
    652.7772        1.0075
    652.7813        1.0088
    652.7855        1.0088
    652.7896        1.0080
    652.7938        1.0065
    652.7979        1.0049
    652.8020        1.0032
    652.8062        1.0015
    652.8103        1.0001
    652.8145        0.9990
    652.8186        0.9981
    652.8228        0.9974
    652.8269        0.9972
    652.8311        0.9973
    652.8352        0.9979
    652.8394        0.9988
    652.8435        0.9997
    652.8476        1.0002
    652.8518        0.9999
    652.8559        0.9988
    652.8601        0.9972
    652.8642        0.9955
    652.8684        0.9942
    652.8725        0.9939
    652.8767        0.9948
    652.8808        0.9964
    652.8850        0.9985
    652.8891        1.0006
    652.8933        1.0024
    652.8974        1.0041
    652.9015        1.0058
    652.9057        1.0078
    652.9098        1.0100
    652.9140        1.0125
    652.9181        1.0148
    652.9223        1.0170
    652.9264        1.0184
    652.9306        1.0188
    652.9347        1.0180
    652.9389        1.0157
    652.9430        1.0123
    652.9472        1.0080
    652.9513        1.0035
    652.9554        0.9988
    652.9596        0.9942
    652.9637        0.9899
    652.9679        0.9860
    652.9720        0.9829
    652.9762        0.9812
    652.9803        0.9812
    652.9845        0.9832
    652.9886        0.9869
    652.9928        0.9917
    652.9969        0.9968
    653.0010        1.0009
    653.0052        1.0038
    653.0093        1.0049
    653.0135        1.0046
    653.0176        1.0034
    653.0218        1.0021
    653.0259        1.0011
    653.0301        1.0005
    653.0342        1.0002
    653.0384        0.9999
    653.0425        0.9993
    653.0467        0.9981
    653.0508        0.9963
    653.0549        0.9942
    653.0591        0.9919
    653.0632        0.9900
    653.0674        0.9888
    653.0715        0.9888
    653.0757        0.9901
    653.0798        0.9929
    653.0840        0.9966
    653.0881        1.0009
    653.0923        1.0054
    653.0964        1.0095
    653.1005        1.0131
    653.1047        1.0160
    653.1088        1.0184
    653.1130        1.0201
    653.1171        1.0214
    653.1213        1.0221
    653.1254        1.0224
    653.1296        1.0223
    653.1337        1.0213
    653.1379        1.0193
    653.1420        1.0160
    653.1462        1.0116
    653.1503        1.0065
    653.1544        1.0013
    653.1586        0.9970
    653.1627        0.9942
    653.1669        0.9929
    653.1710        0.9934
    653.1752        0.9950
    653.1793        0.9971
    653.1835        0.9987
    653.1876        0.9995
    653.1918        0.9986
    653.1959        0.9958
    653.2001        0.9910
    653.2042        0.9846
    653.2083        0.9770
    653.2125        0.9689
    653.2166        0.9610
    653.2208        0.9540
    653.2249        0.9481
    653.2291        0.9439
    653.2332        0.9416
    653.2374        0.9410
    653.2415        0.9428
    653.2457        0.9466
    653.2498        0.9524
    653.2539        0.9596
    653.2581        0.9674
    653.2622        0.9751
    653.2664        0.9818
    653.2705        0.9873
    653.2747        0.9919
    653.2788        0.9954
    653.2830        0.9985
    653.2871        1.0014
    653.2913        1.0039
    653.2954        1.0059
    653.2996        1.0073
    653.3037        1.0078
    653.3078        1.0076
    653.3120        1.0071
    653.3161        1.0064
    653.3203        1.0061
    653.3244        1.0062
    653.3286        1.0066
    653.3327        1.0074
    653.3369        1.0078
    653.3410        1.0078
    653.3452        1.0070
    653.3493        1.0054
    653.3534        1.0032
    653.3576        1.0003
    653.3617        0.9972
    653.3659        0.9942
    653.3700        0.9914
    653.3742        0.9893
    653.3783        0.9878
    653.3825        0.9869
    653.3866        0.9862
    653.3908        0.9855
    653.3949        0.9846
    653.3991        0.9835
    653.4032        0.9829
    653.4073        0.9829
    653.4115        0.9841
    653.4156        0.9860
    653.4198        0.9885
    653.4239        0.9906
    653.4281        0.9914
    653.4322        0.9906
    653.4364        0.9885
    653.4405        0.9857
    653.4447        0.9830
    653.4488        0.9814
    653.4530        0.9809
    653.4571        0.9814
    653.4612        0.9830
    653.4654        0.9850
    653.4695        0.9875
    653.4737        0.9904
    653.4778        0.9936
    653.4820        0.9968
    653.4861        1.0000
    653.4903        1.0027
    653.4944        1.0050
    653.4986        1.0065
    653.5027        1.0073
    653.5068        1.0076
    653.5110        1.0074
    653.5151        1.0069
    653.5193        1.0064
    653.5234        1.0059
    653.5276        1.0058
    653.5317        1.0060
    653.5359        1.0068
    653.5400        1.0082
    653.5442        1.0102
    653.5483        1.0127
    653.5525        1.0154
    653.5566        1.0179
    653.5607        1.0197
    653.5649        1.0206
    653.5690        1.0202
    653.5732        1.0184
    653.5773        1.0157
    653.5815        1.0122
    653.5856        1.0085
    653.5898        1.0051
    653.5939        1.0023
    653.5981        1.0004
    653.6022        0.9995
    653.6064        0.9994
    653.6105        0.9999
    653.6146        1.0003
    653.6188        1.0003
    653.6229        0.9994
    653.6271        0.9975
    653.6312        0.9948
    653.6354        0.9915
    653.6395        0.9882
    653.6437        0.9854
    653.6478        0.9833
    653.6520        0.9817
    653.6561        0.9806
    653.6602        0.9798
    653.6644        0.9792
    653.6685        0.9787
    653.6727        0.9785
    653.6768        0.9786
    653.6810        0.9789
    653.6851        0.9795
    653.6893        0.9805
    653.6934        0.9817
    653.6976        0.9836
    653.7017        0.9859
    653.7059        0.9889
    653.7100        0.9925
    653.7141        0.9966
    653.7183        1.0007
    653.7224        1.0045
    653.7266        1.0076
    653.7307        1.0097
    653.7349        1.0104
    653.7390        1.0101
    653.7432        1.0092
    653.7473        1.0083
    653.7515        1.0081
    653.7556        1.0088
    653.7597        1.0107
    653.7639        1.0133
    653.7680        1.0159
    653.7722        1.0180
    653.7763        1.0189
    653.7805        1.0185
    653.7846        1.0166
    653.7888        1.0137
    653.7929        1.0103
    653.7971        1.0072
    653.8012        1.0050
    653.8054        1.0039
    653.8095        1.0037
    653.8136        1.0042
    653.8178        1.0052
    653.8219        1.0065
    653.8261        1.0078
    653.8302        1.0089
    653.8344        1.0099
    653.8385        1.0106
    653.8427        1.0111
    653.8468        1.0118
    653.8510        1.0128
    653.8551        1.0141
    653.8593        1.0157
    653.8634        1.0171
    653.8675        1.0181
    653.8717        1.0182
    653.8758        1.0171
    653.8800        1.0149
    653.8841        1.0119
    653.8883        1.0082
    653.8924        1.0043
    653.8966        1.0005
    653.9007        0.9969
    653.9049        0.9938
    653.9090        0.9915
    653.9131        0.9899
    653.9173        0.9892
    653.9214        0.9893
    653.9256        0.9903
    653.9297        0.9921
    653.9339        0.9944
    653.9380        0.9969
    653.9422        0.9991
    653.9463        1.0009
    653.9505        1.0020
    653.9546        1.0025
    653.9588        1.0024
    653.9629        1.0020
    653.9670        1.0014
    653.9712        1.0009
    653.9753        1.0004
    653.9795        0.9997
    653.9836        0.9988
    653.9878        0.9977
    653.9919        0.9962
    653.9961        0.9948
    654.0002        0.9935
    654.0044        0.9925
    654.0085        0.9921
    654.0127        0.9922
    654.0168        0.9929
    654.0209        0.9937
    654.0251        0.9947
    654.0292        0.9959
    654.0334        0.9971
    654.0375        0.9987
    654.0417        1.0004
    654.0458        1.0024
    654.0500        1.0043
    654.0541        1.0064
    654.0583        1.0087
    654.0624        1.0111
    654.0665        1.0136
    654.0707        1.0161
    654.0748        1.0182
    654.0790        1.0199
    654.0831        1.0207
    654.0873        1.0208
    654.0914        1.0204
    654.0956        1.0195
    654.0997        1.0183
    654.1039        1.0173
    654.1080        1.0164
    654.1122        1.0157
    654.1163        1.0149
    654.1204        1.0137
    654.1246        1.0117
    654.1287        1.0088
    654.1329        1.0052
    654.1370        1.0013
    654.1412        0.9978
    654.1453        0.9953
    654.1495        0.9940
    654.1536        0.9938
    654.1578        0.9943
    654.1619        0.9949
    654.1660        0.9954
    654.1702        0.9957
    654.1743        0.9960
    654.1785        0.9961
    654.1826        0.9961
    654.1868        0.9958
    654.1909        0.9948
    654.1951        0.9929
    654.1992        0.9898
    654.2034        0.9855
    654.2075        0.9801
    654.2117        0.9740
    654.2158        0.9679
    654.2199        0.9622
    654.2241        0.9580
    654.2282        0.9557
    654.2324        0.9557
    654.2365        0.9581
    654.2407        0.9623
    654.2448        0.9677
    654.2490        0.9732
    654.2531        0.9781
    654.2573        0.9817
    654.2614        0.9840
    654.2656        0.9850
    654.2697        0.9852
    654.2738        0.9850
    654.2780        0.9846
    654.2821        0.9844
    654.2863        0.9842
    654.2904        0.9841
    654.2946        0.9842
    654.2987        0.9846
    654.3029        0.9851
    654.3070        0.9853
    654.3112        0.9848
    654.3153        0.9831
    654.3194        0.9803
    654.3236        0.9765
    654.3277        0.9720
    654.3319        0.9673
    654.3360        0.9626
    654.3402        0.9580
    654.3443        0.9531
    654.3485        0.9478
    654.3526        0.9419
    654.3568        0.9352
    654.3609        0.9280
    654.3651        0.9206
    654.3692        0.9133
    654.3733        0.9067
    654.3775        0.9012
    654.3816        0.8974
    654.3858        0.8958
    654.3899        0.8968
    654.3941        0.9003
    654.3982        0.9060
    654.4024        0.9133
    654.4065        0.9213
    654.4107        0.9293
    654.4148        0.9365
    654.4190        0.9429
    654.4231        0.9486
    654.4272        0.9541
    654.4314        0.9598
    654.4355        0.9660
    654.4397        0.9723
    654.4438        0.9780
    654.4480        0.9824
    654.4521        0.9851
    654.4563        0.9859
    654.4604        0.9851
    654.4646        0.9832
    654.4687        0.9810
    654.4728        0.9790
    654.4770        0.9778
    654.4811        0.9773
    654.4853        0.9776
    654.4894        0.9782
    654.4936        0.9790
    654.4977        0.9796
    654.5019        0.9795
    654.5060        0.9788
    654.5102        0.9778
    654.5143        0.9765
    654.5185        0.9752
    654.5226        0.9741
    654.5267        0.9732
    654.5309        0.9724
    654.5350        0.9717
    654.5392        0.9710
    654.5433        0.9702
    654.5475        0.9691
    654.5516        0.9677
    654.5558        0.9661
    654.5599        0.9644
    654.5641        0.9630
    654.5682        0.9620
    654.5723        0.9611
    654.5765        0.9608
    654.5806        0.9607
    654.5848        0.9609
    654.5889        0.9617
    654.5931        0.9628
    654.5972        0.9643
    654.6014        0.9663
    654.6055        0.9685
    654.6097        0.9705
    654.6138        0.9724
    654.6180        0.9742
    654.6221        0.9757
    654.6262        0.9773
    654.6304        0.9784
    654.6345        0.9793
    654.6387        0.9796
    654.6428        0.9795
    654.6470        0.9790
    654.6511        0.9785
    654.6553        0.9780
    654.6594        0.9778
    654.6636        0.9778
    654.6677        0.9778
    654.6719        0.9776
    654.6760        0.9774
    654.6801        0.9770
    654.6843        0.9767
    654.6884        0.9762
    654.6926        0.9759
    654.6967        0.9754
    654.7009        0.9745
    654.7050        0.9732
    654.7092        0.9712
    654.7133        0.9688
    654.7175        0.9659
    654.7216        0.9629
    654.7257        0.9598
    654.7299        0.9564
    654.7340        0.9529
    654.7382        0.9495
    654.7423        0.9460
    654.7465        0.9425
    654.7506        0.9389
    654.7548        0.9354
    654.7589        0.9322
    654.7631        0.9295
    654.7672        0.9279
    654.7714        0.9275
    654.7755        0.9285
    654.7796        0.9309
    654.7838        0.9341
    654.7879        0.9380
    654.7921        0.9422
    654.7962        0.9464
    654.8004        0.9503
    654.8045        0.9538
    654.8087        0.9565
    654.8128        0.9580
    654.8170        0.9580
    654.8211        0.9563
    654.8253        0.9525
    654.8294        0.9471
    654.8335        0.9404
    654.8377        0.9329
    654.8418        0.9251
    654.8460        0.9177
    654.8501        0.9110
    654.8543        0.9053
    654.8584        0.9010
    654.8626        0.8983
    654.8667        0.8975
    654.8709        0.8987
    654.8750        0.9019
    654.8791        0.9067
    654.8833        0.9122
    654.8874        0.9181
    654.8916        0.9235
    654.8957        0.9280
    654.8999        0.9315
    654.9040        0.9341
    654.9082        0.9363
    654.9123        0.9382
    654.9165        0.9403
    654.9206        0.9429
    654.9248        0.9458
    654.9289        0.9493
    654.9330        0.9533
    654.9372        0.9575
    654.9413        0.9617
    654.9455        0.9660
    654.9496        0.9696
    654.9538        0.9724
    654.9579        0.9743
    654.9621        0.9752
    654.9662        0.9754
    654.9704        0.9753
    654.9745        0.9749
    654.9786        0.9745
    654.9828        0.9739
    654.9869        0.9727
    654.9911        0.9708
    654.9952        0.9679
    654.9994        0.9641
    655.0035        0.9594
    655.0077        0.9546
    655.0118        0.9501
    655.0160        0.9468
    655.0201        0.9451
    655.0243        0.9456
    655.0284        0.9481
    655.0325        0.9519
    655.0367        0.9562
    655.0408        0.9599
    655.0450        0.9624
    655.0491        0.9630
    655.0533        0.9619
    655.0574        0.9593
    655.0616        0.9557
    655.0657        0.9520
    655.0699        0.9486
    655.0740        0.9458
    655.0782        0.9437
    655.0823        0.9421
    655.0864        0.9407
    655.0906        0.9394
    655.0947        0.9382
    655.0989        0.9373
    655.1030        0.9371
    655.1072        0.9378
    655.1113        0.9393
    655.1155        0.9415
    655.1196        0.9437
    655.1238        0.9459
    655.1279        0.9476
    655.1320        0.9486
    655.1362        0.9487
    655.1403        0.9479
    655.1445        0.9466
    655.1486        0.9448
    655.1528        0.9429
    655.1569        0.9410
    655.1611        0.9391
    655.1652        0.9366
    655.1694        0.9334
    655.1735        0.9293
    655.1777        0.9244
    655.1818        0.9191
    655.1859        0.9142
    655.1901        0.9103
    655.1942        0.9078
    655.1984        0.9070
    655.2025        0.9074
    655.2067        0.9085
    655.2108        0.9096
    655.2150        0.9098
    655.2191        0.9086
    655.2233        0.9054
    655.2274        0.9000
    655.2316        0.8928
    655.2357        0.8837
    655.2398        0.8733
    655.2440        0.8625
    655.2481        0.8522
    655.2523        0.8434
    655.2564        0.8375
    655.2606        0.8354
    655.2647        0.8371
    655.2689        0.8426
    655.2730        0.8508
    655.2772        0.8608
    655.2813        0.8713
    655.2854        0.8813
    655.2896        0.8898
    655.2937        0.8967
    655.2979        0.9015
    655.3020        0.9043
    655.3062        0.9052
    655.3103        0.9044
    655.3145        0.9023
    655.3186        0.8999
    655.3228        0.8976
    655.3269        0.8964
    655.3311        0.8965
    655.3352        0.8974
    655.3393        0.8988
    655.3435        0.8999
    655.3476        0.9002
    655.3518        0.8990
    655.3559        0.8968
    655.3601        0.8938
    655.3642        0.8906
    655.3684        0.8879
    655.3725        0.8856
    655.3767        0.8842
    655.3808        0.8837
    655.3849        0.8839
    655.3891        0.8848
    655.3932        0.8861
    655.3974        0.8879
    655.4015        0.8904
    655.4057        0.8932
    655.4098        0.8964
    655.4140        0.8999
    655.4181        0.9034
    655.4223        0.9069
    655.4264        0.9103
    655.4306        0.9131
    655.4347        0.9150
    655.4388        0.9153
    655.4430        0.9140
    655.4471        0.9108
    655.4513        0.9058
    655.4554        0.8997
    655.4596        0.8934
    655.4637        0.8878
    655.4679        0.8832
    655.4720        0.8801
    655.4762        0.8783
    655.4803        0.8774
    655.4845        0.8771
    655.4886        0.8771
    655.4927        0.8769
    655.4969        0.8764
    655.5010        0.8755
    655.5052        0.8740
    655.5093        0.8723
    655.5135        0.8705
    655.5176        0.8691
    655.5218        0.8686
    655.5259        0.8690
    655.5301        0.8705
    655.5342        0.8725
    655.5383        0.8747
    655.5425        0.8765
    655.5466        0.8780
    655.5508        0.8788
    655.5549        0.8793
    655.5591        0.8797
    655.5632        0.8801
    655.5674        0.8806
    655.5715        0.8809
    655.5757        0.8807
    655.5798        0.8798
    655.5840        0.8777
    655.5881        0.8745
    655.5922        0.8705
    655.5964        0.8663
    655.6005        0.8626
    655.6047        0.8600
    655.6088        0.8589
    655.6130        0.8595
    655.6171        0.8616
    655.6213        0.8649
    655.6254        0.8688
    655.6296        0.8730
    655.6337        0.8770
    655.6379        0.8801
    655.6420        0.8820
    655.6461        0.8823
    655.6503        0.8811
    655.6544        0.8790
    655.6586        0.8762
    655.6627        0.8733
    655.6669        0.8706
    655.6710        0.8681
    655.6752        0.8654
    655.6793        0.8620
    655.6835        0.8577
    655.6876        0.8526
    655.6917        0.8473
    655.6959        0.8423
    655.7000        0.8382
    655.7042        0.8355
    655.7083        0.8345
    655.7125        0.8351
    655.7166        0.8376
    655.7208        0.8417
    655.7249        0.8473
    655.7291        0.8543
    655.7332        0.8621
    655.7374        0.8701
    655.7415        0.8780
    655.7456        0.8851
    655.7498        0.8911
    655.7539        0.8956
    655.7581        0.8985
    655.7622        0.8999
    655.7664        0.9002
    655.7705        0.8998
    655.7747        0.8989
    655.7788        0.8978
    655.7830        0.8967
    655.7871        0.8957
    655.7912        0.8949
    655.7954        0.8947
    655.7995        0.8954
    655.8037        0.8976
    655.8078        0.9013
    655.8120        0.9067
    655.8161        0.9135
    655.8203        0.9219
    655.8244        0.9314
    655.8286        0.9417
    655.8327        0.9527
    655.8369        0.9637
    655.8410        0.9743
    655.8451        0.9838
    655.8493        0.9917
    655.8534        0.9980
    655.8576        1.0028
    655.8617        1.0065
    655.8659        1.0101
    655.8700        1.0137
    655.8742        1.0180
    655.8783        1.0229
    655.8825        1.0290
    655.8866        1.0362
    655.8908        1.0445
    655.8949        1.0541
    655.8990        1.0650
    655.9032        1.0771
    655.9073        1.0900
    655.9115        1.1036
    655.9156        1.1179
    655.9198        1.1325
    655.9239        1.1472
    655.9281        1.1617
    655.9322        1.1762
    655.9364        1.1901
    655.9405        1.2032
    655.9446        1.2151
    655.9488        1.2258
    655.9529        1.2354
    655.9571        1.2439
    655.9612        1.2524
    655.9654        1.2610
    655.9695        1.2701
    655.9737        1.2798
    655.9778        1.2898
    655.9820        1.2997
    655.9861        1.3093
    655.9903        1.3184
    655.9944        1.3267
    655.9985        1.3343
    656.0027        1.3412
    656.0068        1.3476
    656.0110        1.3530
    656.0151        1.3577
    656.0193        1.3611
    656.0234        1.3638
    656.0276        1.3660
    656.0317        1.3677
    656.0359        1.3696
    656.0400        1.3720
    656.0441        1.3749
    656.0483        1.3783
    656.0524        1.3828
    656.0566        1.3883
    656.0607        1.3951
    656.0649        1.4030
    656.0690        1.4121
    656.0732        1.4219
    656.0773        1.4322
    656.0815        1.4427
    656.0856        1.4528
    656.0898        1.4620
    656.0939        1.4696
    656.0980        1.4757
    656.1022        1.4797
    656.1063        1.4818
    656.1105        1.4821
    656.1146        1.4811
    656.1188        1.4787
    656.1229        1.4754
    656.1271        1.4712
    656.1312        1.4666
    656.1354        1.4615
    656.1395        1.4565
    656.1437        1.4514
    656.1478        1.4465
    656.1519        1.4418
    656.1561        1.4373
    656.1602        1.4325
    656.1644        1.4272
    656.1685        1.4214
    656.1727        1.4149
    656.1768        1.4081
    656.1810        1.4015
    656.1851        1.3953
    656.1893        1.3900
    656.1934        1.3855
    656.1975        1.3820
    656.2017        1.3793
    656.2058        1.3772
    656.2100        1.3758
    656.2141        1.3748
    656.2183        1.3745
    656.2224        1.3746
    656.2266        1.3752
    656.2307        1.3761
    656.2349        1.3772
    656.2390        1.3788
    656.2432        1.3811
    656.2473        1.3846
    656.2514        1.3896
    656.2556        1.3960
    656.2597        1.4037
    656.2639        1.4121
    656.2680        1.4204
    656.2722        1.4284
    656.2763        1.4359
    656.2805        1.4432
    656.2846        1.4506
    656.2888        1.4583
    656.2929        1.4665
    656.2971        1.4751
    656.3012        1.4835
    656.3053        1.4913
    656.3095        1.4977
    656.3136        1.5026
    656.3178        1.5057
    656.3219        1.5072
    656.3261        1.5075
    656.3302        1.5068
    656.3344        1.5049
    656.3385        1.5017
    656.3427        1.4969
    656.3468        1.4904
    656.3509        1.4823
    656.3551        1.4731
    656.3592        1.4632
    656.3634        1.4530
    656.3675        1.4429
    656.3717        1.4328
    656.3758        1.4222
    656.3800        1.4105
    656.3841        1.3971
    656.3883        1.3818
    656.3924        1.3653
    656.3966        1.3482
    656.4007        1.3321
    656.4048        1.3181
    656.4090        1.3067
    656.4131        1.2986
    656.4173        1.2932
    656.4214        1.2902
    656.4256        1.2889
    656.4297        1.2886
    656.4339        1.2890
    656.4380        1.2895
    656.4422        1.2897
    656.4463        1.2891
    656.4504        1.2873
    656.4546        1.2839
    656.4587        1.2787
    656.4629        1.2716
    656.4670        1.2627
    656.4712        1.2525
    656.4753        1.2414
    656.4795        1.2303
    656.4836        1.2195
    656.4878        1.2093
    656.4919        1.1994
    656.4961        1.1897
    656.5002        1.1798
    656.5043        1.1696
    656.5085        1.1592
    656.5126        1.1483
    656.5168        1.1371
    656.5209        1.1254
    656.5251        1.1134
    656.5292        1.1008
    656.5334        1.0880
    656.5375        1.0756
    656.5417        1.0638
    656.5458        1.0531
    656.5500        1.0435
    656.5541        1.0350
    656.5582        1.0274
    656.5624        1.0205
    656.5665        1.0142
    656.5707        1.0083
    656.5748        1.0028
    656.5790        0.9978
    656.5831        0.9931
    656.5873        0.9884
    656.5914        0.9836
    656.5956        0.9783
    656.5997        0.9723
    656.6038        0.9657
    656.6080        0.9587
    656.6121        0.9514
    656.6163        0.9443
    656.6204        0.9377
    656.6246        0.9318
    656.6287        0.9269
    656.6329        0.9226
    656.6370        0.9186
    656.6412        0.9149
    656.6453        0.9108
    656.6495        0.9061
    656.6536        0.9010
    656.6577        0.8954
    656.6619        0.8897
    656.6660        0.8842
    656.6702        0.8795
    656.6743        0.8762
    656.6785        0.8742
    656.6826        0.8737
    656.6868        0.8742
    656.6909        0.8751
    656.6951        0.8761
    656.6992        0.8769
    656.7034        0.8774
    656.7075        0.8777
    656.7116        0.8779
    656.7158        0.8782
    656.7199        0.8787
    656.7241        0.8792
    656.7282        0.8798
    656.7324        0.8801
    656.7365        0.8801
    656.7407        0.8800
    656.7448        0.8799
    656.7490        0.8799
    656.7531        0.8804
    656.7572        0.8810
    656.7614        0.8817
    656.7655        0.8818
    656.7697        0.8812
    656.7738        0.8796
    656.7780        0.8771
    656.7821        0.8741
    656.7863        0.8711
    656.7904        0.8688
    656.7946        0.8676
    656.7987        0.8678
    656.8029        0.8693
    656.8070        0.8719
    656.8111        0.8751
    656.8153        0.8786
    656.8194        0.8817
    656.8236        0.8839
    656.8277        0.8849
    656.8319        0.8843
    656.8360        0.8820
    656.8402        0.8783
    656.8443        0.8739
    656.8485        0.8693
    656.8526        0.8653
    656.8567        0.8621
    656.8609        0.8596
    656.8650        0.8577
    656.8692        0.8559
    656.8733        0.8545
    656.8775        0.8533
    656.8816        0.8528
    656.8858        0.8530
    656.8899        0.8544
    656.8941        0.8569
    656.8982        0.8606
    656.9024        0.8650
    656.9065        0.8697
    656.9106        0.8742
    656.9148        0.8782
    656.9189        0.8814
    656.9231        0.8836
    656.9272        0.8852
    656.9314        0.8866
    656.9355        0.8877
    656.9397        0.8889
    656.9438        0.8903
    656.9480        0.8920
    656.9521        0.8941
    656.9563        0.8962
    656.9604        0.8987
    656.9645        0.9009
    656.9687        0.9027
    656.9728        0.9040
    656.9770        0.9046
    656.9811        0.9046
    656.9853        0.9043
    656.9894        0.9037
    656.9936        0.9029
    656.9977        0.9023
    657.0019        0.9018
    657.0060        0.9010
    657.0101        0.9002
    657.0143        0.8993
    657.0184        0.8986
    657.0226        0.8985
    657.0267        0.8993
    657.0309        0.9011
    657.0350        0.9037
    657.0392        0.9062
    657.0433        0.9081
    657.0475        0.9089
    657.0516        0.9084
    657.0558        0.9070
    657.0599        0.9050
    657.0640        0.9034
    657.0682        0.9029
    657.0723        0.9037
    657.0765        0.9059
    657.0806        0.9092
    657.0848        0.9132
    657.0889        0.9174
    657.0931        0.9215
    657.0972        0.9250
    657.1014        0.9279
    657.1055        0.9297
    657.1097        0.9302
    657.1138        0.9295
    657.1179        0.9278
    657.1221        0.9256
    657.1262        0.9231
    657.1304        0.9209
    657.1345        0.9188
    657.1387        0.9169
    657.1428        0.9153
    657.1470        0.9137
    657.1511        0.9124
    657.1553        0.9108
    657.1594        0.9089
    657.1635        0.9066
    657.1677        0.9038
    657.1718        0.9005
    657.1760        0.8969
    657.1801        0.8932
    657.1843        0.8899
    657.1884        0.8872
    657.1926        0.8852
    657.1967        0.8846
    657.2009        0.8851
    657.2050        0.8870
    657.2092        0.8898
    657.2133        0.8930
    657.2174        0.8963
    657.2216        0.8995
    657.2257        0.9024
    657.2299        0.9051
    657.2340        0.9079
    657.2382        0.9111
    657.2423        0.9149
    657.2465        0.9190
    657.2506        0.9233
    657.2548        0.9276
    657.2589        0.9313
    657.2630        0.9346
    657.2672        0.9373
    657.2713        0.9398
    657.2755        0.9424
    657.2796        0.9449
    657.2838        0.9469
    657.2879        0.9484
    657.2921        0.9486
    657.2962        0.9481
    657.3004        0.9468
    657.3045        0.9454
    657.3087        0.9445
    657.3128        0.9443
    657.3169        0.9451
    657.3211        0.9465
    657.3252        0.9483
    657.3294        0.9498
    657.3335        0.9506
    657.3377        0.9502
    657.3418        0.9486
    657.3460        0.9459
    657.3501        0.9427
    657.3543        0.9394
    657.3584        0.9368
    657.3626        0.9352
    657.3667        0.9348
    657.3708        0.9352
    657.3750        0.9361
    657.3791        0.9376
    657.3833        0.9394
    657.3874        0.9421
    657.3916        0.9454
    657.3957        0.9496
    657.3999        0.9542
    657.4040        0.9587
    657.4082        0.9624
    657.4123        0.9649
    657.4164        0.9658
    657.4206        0.9651
    657.4247        0.9633
    657.4289        0.9604
    657.4330        0.9569
    657.4372        0.9525
    657.4413        0.9476
    657.4455        0.9418
    657.4496        0.9350
    657.4538        0.9270
    657.4579        0.9176
    657.4621        0.9075
    657.4662        0.8970
    657.4703        0.8871
    657.4745        0.8790
    657.4786        0.8732
    657.4828        0.8705
    657.4869        0.8713
    657.4911        0.8755
    657.4952        0.8824
    657.4994        0.8911
    657.5035        0.9009
    657.5077        0.9106
    657.5118        0.9196
    657.5160        0.9275
    657.5201        0.9340
    657.5242        0.9393
    657.5284        0.9435
    657.5325        0.9470
    657.5367        0.9498
    657.5408        0.9526
    657.5450        0.9558
    657.5491        0.9595
    657.5533        0.9636
    657.5574        0.9682
    657.5616        0.9729
    657.5657        0.9772
    657.5698        0.9807
    657.5740        0.9829
    657.5781        0.9837
    657.5823        0.9830
    657.5864        0.9809
    657.5906        0.9779
    657.5947        0.9747
    657.5989        0.9714
    657.6030        0.9686
    657.6072        0.9664
    657.6113        0.9647
    657.6155        0.9634
    657.6196        0.9624
    657.6237        0.9613
    657.6279        0.9601
    657.6320        0.9589
    657.6362        0.9580
    657.6403        0.9578
    657.6445        0.9586
    657.6486        0.9607
    657.6528        0.9636
    657.6569        0.9669
    657.6611        0.9694
    657.6652        0.9708
    657.6693        0.9708
    657.6735        0.9698
    657.6776        0.9686
    657.6818        0.9678
    657.6859        0.9680
    657.6901        0.9691
    657.6942        0.9709
    657.6984        0.9729
    657.7025        0.9746
    657.7067        0.9758
    657.7108        0.9766
    657.7150        0.9771
    657.7191        0.9778
    657.7232        0.9790
    657.7274        0.9808
    657.7315        0.9836
    657.7357        0.9870
    657.7398        0.9905
    657.7440        0.9936
    657.7481        0.9957
    657.7523        0.9967
    657.7564        0.9964
    657.7606        0.9951
    657.7647        0.9928
    657.7689        0.9900
    657.7730        0.9869
    657.7771        0.9838
    657.7813        0.9810
    657.7854        0.9786
    657.7896        0.9764
    657.7937        0.9744
    657.7979        0.9727
    657.8020        0.9710
    657.8062        0.9693
    657.8103        0.9679
    657.8145        0.9667
    657.8186        0.9661
    657.8227        0.9660
    657.8269        0.9663
    657.8310        0.9669
    657.8352        0.9676
    657.8393        0.9684
    657.8435        0.9692
    657.8476        0.9702
    657.8518        0.9711
    657.8559        0.9722
    657.8601        0.9731
    657.8642        0.9740
    657.8684        0.9750
    657.8725        0.9760
    657.8766        0.9772
    657.8808        0.9788
    657.8849        0.9807
    657.8891        0.9824
    657.8932        0.9836
    657.8974        0.9839
    657.9015        0.9832
    657.9057        0.9816
    657.9098        0.9798
    657.9140        0.9786
    657.9181        0.9780
    657.9223        0.9784
    657.9264        0.9796
    657.9305        0.9811
    657.9347        0.9829
    657.9388        0.9848
    657.9430        0.9870
    657.9471        0.9897
    657.9513        0.9930
    657.9554        0.9967
    657.9596        1.0008
    657.9637        1.0047
    657.9679        1.0082
    657.9720        1.0106
    657.9761        1.0118
    657.9803        1.0116
    657.9844        1.0102
    657.9886        1.0078
    657.9927        1.0048
    657.9969        1.0017
    658.0010        0.9987
    658.0052        0.9961
    658.0093        0.9938
    658.0135        0.9915
    658.0176        0.9891
    658.0218        0.9868
    658.0259        0.9844
    658.0300        0.9823
    658.0342        0.9806
    658.0383        0.9794
    658.0425        0.9784
    658.0466        0.9774
    658.0508        0.9759
    658.0549        0.9739
    658.0591        0.9712
    658.0632        0.9682
    658.0674        0.9653
    658.0715        0.9628
    658.0756        0.9612
    658.0798        0.9604
    658.0839        0.9607
    658.0881        0.9618
    658.0922        0.9636
    658.0964        0.9657
    658.1005        0.9679
    658.1047        0.9700
    658.1088        0.9721
    658.1130        0.9743
    658.1171        0.9769
    658.1213        0.9798
    658.1254        0.9827
    658.1295        0.9853
    658.1337        0.9871
    658.1378        0.9881
    658.1420        0.9885
    658.1461        0.9888
    658.1503        0.9896
    658.1544        0.9913
    658.1586        0.9938
    658.1627        0.9969
    658.1669        0.9996
    658.1710        1.0016
    658.1752        1.0027
    658.1793        1.0029
    658.1834        1.0028
    658.1876        1.0028
    658.1917        1.0029
    658.1959        1.0034
    658.2000        1.0039
    658.2042        1.0038
    658.2083        1.0029
    658.2125        1.0008
    658.2166        0.9976
    658.2208        0.9936
    658.2249        0.9894
    658.2290        0.9854
    658.2332        0.9822
    658.2373        0.9802
    658.2415        0.9795
    658.2456        0.9801
    658.2498        0.9818
    658.2539        0.9842
    658.2581        0.9866
    658.2622        0.9886
    658.2664        0.9899
    658.2705        0.9903
    658.2747        0.9901
    658.2788        0.9899
    658.2829        0.9901
    658.2871        0.9908
    658.2912        0.9923
    658.2954        0.9941
    658.2995        0.9957
    658.3037        0.9969
    658.3078        0.9972
    658.3120        0.9967
    658.3161        0.9956
    658.3203        0.9939
    658.3244        0.9918
    658.3286        0.9896
    658.3327        0.9874
    658.3368        0.9852
    658.3410        0.9831
    658.3451        0.9809
    658.3493        0.9788
    658.3534        0.9765
    658.3576        0.9744
    658.3617        0.9727
    658.3659        0.9718
    658.3700        0.9718
    658.3742        0.9731
    658.3783        0.9755
    658.3824        0.9787
    658.3866        0.9823
    658.3907        0.9857
    658.3949        0.9886
    658.3990        0.9907
    658.4032        0.9917
    658.4073        0.9918
    658.4115        0.9917
    658.4156        0.9917
    658.4198        0.9924
    658.4239        0.9943
    658.4281        0.9972
    658.4322        1.0009
    658.4363        1.0044
    658.4405        1.0070
    658.4446        1.0081
    658.4488        1.0073
    658.4529        1.0047
    658.4571        1.0010
    658.4612        0.9969
    658.4654        0.9933
    658.4695        0.9911
    658.4737        0.9903
    658.4778        0.9913
    658.4819        0.9937
    658.4861        0.9968
    658.4902        1.0000
    658.4944        1.0030
    658.4985        1.0054
    658.5027        1.0069
    658.5068        1.0074
    658.5110        1.0069
    658.5151        1.0058
    658.5193        1.0041
    658.5234        1.0025
    658.5276        1.0009
    658.5317        0.9996
    658.5358        0.9988
    658.5400        0.9984
    658.5441        0.9980
    658.5483        0.9979
    658.5524        0.9976
    658.5566        0.9973
    658.5607        0.9966
    658.5649        0.9958
    658.5690        0.9945
    658.5732        0.9929
    658.5773        0.9910
    658.5815        0.9889
    658.5856        0.9874
    658.5897        0.9864
    658.5939        0.9864
    658.5980        0.9873
    658.6022        0.9886
    658.6063        0.9902
    658.6105        0.9913
    658.6146        0.9918
    658.6188        0.9913
    658.6229        0.9902
    658.6271        0.9884
    658.6312        0.9863
    658.6353        0.9843
    658.6395        0.9821
    658.6436        0.9801
    658.6478        0.9784
    658.6519        0.9771
    658.6561        0.9764
    658.6602        0.9765
    658.6644        0.9776
    658.6685        0.9797
    658.6727        0.9831
    658.6768        0.9874
    658.6810        0.9926
    658.6851        0.9977
    658.6892        1.0021
    658.6934        1.0052
    658.6975        1.0066
    658.7017        1.0064
    658.7058        1.0050
    658.7100        1.0030
    658.7141        1.0013
    658.7183        1.0000
    658.7224        0.9998
    658.7266        1.0005
    658.7307        1.0022
    658.7348        1.0046
    658.7390        1.0073
    658.7431        1.0100
    658.7473        1.0122
    658.7514        1.0137
    658.7556        1.0142
    658.7597        1.0138
    658.7639        1.0125
    658.7680        1.0107
    658.7722        1.0088
    658.7763        1.0070
    658.7805        1.0058
    658.7846        1.0053
    658.7887        1.0056
    658.7929        1.0065
    658.7970        1.0078
    658.8012        1.0091
    658.8053        1.0099
    658.8095        1.0096
    658.8136        1.0082
    658.8178        1.0056
    658.8219        1.0019
    658.8261        0.9977
    658.8302        0.9937
    658.8344        0.9903
    658.8385        0.9882
    658.8426        0.9874
    658.8468        0.9878
    658.8509        0.9892
    658.8551        0.9910
    658.8592        0.9930
    658.8634        0.9950
    658.8675        0.9967
    658.8717        0.9981
    658.8758        0.9994
    658.8800        1.0008
    658.8841        1.0021
    658.8882        1.0033
    658.8924        1.0044
    658.8965        1.0050
    658.9007        1.0049
    658.9048        1.0040
    658.9090        1.0022
    658.9131        0.9998
    658.9173        0.9974
    658.9214        0.9953
    658.9256        0.9941
    658.9297        0.9937
    658.9339        0.9944
    658.9380        0.9956
    658.9421        0.9973
    658.9463        0.9990
    658.9504        1.0004
    658.9546        1.0013
    658.9587        1.0015
    658.9629        1.0011
    658.9670        1.0002
    658.9712        0.9989
    658.9753        0.9975
    658.9795        0.9963
    658.9836        0.9955
    658.9878        0.9952
    658.9919        0.9956
    658.9960        0.9963
    659.0002        0.9974
    659.0043        0.9986
    659.0085        0.9997
    659.0126        1.0006
    659.0168        1.0012
    659.0209        1.0014
    659.0251        1.0015
    659.0292        1.0015
    659.0334        1.0016
    659.0375        1.0016
    659.0416        1.0012
    659.0458        1.0006
    659.0499        0.9995
    659.0541        0.9982
    659.0582        0.9972
    659.0624        0.9964
    659.0665        0.9964
    659.0707        0.9969
    659.0748        0.9981
    659.0790        0.9994
    659.0831        1.0009
    659.0873        1.0020
    659.0914        1.0029
    659.0955        1.0033
    659.0997        1.0031
    659.1038        1.0021
    659.1080        1.0005
    659.1121        0.9983
    659.1163        0.9962
    659.1204        0.9948
    659.1246        0.9942
    659.1287        0.9948
    659.1329        0.9964
    659.1370        0.9984
    659.1411        1.0007
    659.1453        1.0026
    659.1494        1.0039
    659.1536        1.0046
    659.1577        1.0046
    659.1619        1.0040
    659.1660        1.0030
    659.1702        1.0017
    659.1743        1.0003
    659.1785        0.9993
    659.1826        0.9985
    659.1868        0.9980
    659.1909        0.9977
    659.1950        0.9975
    659.1992        0.9970
    659.2033        0.9965
    659.2075        0.9958
    659.2116        0.9953
    659.2158        0.9947
    659.2199        0.9942
    659.2241        0.9937
    659.2282        0.9931
    659.2324        0.9921
    659.2365        0.9911
    659.2407        0.9898
    659.2448        0.9887
    659.2489        0.9878
    659.2531        0.9873
    659.2572        0.9877
    659.2614        0.9887
    659.2655        0.9903
    659.2697        0.9926
    659.2738        0.9954
    659.2780        0.9982
    659.2821        1.0010
    659.2863        1.0033
    659.2904        1.0050
    659.2945        1.0059
    659.2987        1.0062
    659.3028        1.0059
    659.3070        1.0057
    659.3111        1.0054
    659.3153        1.0053
    659.3194        1.0050
    659.3236        1.0043
    659.3277        1.0031
    659.3319        1.0012
    659.3360        0.9989
    659.3402        0.9963
    659.3443        0.9936
    659.3484        0.9913
    659.3526        0.9894
    659.3567        0.9884
    659.3609        0.9883
    659.3650        0.9894
    659.3692        0.9910
    659.3733        0.9928
    659.3775        0.9944
    659.3816        0.9950
    659.3858        0.9947
    659.3899        0.9934
    659.3941        0.9915
    659.3982        0.9894
    659.4023        0.9873
    659.4065        0.9855
    659.4106        0.9838
    659.4148        0.9822
    659.4189        0.9805
    659.4231        0.9784
    659.4272        0.9763
    659.4314        0.9743
    659.4355        0.9731
    659.4397        0.9730
    659.4438        0.9744
    659.4479        0.9768
    659.4521        0.9801
    659.4562        0.9837
    659.4604        0.9869
    659.4645        0.9898
    659.4687        0.9923
    659.4728        0.9943
    659.4770        0.9962
    659.4811        0.9976
    659.4853        0.9988
    659.4894        0.9995
    659.4936        1.0000
    659.4977        1.0001
    659.5018        1.0003
    659.5060        1.0002
    659.5101        1.0003
    659.5143        1.0001
    659.5184        1.0001
    659.5226        1.0000
    659.5267        1.0000
    659.5309        0.9999
    659.5350        0.9998
    659.5392        0.9997
    659.5433        0.9996
    659.5474        0.9995
    659.5516        0.9995
    659.5557        0.9994
    659.5599        0.9994
    659.5640        0.9989
    659.5682        0.9980
    659.5723        0.9963
    659.5765        0.9939
    659.5806        0.9911
    659.5848        0.9880
    659.5889        0.9855
    659.5931        0.9835
    659.5972        0.9823
    659.6013        0.9820
    659.6055        0.9820
    659.6096        0.9821
    659.6138        0.9819
    659.6179        0.9817
    659.6221        0.9814
    659.6262        0.9817
    659.6304        0.9828
    659.6345        0.9851
    659.6387        0.9885
    659.6428        0.9927
    659.6470        0.9971
    659.6511        1.0007
    659.6552        1.0031
    659.6594        1.0036
    659.6635        1.0023
    659.6677        0.9992
    659.6718        0.9952
    659.6760        0.9910
    659.6801        0.9874
    659.6843        0.9850
    659.6884        0.9840
    659.6926        0.9845
    659.6967        0.9860
    659.7008        0.9882
    659.7050        0.9903
    659.7091        0.9923
    659.7133        0.9936
    659.7174        0.9944
    659.7216        0.9947
    659.7257        0.9949
    659.7299        0.9952
    659.7340        0.9955
    659.7382        0.9960
    659.7423        0.9965
    659.7465        0.9971
    659.7506        0.9977
    659.7547        0.9983
    659.7589        0.9987
    659.7630        0.9990
    659.7672        0.9987
    659.7713        0.9980
    659.7755        0.9968
    659.7796        0.9956
    659.7838        0.9952
    659.7879        0.9957
    659.7921        0.9976
    659.7962        1.0006
    659.8004        1.0045
    659.8045        1.0085
    659.8086        1.0121
    659.8128        1.0145
    659.8169        1.0157
    659.8211        1.0157
    659.8252        1.0149
    659.8294        1.0140
    659.8335        1.0131
    659.8377        1.0125
    659.8418        1.0119
    659.8460        1.0114
    659.8501        1.0107
    659.8542        1.0101
    659.8584        1.0096
    659.8625        1.0093
    659.8667        1.0092
    659.8708        1.0088
    659.8750        1.0079
    659.8791        1.0062
    659.8833        1.0035
    659.8874        0.9998
    659.8916        0.9955
    659.8957        0.9911
    659.8999        0.9868
    659.9040        0.9832
    659.9081        0.9803
    659.9123        0.9783
    659.9164        0.9770
    659.9206        0.9766
    659.9247        0.9769
    659.9289        0.9781
    659.9330        0.9803
    659.9372        0.9829
    659.9413        0.9857
    659.9455        0.9879
    659.9496        0.9893
    659.9537        0.9893
    659.9579        0.9879
    659.9620        0.9853
    659.9662        0.9821
    659.9703        0.9790
    659.9745        0.9767
    659.9786        0.9759
    659.9828        0.9768
    659.9869        0.9794
    659.9911        0.9832
    659.9952        0.9876
    659.9994        0.9922
    660.0035        0.9963
    660.0076        0.9999
    660.0118        1.0031
    660.0159        1.0059
    660.0201        1.0085
    660.0242        1.0111
    660.0284        1.0134
    660.0325        1.0153
    660.0367        1.0166
    660.0408        1.0169
    660.0450        1.0164
    660.0491        1.0148
    660.0533        1.0128
    660.0574        1.0103
    660.0615        1.0078
    660.0657        1.0057
    660.0698        1.0040
    660.0740        1.0028
    660.0781        1.0019
    660.0823        1.0013
    660.0864        1.0005
    660.0906        0.9996
    660.0947        0.9985
    660.0989        0.9975
    660.1030        0.9971
    660.1071        0.9972
    660.1113        0.9981
    660.1154        0.9996
    660.1196        1.0017
    660.1237        1.0042
    660.1279        1.0066
    660.1320        1.0089
    660.1362        1.0108
    660.1403        1.0118
    660.1445        1.0119
    660.1486        1.0109
    660.1528        1.0087
    660.1569        1.0059
    660.1610        1.0028
    660.1652        1.0000
    660.1693        0.9980
    660.1735        0.9972
    660.1776        0.9973
    660.1818        0.9983
    660.1859        0.9998
    660.1901        1.0012
    660.1942        1.0021
    660.1984        1.0024
    660.2025        1.0017
    660.2067        1.0002
    660.2108        0.9980
    660.2149        0.9957
    660.2191        0.9935
    660.2232        0.9921
    660.2274        0.9915
    660.2315        0.9916
    660.2357        0.9922
    660.2398        0.9930
    660.2440        0.9938
    660.2481        0.9943
    660.2523        0.9943
    660.2564        0.9940
    660.2605        0.9931
    660.2647        0.9920
    660.2688        0.9909
    660.2730        0.9899
    660.2771        0.9894
    660.2813        0.9892
    660.2854        0.9897
    660.2896        0.9906
    660.2937        0.9916
    660.2979        0.9928
    660.3020        0.9942
    660.3062        0.9956
    660.3103        0.9972
    660.3144        0.9990
    660.3186        1.0009
    660.3227        1.0026
    660.3269        1.0039
    660.3310        1.0045
    660.3352        1.0041
    660.3393        1.0029
    660.3435        1.0009
    660.3476        0.9988
    660.3518        0.9967
    660.3559        0.9953
    660.3600        0.9944
    660.3642        0.9941
    660.3683        0.9943
    660.3725        0.9946
    660.3766        0.9951
    660.3808        0.9958
    660.3849        0.9968
    660.3891        0.9983
    660.3932        1.0006
    660.3974        1.0037
    660.4015        1.0073
    660.4057        1.0111
    660.4098        1.0146
    660.4139        1.0173
    660.4181        1.0190
    660.4222        1.0194
    660.4264        1.0185
    660.4305        1.0163
    660.4347        1.0133
    660.4388        1.0097
    660.4430        1.0060
    660.4471        1.0031
    660.4513        1.0015
    660.4554        1.0018
    660.4596        1.0038
    660.4637        1.0071
    660.4678        1.0110
    660.4720        1.0145
    660.4761        1.0169
    660.4803        1.0176
    660.4844        1.0167
    660.4886        1.0142
    660.4927        1.0109
    660.4969        1.0073
    660.5010        1.0037
    660.5052        1.0005
    660.5093        0.9974
    660.5134        0.9948
    660.5176        0.9923
    660.5217        0.9899
    660.5259        0.9881
    660.5300        0.9870
    660.5342        0.9871
    660.5383        0.9884
    660.5425        0.9909
    660.5466        0.9944
    660.5508        0.9986
    660.5549        1.0030
    660.5591        1.0069
    660.5632        1.0100
    660.5673        1.0119
    660.5715        1.0129
    660.5756        1.0130
    660.5798        1.0127
    660.5839        1.0123
    660.5881        1.0121
    660.5922        1.0121
