    642.0193        1.0008
    642.0443        1.0025
    642.0693        0.9997
    642.0944        0.9960
    642.1194        0.9970
    642.1444        0.9990
    642.1695        0.9989
    642.1945        0.9983
    642.2195        0.9962
    642.2446        0.9939
    642.2696        0.9965
    642.2947        1.0005
    642.3197        1.0005
    642.3447        0.9991
    642.3698        0.9994
    642.3948        1.0004
    642.4198        0.9992
    642.4449        0.9970
    642.4699        0.9968
    642.4949        0.9975
    642.5200        0.9974
    642.5450        0.9970
    642.5700        0.9976
    642.5951        0.9988
    642.6201        0.9997
    642.6451        1.0007
    642.6702        1.0009
    642.6952        1.0006
    642.7202        1.0005
    642.7453        1.0004
    642.7703        1.0021
    642.7954        1.0052
    642.8204        1.0062
    642.8454        1.0055
    642.8705        1.0044
    642.8955        1.0030
    642.9205        1.0007
    642.9456        0.9978
    642.9706        0.9966
    642.9956        0.9970
    643.0207        0.9974
    643.0457        0.9979
    643.0707        0.9985
    643.0958        0.9991
    643.1208        0.9976
    643.1458        0.9933
    643.1709        0.9932
    643.1959        0.9985
    643.2209        1.0001
    643.2460        0.9966
    643.2710        0.9952
    643.2961        0.9970
    643.3211        0.9990
    643.3461        1.0016
    643.3712        1.0019
    643.3962        0.9985
    643.4212        0.9976
    643.4463        1.0015
    643.4713        1.0031
    643.4963        0.9999
    643.5214        0.9978
    643.5464        0.9980
    643.5714        0.9987
    643.5965        1.0001
    643.6215        1.0023
    643.6465        1.0065
    643.6716        1.0094
    643.6966        1.0087
    643.7216        1.0075
    643.7467        1.0041
    643.7717        1.0018
    643.7968        1.0027
    643.8218        1.0028
    643.8468        0.9992
    643.8719        0.9969
    643.8969        0.9992
    643.9219        1.0020
    643.9470        1.0075
    643.9720        1.0118
    643.9970        1.0099
    644.0221        1.0079
    644.0471        1.0055
    644.0721        1.0031
    644.0972        1.0027
    644.1222        1.0024
    644.1472        1.0043
    644.1723        1.0059
    644.1973        1.0055
    644.2223        1.0050
    644.2474        1.0032
    644.2724        1.0017
    644.2975        1.0035
    644.3225        1.0050
    644.3475        0.9992
    644.3726        0.9935
    644.3976        0.9986
    644.4226        1.0034
    644.4477        1.0030
    644.4727        1.0025
    644.4977        1.0064
    644.5228        1.0105
    644.5478        1.0075
    644.5728        1.0043
    644.5979        1.0067
    644.6229        1.0095
    644.6479        1.0110
    644.6730        1.0124
    644.6980        1.0097
    644.7230        1.0064
    644.7481        1.0040
    644.7731        1.0015
    644.7982        1.0015
    644.8232        1.0019
    644.8482        1.0048
    644.8733        1.0081
    644.8983        1.0062
    644.9233        1.0033
    644.9484        1.0032
    644.9734        1.0037
    644.9984        1.0066
    645.0235        1.0101
    645.0485        1.0115
    645.0735        1.0122
    645.0986        1.0087
    645.1236        1.0040
    645.1486        1.0029
    645.1737        1.0029
    645.1987        1.0047
    645.2237        1.0070
    645.2488        1.0045
    645.2738        1.0000
    645.2989        0.9998
    645.3239        1.0012
    645.3489        1.0002
    645.3740        0.9981
    645.3990        0.9970
    645.4240        0.9965
    645.4491        0.9970
    645.4741        0.9980
    645.4991        0.9969
    645.5242        0.9945
    645.5492        0.9952
    645.5742        0.9975
    645.5993        0.9988
    645.6243        0.9994
    645.6493        0.9990
    645.6744        0.9980
    645.6994        0.9984
    645.7244        0.9997
    645.7495        0.9981
    645.7745        0.9945
    645.7996        0.9919
    645.8246        0.9901
    645.8496        0.9887
    645.8747        0.9877
    645.8997        0.9879
    645.9247        0.9891
    645.9498        0.9904
    645.9748        0.9915
    645.9998        0.9952
    646.0249        1.0014
    646.0499        1.0028
    646.0749        0.9994
    646.1000        0.9976
    646.1250        0.9977
    646.1500        0.9974
    646.1751        0.9969
    646.2001        0.9975
    646.2251        1.0000
    646.2502        1.0014
    646.2752        1.0013
    646.3003        1.0006
    646.3253        0.9991
    646.3503        0.9986
    646.3754        0.9997
    646.4004        1.0004
    646.4254        1.0004
    646.4505        1.0008
    646.4755        1.0015
    646.5005        1.0029
    646.5256        1.0059
    646.5506        1.0077
    646.5756        1.0072
    646.6007        1.0063
    646.6257        1.0047
    646.6507        1.0047
    646.6758        1.0085
    646.7008        1.0131
    646.7258        1.0200
    646.7509        1.0214
    646.7759        1.0081
    646.8010        0.9983
    646.8260        0.9987
    646.8510        0.9990
    646.8761        0.9994
    646.9011        0.9984
    646.9261        0.9926
    646.9512        0.9882
    646.9762        0.9894
    647.0012        0.9911
    647.0263        0.9955
    647.0513        0.9996
    647.0763        1.0031
    647.1014        1.0064
    647.1264        1.0082
    647.1514        1.0098
    647.1765        1.0100
    647.2015        1.0092
    647.2265        1.0027
    647.2516        0.9969
    647.2766        0.9975
    647.3017        0.9979
    647.3267        0.9975
    647.3517        0.9971
    647.3768        0.9957
    647.4018        0.9943
    647.4268        0.9928
    647.4519        0.9907
    647.4769        0.9789
    647.5019        0.9673
    647.5270        0.9610
    647.5520        0.9552
    647.5770        0.9623
    647.6021        0.9693
    647.6271        0.9714
    647.6521        0.9734
    647.6772        0.9787
    647.7022        0.9839
    647.7272        0.9898
    647.7523        0.9958
    647.7773        0.9998
    647.8024        1.0038
    647.8274        0.9999
    647.8524        0.9956
    647.8775        0.9943
    647.9025        0.9932
    647.9275        0.9873
    647.9526        0.9811
    647.9776        0.9797
    648.0026        0.9787
    648.0277        0.9831
    648.0527        0.9883
    648.0777        0.9907
    648.1028        0.9927
    648.1278        0.9985
    648.1528        1.0047
    648.1779        1.0061
    648.2029        1.0069
    648.2279        1.0006
    648.2530        0.9931
    648.2780        0.9859
    648.3031        0.9787
    648.3281        0.9761
    648.3531        0.9745
    648.3782        0.9730
    648.4032        0.9716
    648.4282        0.9734
    648.4533        0.9761
    648.4783        0.9853
    648.5033        0.9964
    648.5284        1.0006
    648.5534        1.0026
    648.5784        0.9990
    648.6035        0.9937
    648.6285        0.9931
    648.6535        0.9940
    648.6786        0.9975
    648.7036        1.0019
    648.7286        1.0012
    648.7537        0.9983
    648.7787        0.9971
    648.8038        0.9966
    648.8288        0.9975
    648.8538        0.9991
    648.8789        0.9978
    648.9039        0.9951
    648.9289        0.9963
    648.9540        0.9995
    648.9790        0.9977
    649.0040        0.9932
    649.0291        0.9861
    649.0541        0.9777
    649.0791        0.9762
    649.1042        0.9788
    649.1292        0.9817
    649.1542        0.9849
    649.1793        0.9896
    649.2043        0.9951
    649.2293        0.9949
    649.2544        0.9905
    649.2794        0.9857
    649.3045        0.9805
    649.3295        0.9822
    649.3545        0.9892
    649.3796        0.9938
    649.4046        0.9964
    649.4296        0.9998
    649.4547        1.0038
    649.4797        1.0033
    649.5047        0.9986
    649.5298        0.9938
    649.5548        0.9888
    649.5798        0.9882
    649.6049        0.9921
    649.6299        0.9928
    649.6549        0.9902
    649.6800        0.9915
    649.7050        0.9972
    649.7300        1.0024
    649.7551        1.0070
    649.7801        1.0105
    649.8052        1.0124
    649.8302        1.0135
    649.8552        1.0136
    649.8803        1.0150
    649.9053        1.0186
    649.9303        1.0209
    649.9554        1.0217
    649.9804        1.0216
    650.0054        1.0204
    650.0305        1.0200
    650.0555        1.0209
    650.0805        1.0215
    650.1056        1.0216
    650.1306        1.0211
    650.1556        1.0196
    650.1807        1.0189
    650.2057        1.0195
    650.2307        1.0189
    650.2558        1.0165
    650.2808        1.0145
    650.3059        1.0136
    650.3309        1.0110
    650.3559        1.0049
    650.3810        1.0018
    650.4060        1.0056
    650.4310        1.0081
    650.4561        1.0069
    650.4811        1.0077
    650.5061        1.0136
    650.5312        1.0173
    650.5562        1.0150
    650.5812        1.0133
    650.6063        1.0135
    650.6313        1.0138
    650.6563        1.0149
    650.6814        1.0155
    650.7064        1.0148
    650.7314        1.0136
    650.7565        1.0110
    650.7815        1.0081
    650.8066        1.0046
    650.8316        1.0015
    650.8566        1.0007
    650.8817        1.0010
    650.9067        1.0063
    650.9317        1.0104
    650.9568        1.0085
    650.9818        1.0075
    651.0068        1.0108
    651.0319        1.0138
    651.0569        1.0142
    651.0819        1.0139
    651.1070        1.0104
    651.1320        1.0068
    651.1570        1.0024
    651.1821        0.9985
    651.2071        0.9993
    651.2321        0.9998
    651.2572        0.9971
    651.2822        0.9953
    651.3073        1.0027
    651.3323        1.0088
    651.3573        1.0033
    651.3824        0.9974
    651.4074        0.9886
    651.4324        0.9801
    651.4575        0.9794
    651.4825        0.9788
    651.5075        0.9812
    651.5326        0.9832
    651.5576        0.9767
    651.5826        0.9698
    651.6077        0.9570
    651.6327        0.9445
    651.6577        0.9485
    651.6828        0.9526
    651.7078        0.9582
    651.7328        0.9639
    651.7579        0.9716
    651.7829        0.9795
    651.8080        0.9879
    651.8330        0.9964
    651.8580        0.9954
    651.8831        0.9941
    651.9081        0.9912
    651.9331        0.9882
    651.9582        0.9904
    651.9832        0.9927
    652.0082        0.9988
    652.0333        1.0050
    652.0583        1.0079
    652.0833        1.0107
    652.1084        1.0135
    652.1334        1.0164
    652.1584        1.0143
    652.1835        1.0118
    652.2085        1.0104
    652.2335        1.0092
    652.2586        1.0085
    652.2836        1.0080
    652.3087        1.0014
    652.3337        0.9941
    652.3587        0.9917
    652.3838        0.9900
    652.4088        0.9948
    652.4338        1.0006
    652.4589        1.0020
    652.4839        1.0028
    652.5089        1.0033
    652.5340        1.0037
    652.5590        1.0078
    652.5840        1.0127
    652.6091        1.0141
    652.6341        1.0148
    652.6591        1.0127
    652.6842        1.0100
    652.7092        1.0093
    652.7342        1.0088
    652.7593        1.0060
    652.7843        1.0025
    652.8094        1.0040
    652.8344        1.0068
    652.8594        1.0087
    652.8845        1.0104
    652.9095        1.0095
    652.9345        1.0078
    652.9596        1.0050
    652.9846        1.0017
    653.0096        1.0027
    653.0347        1.0048
    653.0597        1.0030
    653.0847        1.0000
    653.1098        0.9990
    653.1348        0.9987
    653.1598        0.9949
    653.1849        0.9897
    653.2099        0.9860
    653.2349        0.9827
    653.2600        0.9813
    653.2850        0.9805
    653.3101        0.9811
    653.3351        0.9825
    653.3601        0.9832
    653.3852        0.9837
    653.4102        0.9840
    653.4352        0.9840
    653.4603        0.9836
    653.4853        0.9832
    653.5103        0.9845
    653.5354        0.9867
    653.5604        0.9864
    653.5854        0.9845
    653.6105        0.9831
    653.6355        0.9818
    653.6605        0.9848
    653.6856        0.9900
    653.7106        0.9922
    653.7356        0.9928
    653.7607        0.9918
    653.7857        0.9900
    653.8108        0.9910
    653.8358        0.9938
    653.8608        0.9956
    653.8859        0.9969
    653.9109        0.9954
    653.9359        0.9918
    653.9610        0.9910
    653.9860        0.9919
    654.0110        0.9891
    654.0361        0.9837
    654.0611        0.9815
    654.0861        0.9815
    654.1112        0.9819
    654.1362        0.9827
    654.1612        0.9809
    654.1863        0.9769
    654.2113        0.9740
    654.2363        0.9720
    654.2614        0.9656
    654.2864        0.9554
    654.3115        0.9499
    654.3365        0.9485
    654.3615        0.9458
    654.3866        0.9422
    654.4116        0.9420
    654.4366        0.9450
    654.4617        0.9489
    654.4867        0.9535
    654.5117        0.9569
    654.5368        0.9591
    654.5618        0.9590
    654.5868        0.9566
    654.6119        0.9557
    654.6369        0.9564
    654.6619        0.9543
    654.6870        0.9491
    654.7120        0.9432
    654.7370        0.9367
    654.7621        0.9311
    654.7871        0.9264
    654.8122        0.9213
    654.8372        0.9158
    654.8622        0.9136
    654.8873        0.9155
    654.9123        0.9196
    654.9373        0.9264
    654.9624        0.9289
    654.9874        0.9254
    655.0124        0.9240
    655.0375        0.9249
    655.0625        0.9239
    655.0875        0.9201
    655.1126        0.9153
    655.1376        0.9091
    655.1626        0.9017
    655.1877        0.8925
    655.2127        0.8842
    655.2377        0.8773
    655.2628        0.8717
    655.2878        0.8681
    655.3129        0.8655
    655.3379        0.8645
    655.3629        0.8629
    655.3880        0.8603
    655.4130        0.8580
    655.4380        0.8565
    655.4631        0.8556
    655.4881        0.8559
    655.5131        0.8555
    655.5382        0.8538
    655.5632        0.8505
    655.5882        0.8441
    655.6133        0.8389
    655.6383        0.8357
    655.6633        0.8325
    655.6884        0.8290
    655.7134        0.8260
    655.7384        0.8240
    655.7635        0.8222
    655.7885        0.8209
    655.8136        0.8216
    655.8386        0.8269
    655.8636        0.8307
    655.8887        0.8311
    655.9137        0.8307
    655.9387        0.8284
    655.9638        0.8250
    655.9888        0.8187
    656.0138        0.8106
    656.0389        0.7981
    656.0639        0.7858
    656.0889        0.7732
    656.1140        0.7598
    656.1390        0.7446
    656.1640        0.7309
    656.1891        0.7212
    656.2141        0.7124
    656.2391        0.7066
    656.2642        0.7029
    656.2892        0.7049
    656.3143        0.7077
    656.3393        0.7127
    656.3643        0.7186
    656.3894        0.7272
    656.4144        0.7374
    656.4394        0.7532
    656.4645        0.7691
    656.4895        0.7848
    656.5145        0.7990
    656.5396        0.8082
    656.5646        0.8164
    656.5896        0.8212
    656.6147        0.8250
    656.6397        0.8253
    656.6647        0.8252
    656.6898        0.8238
    656.7148        0.8229
    656.7398        0.8234
    656.7649        0.8230
    656.7899        0.8191
    656.8150        0.8166
    656.8400        0.8199
    656.8650        0.8231
    656.8901        0.8258
    656.9151        0.8277
    656.9401        0.8262
    656.9652        0.8259
    656.9902        0.8309
    657.0152        0.8363
    657.0403        0.8440
    657.0653        0.8514
    657.0903        0.8565
    657.1154        0.8603
    657.1404        0.8578
    657.1654        0.8567
    657.1905        0.8632
    657.2155        0.8692
    657.2405        0.8721
    657.2656        0.8754
    657.2906        0.8808
    657.3157        0.8863
    657.3407        0.8925
    657.3657        0.8977
    657.3908        0.8977
    657.4158        0.8974
    657.4408        0.8946
    657.4659        0.8932
    657.4909        0.9017
    657.5159        0.9092
    657.5410        0.9100
    657.5660        0.9113
    657.5910        0.9163
    657.6161        0.9212
    657.6411        0.9264
    657.6661        0.9320
    657.6912        0.9406
    657.7162        0.9483
    657.7412        0.9492
    657.7663        0.9503
    657.7913        0.9519
    657.8164        0.9536
    657.8414        0.9546
    657.8664        0.9557
    657.8915        0.9565
    657.9165        0.9574
    657.9415        0.9583
    657.9666        0.9593
    657.9916        0.9600
    658.0166        0.9605
    658.0417        0.9601
    658.0667        0.9600
    658.0917        0.9629
    658.1168        0.9656
    658.1418        0.9647
    658.1668        0.9642
    658.1919        0.9690
    658.2169        0.9734
    658.2419        0.9718
    658.2670        0.9701
    658.2920        0.9686
    658.3171        0.9675
    658.3421        0.9729
    658.3671        0.9781
    658.3922        0.9786
    658.4172        0.9793
    658.4422        0.9829
    658.4673        0.9861
    658.4923        0.9811
    658.5173        0.9762
    658.5424        0.9775
    658.5674        0.9785
    658.5924        0.9756
    658.6175        0.9729
    658.6425        0.9728
    658.6675        0.9728
    658.6926        0.9760
    658.7176        0.9791
    658.7426        0.9818
    658.7677        0.9845
    658.7927        0.9879
    658.8178        0.9911
    658.8428        0.9920
    658.8678        0.9930
    658.8929        0.9954
    658.9179        0.9978
    658.9429        0.9989
    658.9680        0.9999
    658.9930        0.9961
    659.0180        0.9924
    659.0431        0.9970
    659.0681        1.0016
    659.0931        1.0038
    659.1182        1.0058
    659.1432        1.0052
    659.1682        1.0045
    659.1933        1.0039
    659.2183        1.0035
    659.2433        1.0014
    659.2684        0.9993
    659.2934        0.9989
    659.3185        0.9984
    659.3435        0.9962
    659.3685        0.9940
    659.3936        0.9976
    659.4186        1.0014
    659.4436        0.9998
    659.4687        0.9980
    659.4937        0.9947
    659.5187        0.9913
    659.5438        0.9995
    659.5688        1.0078
    659.5938        1.0055
    659.6189        1.0030
    659.6439        0.9995
    659.6689        0.9962
    659.6940        1.0014
    659.7190        1.0068
    659.7440        1.0008
    659.7691        0.9944
    659.7941        0.9991
    659.8192        1.0042
    659.8442        1.0028
    659.8692        1.0012
    659.8943        0.9976
    659.9193        0.9939
    659.9443        0.9979
    659.9694        1.0022
    659.9944        1.0004
    660.0194        0.9984
    660.0445        1.0001
    660.0695        1.0021
    660.0945        1.0031
    660.1196        1.0043
    660.1446        1.0062
    660.1696        1.0081
    660.1947        1.0058
    660.2197        1.0033
    660.2447        0.9989
    660.2698        0.9945
    660.2948        0.9994
    660.3199        1.0048
    660.3449        0.9999
    660.3699        0.9943
    660.3950        0.9958
    660.4200        0.9978
    660.4450        1.0011
    660.4701        1.0045
    660.4951        1.0050
    660.5201        1.0053
    660.5452        1.0064
    660.5702        1.0077
    660.5952        1.0100
    660.6203        1.0123
    660.6453        1.0108
    660.6703        1.0091
    660.6954        1.0079
    660.7204        1.0069
    660.7454        1.0089
    660.7705        1.0112
    660.7955        1.0126
    660.8206        1.0140
    660.8456        1.0169
    660.8706        1.0199
    660.8957        1.0123
    660.9207        1.0041
    660.9457        1.0057
    660.9708        1.0081
    660.9958        1.0052
    661.0208        1.0021
    661.0459        1.0054
    661.0709        1.0093
    661.0959        1.0089
    661.1210        1.0082
    661.1460        1.0066
    661.1710        1.0050
    661.1961        1.0076
    661.2211        1.0106
    661.2461        1.0078
    661.2712        1.0045
    661.2962        0.9987
    661.3213        0.9928
    661.3463        0.9931
    661.3713        0.9939
    661.3964        0.9971
    661.4214        1.0004
    661.4464        1.0006
    661.4715        1.0007
    661.4965        1.0030
    661.5215        1.0055
    661.5466        1.0031
    661.5716        1.0003
    661.5966        1.0024
    661.6217        1.0049
    661.6467        1.0049
    661.6717        1.0046
    661.6968        1.0050
    661.7218        1.0054
    661.7468        1.0058
    661.7719        1.0063
    661.7969        1.0067
    661.8220        1.0071
    661.8470        1.0046
    661.8720        1.0017
    661.8971        1.0032
    661.9221        1.0050
    661.9471        1.0063
    661.9722        1.0074
    661.9972        1.0121
    662.0222        1.0170
    662.0473        1.0148
    662.0723        1.0121
    662.0973        1.0114
    662.1224        1.0109
    662.1474        1.0084
    662.1724        1.0056
    662.1975        1.0081
    662.2225        1.0110
    662.2475        1.0095
    662.2726        1.0075
    662.2976        1.0048
    662.3227        1.0021
    662.3477        1.0030
    662.3727        1.0044
    662.3978        1.0034
    662.4228        1.0022
    662.4478        1.0057
    662.4729        1.0095
    662.4979        1.0028
    662.5229        0.9952
    662.5480        0.9991
    662.5730        1.0040
    662.5980        1.0013
    662.6231        0.9980
    662.6481        1.0014
    662.6731        1.0054
    662.6982        1.0044
    662.7232        1.0029
    662.7482        1.0029
    662.7733        1.0031
    662.7983        1.0067
    662.8234        1.0104
    662.8484        1.0041
    662.8734        0.9971
    662.8985        1.0020
    662.9235        1.0077
    662.9485        1.0060
    662.9736        1.0036
    662.9986        1.0033
    663.0236        1.0032
    663.0487        1.0036
    663.0737        1.0039
    663.0987        1.0046
    663.1238        1.0053
    663.1488        1.0073
    663.1738        1.0094
    663.1989        1.0056
    663.2239        1.0013
    663.2489        1.0005
    663.2740        0.9999
    663.2990        1.0006
    663.3241        1.0013
    663.3491        1.0040
    663.3741        1.0067
    663.3992        1.0057
    663.4242        1.0044
    663.4492        1.0012
    663.4743        0.9980
    663.4993        1.0012
    663.5243        1.0047
    663.5494        1.0056
    663.5744        1.0063
    663.5994        1.0101
    663.6245        1.0141
    663.6495        1.0112
    663.6745        1.0080
    663.6996        1.0048
    663.7246        1.0016
    663.7496        1.0004
    663.7747        0.9992
    663.7997        0.9998
    663.8248        1.0004
    663.8498        1.0001
    663.8748        0.9999
    663.8999        1.0004
    663.9249        1.0010
    663.9499        0.9998
    663.9750        0.9986
    664.0000        0.9993
    664.0250        1.0000
    664.0501        1.0005
    664.0751        1.0010
    664.1001        1.0020
    664.1252        1.0031
    664.1502        0.9999
    664.1752        0.9968
    664.2003        0.9960
    664.2253        0.9952
    664.2503        0.9970
    664.2754        0.9989
    664.3004        0.9974
    664.3255        0.9960
    664.3505        1.0002
    664.3755        1.0044
    664.4006        1.0036
    664.4256        1.0028
    664.4506        0.9993
    664.4757        0.9958
    664.5007        0.9940
    664.5257        0.9924
    664.5508        0.9953
    664.5758        0.9982
    664.6008        0.9990
    664.6259        0.9998
    664.6509        0.9986
    664.6759        0.9976
    664.7010        1.0015
    664.7260        1.0053
    664.7510        1.0018
    664.7761        0.9984
    664.8011        1.0006
    664.8262        1.0027
    664.8512        1.0017
    664.8762        1.0007
    664.9013        0.9993
    664.9263        0.9980
    664.9513        0.9996
    664.9764        1.0010
    665.0014        1.0020
    665.0264        1.0029
    665.0515        1.0008
    665.0765        0.9989
    665.1015        1.0023
    665.1266        1.0053
    665.1516        1.0031
    665.1766        1.0010
    665.2017        1.0015
    665.2267        1.0019
    665.2517        0.9998
    665.2768        0.9980
    665.3018        1.0014
    665.3269        1.0043
    665.3519        1.0001
    665.3769        0.9964
    665.4020        1.0001
    665.4270        1.0034
    665.4520        1.0030
    665.4771        1.0024
    665.5021        1.0008
    665.5271        0.9993
    665.5522        0.9983
    665.5772        0.9977
    665.6022        1.0008
    665.6273        1.0032
    665.6523        0.9972
    665.6773        0.9918
    665.7024        0.9929
    665.7274        0.9939
    665.7524        0.9939
    665.7775        0.9938
    665.8025        0.9944
    665.8276        0.9951
    665.8526        0.9966
    665.8776        0.9979
    665.9027        0.9980
    665.9277        0.9979
    665.9527        0.9960
    665.9778        0.9948
    666.0028        0.9972
    666.0278        0.9992
    666.0529        0.9979
    666.0779        0.9971
    666.1029        0.9999
    666.1280        1.0021
    666.1530        1.0016
    666.1780        1.0008
    666.2031        0.9983
    666.2281        0.9956
    666.2531        0.9913
    666.2782        0.9878
    666.3032        0.9894
    666.3283        0.9906
    666.3533        0.9908
    666.3783        0.9912
    666.4034        0.9934
    666.4284        0.9955
    666.4534        0.9966
    666.4785        0.9973
    666.5035        0.9969
    666.5285        0.9958
    666.5536        0.9919
    666.5786        0.9892
    666.6036        0.9920
    666.6287        0.9936
    666.6537        0.9905
    666.6787        0.9887
    666.7038        0.9930
    666.7288        0.9963
    666.7538        0.9953
    666.7789        0.9946
    666.8039        0.9952
    666.8290        0.9962
    666.8540        0.9982
    666.8790        0.9992
    666.9041        0.9974
    666.9291        0.9953
    666.9541        0.9929
    666.9792        0.9919
    667.0042        0.9950
    667.0292        0.9970
    667.0543        0.9955
    667.0793        0.9946
    667.1043        0.9956
    667.1294        0.9965
    667.1544        0.9965
    667.1794        0.9978
    667.2045        1.0027
    667.2295        1.0056
    667.2545        1.0029
    667.2796        0.9995
    667.3046        0.9944
    667.3297        0.9898
    667.3547        0.9869
    667.3797        0.9851
    667.4048        0.9865
    667.4298        0.9881
    667.4548        0.9897
    667.4799        0.9909
    667.5049        0.9910
    667.5299        0.9911
    667.5550        0.9913
    667.5800        0.9916
    667.6050        0.9922
    667.6301        0.9924
    667.6551        0.9919
    667.6801        0.9919
    667.7052        0.9930
    667.7302        0.9938
    667.7552        0.9939
    667.7803        0.9939
    667.8053        0.9935
    667.8304        0.9933
    667.8554        0.9930
    667.8804        0.9933
    667.9055        0.9947
    667.9305        0.9955
    667.9555        0.9956
    667.9806        0.9948
    668.0056        0.9928
    668.0306        0.9917
    668.0557        0.9923
    668.0807        0.9915
    668.1057        0.9884
    668.1308        0.9871
    668.1558        0.9886
    668.1808        0.9916
    668.2059        0.9967
    668.2309        0.9976
    668.2559        0.9923
    668.2810        0.9894
    668.3060        0.9902
    668.3311        0.9925
    668.3561        0.9973
    668.3811        0.9990
    668.4062        0.9963
    668.4312        0.9958
    668.4562        0.9980
    668.4813        0.9993
    668.5063        0.9991
    668.5313        0.9982
    668.5564        0.9962
    668.5814        0.9956
    668.6064        0.9965
    668.6315        0.9961
    668.6565        0.9944
    668.6815        0.9939
    668.7066        0.9950
    668.7316        0.9970
    668.7566        0.9999
    668.7817        0.9996
    668.8067        0.9958
    668.8318        0.9965
    668.8568        1.0018
    668.8818        1.0039
    668.9069        1.0027
    668.9319        1.0012
    668.9569        0.9991
    668.9820        0.9989
    669.0070        1.0002
    669.0320        1.0005
    669.0571        1.0000
    669.0821        1.0016
    669.1071        1.0049
    669.1322        1.0052
    669.1572        1.0031
    669.1822        1.0026
    669.2073        1.0033
    669.2323        1.0036
    669.2573        1.0034
    669.2824        1.0023
    669.3074        1.0007
    669.3325        1.0022
    669.3575        1.0060
    669.3825        1.0055
    669.4076        1.0021
    669.4326        1.0021
    669.4576        1.0042
    669.4827        1.0020
    669.5077        0.9972
    669.5327        0.9969
    669.5578        0.9994
    669.5828        1.0027
    669.6078        1.0064
    669.6329        1.0071
    669.6579        1.0061
    669.6829        1.0072
    669.7080        1.0093
    669.7330        1.0061
    669.7580        1.0002
    669.7831        1.0001
    669.8081        1.0029
    669.8332        1.0054
    669.8582        1.0075
    669.8832        1.0049
    669.9083        1.0002
    669.9333        1.0010
    669.9583        1.0045
    669.9834        1.0057
    670.0084        1.0059
    670.0334        1.0045
    670.0585        1.0025
    670.0835        1.0031
    670.1085        1.0047
    670.1336        1.0031
    670.1586        1.0004
    670.1836        1.0030
    670.2087        1.0076
    670.2337        1.0050
    670.2587        1.0002
    670.2838        1.0029
    670.3088        1.0079
    670.3339        1.0070
    670.3589        1.0044
    670.3839        1.0016
    670.4090        0.9989
    670.4340        1.0005
    670.4590        1.0031
    670.4841        1.0020
    670.5091        0.9999
    670.5341        1.0011
    670.5592        1.0030
    670.5842        1.0031
    670.6092        1.0028
    670.6343        1.0042
    670.6593        1.0061
    670.6843        1.0044
    670.7094        1.0021
    670.7344        1.0005
    670.7594        0.9990
    670.7845        1.0001
    670.8095        1.0016
    670.8346        1.0049
    670.8596        1.0082
    670.8846        1.0047
    670.9097        1.0004
    670.9347        0.9997
    670.9597        0.9994
    670.9848        1.0014
    671.0098        1.0034
    671.0348        0.9991
    671.0599        0.9945
    671.0849        0.9971
    671.1099        1.0004
    671.1350        0.9989
    671.1600        0.9971
    671.1850        0.9965
    671.2101        0.9959
    671.2351        0.9990
    671.2601        1.0022
    671.2852        0.9989
    671.3102        0.9956
    671.3353        0.9962
    671.3603        0.9969
    671.3853        0.9989
    671.4104        1.0009
    671.4354        0.9957
    671.4604        0.9907
    671.4855        0.9937
    671.5105        0.9966
    671.5355        0.9964
    671.5606        0.9965
    671.5856        1.0009
    671.6106        1.0050
    671.6357        1.0030
    671.6607        1.0011
    671.6857        1.0009
    671.7108        1.0010
    671.7358        1.0044
    671.7608        1.0074
    671.7859        1.0064
    671.8109        1.0050
    671.8360        1.0003
    671.8610        0.9964
    671.8860        0.9973
    671.9111        0.9985
    671.9361        1.0010
    671.9611        1.0033
    671.9862        1.0039
    672.0112        1.0041
    672.0362        1.0023
    672.0613        1.0008
    672.0863        1.0011
    672.1113        1.0023
    672.1364        1.0068
    672.1614        1.0098
    672.1864        1.0064
    672.2115        1.0030
    672.2365        0.9995
    672.2615        0.9977
    672.2866        1.0016
    672.3116        1.0040
    672.3367        1.0015
    672.3617        0.9995
    672.3867        0.9986
    672.4118        0.9986
    672.4368        1.0006
    672.4618        1.0015
    672.4869        0.9998
    672.5119        0.9977
    672.5369        0.9943
    672.5620        0.9924
    672.5870        0.9941
    672.6120        0.9950
    672.6371        0.9941
    672.6621        0.9925
    672.6871        0.9893
    672.7122        0.9891
    672.7372        0.9948
    672.7622        0.9990
    672.7873        1.0007
    672.8123        1.0012
    672.8374        0.9998
    672.8624        0.9991
    672.8874        0.9995
    672.9125        0.9984
    672.9375        0.9952
    672.9625        0.9946
    672.9876        0.9976
