    650.3898        0.9742
    650.3941        0.9755
    650.3983        0.9799
    650.4025        0.9848
    650.4068        0.9873
    650.4110        0.9857
    650.4152        0.9810
    650.4195        0.9758
    650.4237        0.9730
    650.4279        0.9736
    650.4322        0.9759
    650.4364        0.9786
    650.4407        0.9806
    650.4449        0.9817
    650.4491        0.9826
    650.4534        0.9836
    650.4576        0.9846
    650.4618        0.9868
    650.4661        0.9899
    650.4703        0.9928
    650.4745        0.9948
    650.4788        0.9945
    650.4830        0.9918
    650.4872        0.9894
    650.4915        0.9897
    650.4957        0.9933
    650.4999        0.9987
    650.5042        1.0038
    650.5084        1.0063
    650.5127        1.0055
    650.5169        1.0024
    650.5211        0.9988
    650.5254        0.9963
    650.5296        0.9957
    650.5338        0.9951
    650.5381        0.9942
    650.5423        0.9927
    650.5465        0.9907
    650.5508        0.9886
    650.5550        0.9865
    650.5592        0.9857
    650.5635        0.9890
    650.5677        0.9969
    650.5719        1.0050
    650.5762        1.0085
    650.5804        1.0065
    650.5847        1.0028
    650.5889        0.9995
    650.5931        0.9976
    650.5974        0.9977
    650.6016        0.9991
    650.6058        1.0009
    650.6101        1.0021
    650.6143        1.0022
    650.6185        1.0012
    650.6228        1.0001
    650.6270        0.9994
    650.6312        0.9990
    650.6355        0.9987
    650.6397        0.9990
    650.6439        1.0000
    650.6482        1.0009
    650.6524        1.0009
    650.6566        1.0004
    650.6609        0.9995
    650.6651        0.9987
    650.6694        0.9980
    650.6736        0.9977
    650.6778        0.9978
    650.6821        0.9986
    650.6863        1.0000
    650.6905        1.0004
    650.6948        0.9990
    650.6990        0.9955
    650.7032        0.9909
    650.7075        0.9864
    650.7117        0.9837
    650.7159        0.9842
    650.7202        0.9868
    650.7244        0.9892
    650.7286        0.9885
    650.7329        0.9831
    650.7371        0.9755
    650.7414        0.9686
    650.7456        0.9651
    650.7498        0.9642
    650.7541        0.9645
    650.7583        0.9654
    650.7625        0.9661
    650.7668        0.9666
    650.7710        0.9672
    650.7752        0.9678
    650.7795        0.9683
    650.7837        0.9694
    650.7879        0.9716
    650.7922        0.9741
    650.7964        0.9767
    650.8006        0.9790
    650.8049        0.9812
    650.8091        0.9826
    650.8134        0.9836
    650.8176        0.9865
    650.8218        0.9917
    650.8261        0.9965
    650.8303        0.9985
    650.8345        0.9961
    650.8388        0.9906
    650.8430        0.9847
    650.8472        0.9807
    650.8515        0.9789
    650.8557        0.9776
    650.8599        0.9767
    650.8642        0.9762
    650.8684        0.9758
    650.8726        0.9755
    650.8769        0.9759
    650.8811        0.9771
    650.8853        0.9808
    650.8896        0.9869
    650.8938        0.9937
    650.8981        0.9990
    650.9023        1.0024
    650.9065        1.0050
    650.9108        1.0071
    650.9150        1.0088
    650.9192        1.0096
    650.9235        1.0100
    650.9277        1.0099
    650.9319        1.0099
    650.9362        1.0084
    650.9404        1.0051
    650.9446        1.0014
    650.9489        0.9994
    650.9531        0.9997
    650.9573        1.0018
    650.9616        1.0044
    650.9658        1.0063
    650.9701        1.0067
    650.9743        1.0062
    650.9785        1.0056
    650.9828        1.0056
    650.9870        1.0053
    650.9912        1.0047
    650.9955        1.0049
    650.9997        1.0064
    651.0039        1.0090
    651.0082        1.0118
    651.0124        1.0135
    651.0166        1.0133
    651.0209        1.0103
    651.0251        1.0061
    651.0293        1.0031
    651.0336        1.0027
    651.0378        1.0048
    651.0421        1.0081
    651.0463        1.0111
    651.0505        1.0128
    651.0548        1.0142
    651.0590        1.0155
    651.0632        1.0166
    651.0675        1.0165
    651.0717        1.0139
    651.0759        1.0103
    651.0802        1.0076
    651.0844        1.0074
    651.0886        1.0089
    651.0929        1.0104
    651.0971        1.0109
    651.1013        1.0096
    651.1056        1.0068
    651.1098        1.0037
    651.1140        1.0025
    651.1183        1.0031
    651.1225        1.0027
    651.1268        1.0014
    651.1310        1.0009
    651.1352        1.0027
    651.1395        1.0061
    651.1437        1.0098
    651.1479        1.0125
    651.1522        1.0140
    651.1564        1.0147
    651.1606        1.0150
    651.1649        1.0151
    651.1691        1.0149
    651.1733        1.0121
    651.1776        1.0076
    651.1818        1.0031
    651.1860        0.9998
    651.1903        0.9968
    651.1945        0.9937
    651.1988        0.9912
    651.2030        0.9895
    651.2072        0.9879
    651.2115        0.9863
    651.2157        0.9852
    651.2199        0.9849
    651.2242        0.9858
    651.2284        0.9878
    651.2326        0.9902
    651.2369        0.9930
    651.2411        0.9979
    651.2453        1.0037
    651.2496        1.0081
    651.2538        1.0101
    651.2580        1.0111
    651.2623        1.0119
    651.2665        1.0129
    651.2708        1.0142
    651.2750        1.0161
    651.2792        1.0179
    651.2835        1.0197
    651.2877        1.0216
    651.2919        1.0243
    651.2962        1.0267
    651.3004        1.0278
    651.3046        1.0267
    651.3089        1.0235
    651.3131        1.0201
    651.3173        1.0182
    651.3216        1.0191
    651.3258        1.0208
    651.3300        1.0221
    651.3343        1.0221
    651.3385        1.0200
    651.3427        1.0169
    651.3470        1.0144
    651.3512        1.0135
    651.3555        1.0142
    651.3597        1.0152
    651.3639        1.0157
    651.3682        1.0154
    651.3724        1.0145
    651.3766        1.0135
    651.3809        1.0125
    651.3851        1.0121
    651.3893        1.0119
    651.3936        1.0105
    651.3978        1.0088
    651.4020        1.0076
    651.4063        1.0086
    651.4105        1.0113
    651.4147        1.0141
    651.4190        1.0154
    651.4232        1.0141
    651.4275        1.0112
    651.4317        1.0072
    651.4359        1.0021
    651.4402        0.9967
    651.4444        0.9918
    651.4486        0.9869
    651.4529        0.9808
    651.4571        0.9717
    651.4613        0.9595
    651.4656        0.9479
    651.4698        0.9397
    651.4740        0.9371
    651.4783        0.9393
    651.4825        0.9450
    651.4867        0.9523
    651.4910        0.9609
    651.4952        0.9715
    651.4995        0.9821
    651.5037        0.9913
    651.5079        1.0011
    651.5122        1.0130
    651.5164        1.0232
    651.5206        1.0282
    651.5249        1.0283
    651.5291        1.0276
    651.5333        1.0266
    651.5376        1.0254
    651.5418        1.0239
    651.5460        1.0213
    651.5503        1.0185
    651.5545        1.0151
    651.5587        1.0106
    651.5630        1.0052
    651.5672        1.0011
    651.5714        0.9988
    651.5757        0.9965
    651.5799        0.9935
    651.5842        0.9913
    651.5884        0.9905
    651.5926        0.9919
    651.5969        0.9945
    651.6011        0.9970
    651.6053        0.9982
    651.6096        0.9990
    651.6138        1.0003
    651.6180        1.0005
    651.6223        0.9975
    651.6265        0.9903
    651.6307        0.9801
    651.6350        0.9689
    651.6392        0.9572
    651.6434        0.9408
    651.6477        0.9205
    651.6519        0.9024
    651.6562        0.8916
    651.6604        0.8878
    651.6646        0.8890
    651.6689        0.8943
    651.6731        0.9036
    651.6773        0.9189
    651.6816        0.9370
    651.6858        0.9526
    651.6900        0.9619
    651.6943        0.9680
    651.6985        0.9732
    651.7027        0.9777
    651.7070        0.9813
    651.7112        0.9827
    651.7154        0.9826
    651.7197        0.9825
    651.7239        0.9840
    651.7281        0.9873
    651.7324        0.9912
    651.7366        0.9950
    651.7409        0.9979
    651.7451        1.0010
    651.7493        1.0044
    651.7536        1.0076
    651.7578        1.0090
    651.7620        1.0080
    651.7663        1.0059
    651.7705        1.0043
    651.7747        1.0042
    651.7790        1.0038
    651.7832        1.0025
    651.7874        1.0002
    651.7917        0.9974
    651.7959        0.9943
    651.8001        0.9914
    651.8044        0.9896
    651.8086        0.9891
    651.8129        0.9914
    651.8171        0.9956
    651.8213        0.9999
    651.8256        1.0033
    651.8298        1.0074
    651.8340        1.0118
    651.8383        1.0151
    651.8425        1.0161
    651.8467        1.0154
    651.8510        1.0138
    651.8552        1.0125
    651.8594        1.0123
    651.8637        1.0121
    651.8679        1.0116
    651.8721        1.0111
    651.8764        1.0104
    651.8806        1.0090
    651.8849        1.0077
    651.8891        1.0067
    651.8933        1.0065
    651.8976        1.0069
    651.9018        1.0074
    651.9060        1.0065
    651.9103        1.0044
    651.9145        1.0031
    651.9187        1.0018
    651.9230        0.9992
    651.9272        0.9932
    651.9314        0.9838
    651.9357        0.9743
    651.9399        0.9680
    651.9441        0.9662
    651.9484        0.9662
    651.9526        0.9674
    651.9568        0.9702
    651.9611        0.9757
    651.9653        0.9852
    651.9696        0.9954
    651.9738        1.0031
    651.9780        1.0070
    651.9823        1.0096
    651.9865        1.0114
    651.9907        1.0134
    651.9950        1.0154
    651.9992        1.0170
    652.0034        1.0185
    652.0077        1.0199
    652.0119        1.0203
    652.0161        1.0185
    652.0204        1.0164
    652.0246        1.0153
    652.0288        1.0164
    652.0331        1.0193
    652.0373        1.0224
    652.0416        1.0244
    652.0458        1.0250
    652.0500        1.0257
    652.0543        1.0260
    652.0585        1.0252
    652.0627        1.0232
    652.0670        1.0210
    652.0712        1.0194
    652.0754        1.0191
    652.0797        1.0197
    652.0839        1.0208
    652.0881        1.0216
    652.0924        1.0217
    652.0966        1.0208
    652.1008        1.0191
    652.1051        1.0172
    652.1093        1.0154
    652.1136        1.0153
    652.1178        1.0168
    652.1220        1.0184
    652.1263        1.0188
    652.1305        1.0172
    652.1347        1.0137
    652.1390        1.0098
    652.1432        1.0072
    652.1474        1.0060
    652.1517        1.0055
    652.1559        1.0055
    652.1601        1.0062
    652.1644        1.0079
    652.1686        1.0100
    652.1728        1.0117
    652.1771        1.0117
    652.1813        1.0101
    652.1855        1.0078
    652.1898        1.0061
    652.1940        1.0055
    652.1983        1.0057
    652.2025        1.0058
    652.2067        1.0058
    652.2110        1.0053
    652.2152        1.0044
    652.2194        1.0040
    652.2237        1.0045
    652.2279        1.0051
    652.2321        1.0042
    652.2364        1.0022
    652.2406        1.0009
    652.2448        1.0013
    652.2491        1.0044
    652.2533        1.0087
    652.2575        1.0125
    652.2618        1.0140
    652.2660        1.0133
    652.2703        1.0116
    652.2745        1.0095
    652.2787        1.0080
    652.2830        1.0067
    652.2872        1.0055
    652.2914        1.0045
    652.2957        1.0036
    652.2999        1.0036
    652.3041        1.0040
    652.3084        1.0038
    652.3126        1.0029
    652.3168        1.0026
    652.3211        1.0026
    652.3253        1.0022
    652.3295        1.0006
    652.3338        0.9967
    652.3380        0.9918
    652.3423        0.9877
    652.3465        0.9859
    652.3507        0.9864
    652.3550        0.9875
    652.3592        0.9873
    652.3634        0.9823
    652.3677        0.9727
    652.3719        0.9627
    652.3761        0.9568
    652.3804        0.9555
    652.3846        0.9551
    652.3888        0.9557
    652.3931        0.9578
    652.3973        0.9625
    652.4015        0.9705
    652.4058        0.9790
    652.4100        0.9858
    652.4142        0.9909
    652.4185        0.9967
    652.4227        1.0024
    652.4270        1.0071
    652.4312        1.0096
    652.4354        1.0095
    652.4397        1.0084
    652.4439        1.0071
    652.4481        1.0070
    652.4524        1.0080
    652.4566        1.0089
    652.4608        1.0090
    652.4651        1.0075
    652.4693        1.0055
    652.4735        1.0039
    652.4778        1.0032
    652.4820        1.0042
    652.4862        1.0066
    652.4905        1.0090
    652.4947        1.0100
    652.4990        1.0088
    652.5032        1.0067
    652.5074        1.0049
    652.5117        1.0040
    652.5159        1.0028
    652.5201        1.0010
    652.5244        0.9994
    652.5286        0.9988
    652.5328        0.9986
    652.5371        0.9984
    652.5413        0.9975
    652.5455        0.9960
    652.5498        0.9950
    652.5540        0.9948
    652.5582        0.9950
    652.5625        0.9948
    652.5667        0.9935
    652.5710        0.9914
    652.5752        0.9897
    652.5794        0.9895
    652.5837        0.9903
    652.5879        0.9914
    652.5921        0.9929
    652.5964        0.9953
    652.6006        0.9988
    652.6048        1.0024
    652.6091        1.0051
    652.6133        1.0055
    652.6175        1.0037
    652.6218        1.0007
    652.6260        0.9983
    652.6302        0.9977
    652.6345        0.9995
    652.6387        1.0022
    652.6429        1.0039
    652.6472        1.0037
    652.6514        1.0030
    652.6557        1.0020
    652.6599        1.0009
    652.6641        1.0002
    652.6684        1.0000
    652.6726        0.9998
    652.6768        0.9993
    652.6811        0.9988
    652.6853        0.9989
    652.6895        0.9994
    652.6938        1.0002
    652.6980        1.0017
    652.7022        1.0043
    652.7065        1.0068
    652.7107        1.0078
    652.7149        1.0069
    652.7192        1.0041
    652.7234        1.0006
    652.7277        0.9978
    652.7319        0.9964
    652.7361        0.9954
    652.7404        0.9944
    652.7446        0.9936
    652.7488        0.9936
    652.7531        0.9942
    652.7573        0.9947
    652.7615        0.9951
    652.7658        0.9964
    652.7700        0.9991
    652.7742        1.0017
    652.7785        1.0026
    652.7827        1.0005
    652.7869        0.9964
    652.7912        0.9927
    652.7954        0.9918
    652.7997        0.9954
    652.8039        1.0028
    652.8081        1.0097
    652.8124        1.0122
    652.8166        1.0097
    652.8208        1.0061
    652.8251        1.0033
    652.8293        1.0021
    652.8335        1.0020
    652.8378        1.0017
    652.8420        1.0013
    652.8462        1.0006
    652.8505        1.0003
    652.8547        1.0008
    652.8589        1.0020
    652.8632        1.0030
    652.8674        1.0021
    652.8716        1.0000
    652.8759        0.9987
    652.8801        0.9994
    652.8844        1.0006
    652.8886        1.0014
    652.8928        1.0021
    652.8971        1.0022
    652.9013        1.0011
    652.9055        0.9992
    652.9098        0.9974
    652.9140        0.9959
    652.9182        0.9939
    652.9225        0.9914
    652.9267        0.9893
    652.9309        0.9879
    652.9352        0.9875
    652.9394        0.9882
    652.9436        0.9898
    652.9479        0.9921
    652.9521        0.9958
    652.9564        0.9998
    652.9606        1.0028
    652.9648        1.0036
    652.9691        1.0031
    652.9733        1.0023
    652.9775        1.0019
    652.9818        1.0015
    652.9860        0.9992
    652.9902        0.9959
    652.9945        0.9928
    652.9987        0.9912
    653.0029        0.9925
    653.0072        0.9951
    653.0114        0.9976
    653.0156        0.9987
    653.0199        1.0000
    653.0241        1.0008
    653.0284        1.0001
    653.0326        0.9975
    653.0368        0.9935
    653.0411        0.9896
    653.0453        0.9872
    653.0495        0.9864
    653.0538        0.9863
    653.0580        0.9865
    653.0622        0.9866
    653.0665        0.9860
    653.0707        0.9842
    653.0749        0.9825
    653.0792        0.9821
    653.0834        0.9835
    653.0876        0.9862
    653.0919        0.9895
    653.0961        0.9927
    653.1003        0.9954
    653.1046        0.9977
    653.1088        0.9994
    653.1131        0.9997
    653.1173        0.9975
    653.1215        0.9929
    653.1258        0.9888
    653.1300        0.9868
    653.1342        0.9856
    653.1385        0.9837
    653.1427        0.9821
    653.1469        0.9820
    653.1512        0.9847
    653.1554        0.9889
    653.1596        0.9922
    653.1639        0.9928
    653.1681        0.9924
    653.1723        0.9923
    653.1766        0.9922
    653.1808        0.9922
    653.1851        0.9910
    653.1893        0.9884
    653.1935        0.9850
    653.1978        0.9818
    653.2020        0.9812
    653.2062        0.9822
    653.2105        0.9827
    653.2147        0.9804
    653.2189        0.9721
    653.2232        0.9598
    653.2274        0.9481
    653.2316        0.9414
    653.2359        0.9387
    653.2401        0.9383
    653.2443        0.9397
    653.2486        0.9448
    653.2528        0.9561
    653.2570        0.9695
    653.2613        0.9797
    653.2655        0.9840
    653.2698        0.9846
    653.2740        0.9836
    653.2782        0.9832
    653.2825        0.9837
    653.2867        0.9832
    653.2909        0.9822
    653.2952        0.9819
    653.2994        0.9838
    653.3036        0.9868
    653.3079        0.9897
    653.3121        0.9914
    653.3163        0.9922
    653.3206        0.9934
    653.3248        0.9947
    653.3290        0.9954
    653.3333        0.9945
    653.3375        0.9917
    653.3418        0.9880
    653.3460        0.9849
    653.3502        0.9832
    653.3545        0.9818
    653.3587        0.9802
    653.3629        0.9781
    653.3672        0.9767
    653.3714        0.9757
    653.3756        0.9741
    653.3799        0.9710
    653.3841        0.9660
    653.3883        0.9595
    653.3926        0.9539
    653.3968        0.9515
    653.4010        0.9526
    653.4053        0.9551
    653.4095        0.9576
    653.4138        0.9593
    653.4180        0.9613
    653.4222        0.9644
    653.4265        0.9681
    653.4307        0.9714
    653.4349        0.9744
    653.4392        0.9773
    653.4434        0.9798
    653.4476        0.9818
    653.4519        0.9819
    653.4561        0.9799
    653.4603        0.9775
    653.4646        0.9774
    653.4688        0.9805
    653.4730        0.9851
    653.4773        0.9892
    653.4815        0.9879
    653.4857        0.9789
    653.4900        0.9676
    653.4942        0.9600
    653.4985        0.9617
    653.5027        0.9720
    653.5069        0.9845
    653.5112        0.9915
    653.5154        0.9907
    653.5196        0.9859
    653.5239        0.9804
    653.5281        0.9769
    653.5323        0.9764
    653.5366        0.9787
    653.5408        0.9817
    653.5450        0.9834
    653.5493        0.9839
    653.5535        0.9856
    653.5577        0.9878
    653.5620        0.9891
    653.5662        0.9889
    653.5705        0.9879
    653.5747        0.9868
    653.5789        0.9861
    653.5832        0.9856
    653.5874        0.9854
    653.5916        0.9854
    653.5959        0.9852
    653.6001        0.9850
    653.6043        0.9850
    653.6086        0.9855
    653.6128        0.9865
    653.6170        0.9882
    653.6213        0.9901
    653.6255        0.9915
    653.6297        0.9912
    653.6340        0.9887
    653.6382        0.9844
    653.6425        0.9804
    653.6467        0.9781
    653.6509        0.9768
    653.6552        0.9749
    653.6594        0.9722
    653.6636        0.9692
    653.6679        0.9664
    653.6721        0.9639
    653.6763        0.9624
    653.6806        0.9628
    653.6848        0.9674
    653.6890        0.9758
    653.6933        0.9838
    653.6975        0.9876
    653.7017        0.9882
    653.7060        0.9875
    653.7102        0.9861
    653.7144        0.9850
    653.7187        0.9853
    653.7229        0.9859
    653.7272        0.9853
    653.7314        0.9832
    653.7356        0.9807
    653.7399        0.9783
    653.7441        0.9762
    653.7483        0.9746
    653.7526        0.9730
    653.7568        0.9718
    653.7610        0.9712
    653.7653        0.9725
    653.7695        0.9775
    653.7737        0.9842
    653.7780        0.9892
    653.7822        0.9904
    653.7864        0.9883
    653.7907        0.9848
    653.7949        0.9818
    653.7992        0.9807
    653.8034        0.9805
    653.8076        0.9805
    653.8119        0.9808
    653.8161        0.9813
    653.8203        0.9821
    653.8246        0.9827
    653.8288        0.9828
    653.8330        0.9829
    653.8373        0.9838
    653.8415        0.9850
    653.8457        0.9855
    653.8500        0.9842
    653.8542        0.9820
    653.8584        0.9806
    653.8627        0.9807
    653.8669        0.9815
    653.8712        0.9817
    653.8754        0.9811
    653.8796        0.9799
    653.8839        0.9789
    653.8881        0.9787
    653.8923        0.9791
    653.8966        0.9801
    653.9008        0.9808
    653.9050        0.9818
    653.9093        0.9828
    653.9135        0.9832
    653.9177        0.9825
    653.9220        0.9806
    653.9262        0.9785
    653.9304        0.9777
    653.9347        0.9788
    653.9389        0.9811
    653.9431        0.9831
    653.9474        0.9837
    653.9516        0.9836
    653.9559        0.9831
    653.9601        0.9824
    653.9643        0.9811
    653.9686        0.9799
    653.9728        0.9800
    653.9770        0.9812
    653.9813        0.9830
    653.9855        0.9851
    653.9897        0.9873
    653.9940        0.9890
    653.9982        0.9898
    654.0024        0.9889
    654.0067        0.9871
    654.0109        0.9856
    654.0151        0.9857
    654.0194        0.9856
    654.0236        0.9849
    654.0279        0.9841
    654.0321        0.9831
    654.0363        0.9821
    654.0406        0.9816
    654.0448        0.9817
    654.0490        0.9827
    654.0533        0.9840
    654.0575        0.9852
    654.0617        0.9851
    654.0660        0.9844
    654.0702        0.9836
    654.0744        0.9829
    654.0787        0.9820
    654.0829        0.9805
    654.0871        0.9778
    654.0914        0.9750
    654.0956        0.9737
    654.0999        0.9739
    654.1041        0.9744
    654.1083        0.9750
    654.1126        0.9758
    654.1168        0.9779
    654.1210        0.9812
    654.1253        0.9841
    654.1295        0.9854
    654.1337        0.9847
    654.1380        0.9831
    654.1422        0.9821
    654.1464        0.9824
    654.1507        0.9846
    654.1549        0.9875
    654.1591        0.9895
    654.1634        0.9889
    654.1676        0.9873
    654.1718        0.9860
    654.1761        0.9850
    654.1803        0.9837
    654.1846        0.9808
    654.1888        0.9769
    654.1930        0.9731
    654.1973        0.9705
    654.2015        0.9686
    654.2057        0.9668
    654.2100        0.9648
    654.2142        0.9620
    654.2184        0.9569
    654.2227        0.9507
    654.2269        0.9462
    654.2311        0.9449
    654.2354        0.9456
    654.2396        0.9474
    654.2438        0.9502
    654.2481        0.9543
    654.2523        0.9608
    654.2566        0.9683
    654.2608        0.9740
    654.2650        0.9767
    654.2693        0.9770
    654.2735        0.9762
    654.2777        0.9750
    654.2820        0.9738
    654.2862        0.9717
    654.2904        0.9695
    654.2947        0.9684
    654.2989        0.9693
    654.3031        0.9727
    654.3074        0.9765
    654.3116        0.9787
    654.3158        0.9789
    654.3201        0.9789
    654.3243        0.9786
    654.3286        0.9771
    654.3328        0.9744
    654.3370        0.9709
    654.3413        0.9669
    654.3455        0.9633
    654.3497        0.9620
    654.3540        0.9630
    654.3582        0.9627
    654.3624        0.9585
    654.3667        0.9498
    654.3709        0.9383
    654.3751        0.9263
    654.3794        0.9159
    654.3836        0.9070
    654.3878        0.8991
    654.3921        0.8937
    654.3963        0.8942
    654.4005        0.9045
    654.4048        0.9203
    654.4090        0.9346
    654.4133        0.9432
    654.4175        0.9483
    654.4217        0.9524
    654.4260        0.9567
    654.4302        0.9619
    654.4344        0.9674
    654.4387        0.9725
    654.4429        0.9763
    654.4471        0.9782
    654.4514        0.9781
    654.4556        0.9767
    654.4598        0.9752
    654.4641        0.9744
    654.4683        0.9736
    654.4725        0.9728
    654.4768        0.9722
    654.4810        0.9723
    654.4853        0.9732
    654.4895        0.9743
    654.4937        0.9752
    654.4980        0.9753
    654.5022        0.9740
    654.5064        0.9723
    654.5107        0.9712
    654.5149        0.9717
    654.5191        0.9727
    654.5234        0.9739
    654.5276        0.9748
    654.5318        0.9746
    654.5361        0.9740
    654.5403        0.9733
    654.5445        0.9730
    654.5488        0.9722
    654.5530        0.9702
    654.5573        0.9675
    654.5615        0.9648
    654.5657        0.9629
    654.5700        0.9614
    654.5742        0.9604
    654.5784        0.9598
    654.5827        0.9597
    654.5869        0.9604
    654.5911        0.9611
    654.5954        0.9615
    654.5996        0.9622
    654.6038        0.9631
    654.6081        0.9640
    654.6123        0.9648
    654.6165        0.9666
    654.6208        0.9688
    654.6250        0.9705
    654.6292        0.9707
    654.6335        0.9706
    654.6377        0.9707
    654.6420        0.9710
    654.6462        0.9709
    654.6504        0.9693
    654.6547        0.9672
    654.6589        0.9658
    654.6631        0.9653
    654.6674        0.9647
    654.6716        0.9638
    654.6758        0.9630
    654.6801        0.9625
    654.6843        0.9618
    654.6885        0.9610
    654.6928        0.9605
    654.6970        0.9607
    654.7012        0.9597
    654.7055        0.9580
    654.7097        0.9568
    654.7140        0.9575
    654.7182        0.9595
    654.7224        0.9615
    654.7267        0.9627
    654.7309        0.9629
    654.7351        0.9623
    654.7394        0.9607
    654.7436        0.9580
    654.7478        0.9529
    654.7521        0.9455
    654.7563        0.9387
    654.7605        0.9343
    654.7648        0.9314
    654.7690        0.9288
    654.7732        0.9282
    654.7775        0.9296
    654.7817        0.9336
    654.7859        0.9391
    654.7902        0.9446
    654.7944        0.9490
    654.7987        0.9524
    654.8029        0.9555
    654.8071        0.9579
    654.8114        0.9595
    654.8156        0.9603
    654.8198        0.9601
    654.8241        0.9593
    654.8283        0.9573
    654.8325        0.9542
    654.8368        0.9507
    654.8410        0.9468
    654.8452        0.9398
    654.8495        0.9251
    654.8537        0.9086
    654.8579        0.8984
    654.8622        0.8988
    654.8664        0.9041
    654.8707        0.9111
    654.8749        0.9179
    654.8791        0.9239
    654.8834        0.9310
    654.8876        0.9379
    654.8918        0.9438
    654.8961        0.9486
    654.9003        0.9543
    654.9045        0.9598
    654.9088        0.9633
    654.9130        0.9640
    654.9172        0.9624
    654.9215        0.9604
    654.9257        0.9598
    654.9299        0.9612
    654.9342        0.9627
    654.9384        0.9636
    654.9427        0.9634
    654.9469        0.9626
    654.9511        0.9615
    654.9554        0.9607
    654.9596        0.9610
    654.9638        0.9612
    654.9681        0.9611
    654.9723        0.9604
    654.9765        0.9599
    654.9808        0.9597
    654.9850        0.9596
    654.9892        0.9601
    654.9935        0.9611
    654.9977        0.9625
    655.0019        0.9640
    655.0062        0.9652
    655.0104        0.9657
    655.0146        0.9656
    655.0189        0.9656
    655.0231        0.9661
    655.0274        0.9661
    655.0316        0.9653
    655.0358        0.9645
    655.0401        0.9645
    655.0443        0.9650
    655.0485        0.9654
    655.0528        0.9659
    655.0570        0.9662
    655.0612        0.9668
    655.0655        0.9676
    655.0697        0.9679
    655.0739        0.9673
    655.0782        0.9651
    655.0824        0.9617
    655.0866        0.9587
    655.0909        0.9574
    655.0951        0.9586
    655.0994        0.9618
    655.1036        0.9655
    655.1078        0.9676
    655.1121        0.9681
    655.1163        0.9682
    655.1205        0.9675
    655.1248        0.9665
    655.1290        0.9659
    655.1332        0.9658
    655.1375        0.9656
    655.1417        0.9647
    655.1459        0.9632
    655.1502        0.9617
    655.1544        0.9605
    655.1586        0.9597
    655.1629        0.9582
    655.1671        0.9558
    655.1714        0.9533
    655.1756        0.9515
    655.1798        0.9496
    655.1841        0.9477
    655.1883        0.9468
    655.1925        0.9473
    655.1968        0.9499
    655.2010        0.9532
    655.2052        0.9554
    655.2095        0.9558
    655.2137        0.9552
    655.2179        0.9540
    655.2222        0.9523
    655.2264        0.9484
    655.2306        0.9421
    655.2349        0.9354
    655.2391        0.9294
    655.2433        0.9222
    655.2476        0.9102
    655.2518        0.8979
    655.2561        0.8906
    655.2603        0.8897
    655.2645        0.8913
    655.2688        0.8945
    655.2730        0.8989
    655.2772        0.9056
    655.2815        0.9151
    655.2857        0.9246
    655.2899        0.9320
    655.2942        0.9379
    655.2984        0.9437
    655.3026        0.9482
    655.3069        0.9511
    655.3111        0.9529
    655.3153        0.9541
    655.3196        0.9549
    655.3238        0.9555
    655.3281        0.9533
    655.3323        0.9493
    655.3365        0.9459
    655.3408        0.9458
    655.3450        0.9494
    655.3492        0.9536
    655.3535        0.9560
    655.3577        0.9540
    655.3619        0.9494
    655.3662        0.9446
    655.3704        0.9416
    655.3746        0.9402
    655.3789        0.9386
    655.3831        0.9371
    655.3873        0.9362
    655.3916        0.9364
    655.3958        0.9387
    655.4001        0.9425
    655.4043        0.9458
    655.4085        0.9474
    655.4128        0.9482
    655.4170        0.9489
    655.4212        0.9494
    655.4255        0.9487
    655.4297        0.9468
    655.4339        0.9456
    655.4382        0.9465
    655.4424        0.9497
    655.4466        0.9533
    655.4509        0.9563
    655.4551        0.9580
    655.4593        0.9584
    655.4636        0.9572
    655.4678        0.9554
    655.4720        0.9540
    655.4763        0.9535
    655.4805        0.9543
    655.4848        0.9557
    655.4890        0.9568
    655.4932        0.9577
    655.4975        0.9584
    655.5017        0.9588
    655.5059        0.9590
    655.5102        0.9585
    655.5144        0.9576
    655.5186        0.9571
    655.5229        0.9580
    655.5271        0.9611
    655.5313        0.9652
    655.5356        0.9682
    655.5398        0.9687
    655.5440        0.9665
    655.5483        0.9629
    655.5525        0.9601
    655.5568        0.9593
    655.5610        0.9610
    655.5652        0.9640
    655.5695        0.9669
    655.5737        0.9688
    655.5779        0.9705
    655.5822        0.9717
    655.5864        0.9718
    655.5906        0.9711
    655.5949        0.9695
    655.5991        0.9682
    655.6033        0.9686
    655.6076        0.9706
    655.6118        0.9727
    655.6160        0.9745
    655.6203        0.9759
    655.6245        0.9777
    655.6288        0.9800
    655.6330        0.9819
    655.6372        0.9826
    655.6415        0.9827
    655.6457        0.9826
    655.6499        0.9825
    655.6542        0.9826
    655.6584        0.9825
    655.6626        0.9820
    655.6669        0.9815
    655.6711        0.9824
    655.6753        0.9855
    655.6796        0.9893
    655.6838        0.9911
    655.6880        0.9885
    655.6923        0.9820
    655.6965        0.9745
    655.7007        0.9684
    655.7050        0.9645
    655.7092        0.9618
    655.7135        0.9601
    655.7177        0.9601
    655.7219        0.9620
    655.7262        0.9664
    655.7304        0.9723
    655.7346        0.9782
    655.7389        0.9833
    655.7431        0.9887
    655.7473        0.9943
    655.7516        0.9999
    655.7558        1.0046
    655.7600        1.0078
    655.7643        1.0101
    655.7685        1.0113
    655.7727        1.0111
    655.7770        1.0092
    655.7812        1.0079
    655.7855        1.0079
    655.7897        1.0080
    655.7939        1.0072
    655.7982        1.0070
    655.8024        1.0084
    655.8066        1.0094
    655.8109        1.0094
    655.8151        1.0095
    655.8193        1.0115
    655.8236        1.0161
    655.8278        1.0216
    655.8320        1.0264
    655.8363        1.0295
    655.8405        1.0318
    655.8447        1.0338
    655.8490        1.0358
    655.8532        1.0378
    655.8575        1.0398
    655.8617        1.0419
    655.8659        1.0443
    655.8702        1.0466
    655.8744        1.0489
    655.8786        1.0513
    655.8829        1.0535
    655.8871        1.0544
    655.8913        1.0531
    655.8956        1.0514
    655.8998        1.0516
    655.9040        1.0553
    655.9083        1.0617
    655.9125        1.0686
    655.9167        1.0736
    655.9210        1.0752
    655.9252        1.0747
    655.9294        1.0747
    655.9337        1.0768
    655.9379        1.0810
    655.9422        1.0858
    655.9464        1.0903
    655.9506        1.0937
    655.9549        1.0964
    655.9591        1.0994
    655.9633        1.1032
    655.9676        1.1071
    655.9718        1.1111
    655.9760        1.1149
    655.9803        1.1187
    655.9845        1.1232
    655.9887        1.1291
    655.9930        1.1353
    655.9972        1.1406
    656.0014        1.1447
    656.0057        1.1497
    656.0099        1.1554
    656.0142        1.1608
    656.0184        1.1645
    656.0226        1.1657
    656.0269        1.1666
    656.0311        1.1694
    656.0353        1.1760
    656.0396        1.1853
    656.0438        1.1951
    656.0480        1.2033
    656.0523        1.2086
    656.0565        1.2118
    656.0607        1.2150
    656.0650        1.2202
    656.0692        1.2286
    656.0734        1.2386
    656.0777        1.2480
    656.0819        1.2550
    656.0862        1.2600
    656.0904        1.2644
    656.0946        1.2681
    656.0989        1.2702
    656.1031        1.2691
    656.1073        1.2662
    656.1116        1.2642
    656.1158        1.2649
    656.1200        1.2672
    656.1243        1.2694
    656.1285        1.2716
    656.1327        1.2742
    656.1370        1.2781
    656.1412        1.2826
    656.1454        1.2863
    656.1497        1.2879
    656.1539        1.2864
    656.1581        1.2839
    656.1624        1.2822
    656.1666        1.2830
    656.1709        1.2849
    656.1751        1.2857
    656.1793        1.2837
    656.1836        1.2788
    656.1878        1.2728
    656.1920        1.2669
    656.1963        1.2624
    656.2005        1.2593
    656.2047        1.2562
    656.2090        1.2524
    656.2132        1.2473
    656.2174        1.2414
    656.2217        1.2357
    656.2259        1.2305
    656.2301        1.2264
    656.2344        1.2228
    656.2386        1.2190
    656.2429        1.2148
    656.2471        1.2099
    656.2513        1.2046
    656.2556        1.1992
    656.2598        1.1947
    656.2640        1.1914
    656.2683        1.1898
    656.2725        1.1890
    656.2767        1.1878
    656.2810        1.1850
    656.2852        1.1797
    656.2894        1.1733
    656.2937        1.1678
    656.2979        1.1643
    656.3021        1.1628
    656.3064        1.1622
    656.3106        1.1613
    656.3148        1.1579
    656.3191        1.1516
    656.3233        1.1441
    656.3276        1.1374
    656.3318        1.1321
    656.3360        1.1269
    656.3403        1.1229
    656.3445        1.1216
    656.3487        1.1234
    656.3530        1.1273
    656.3572        1.1322
    656.3614        1.1369
    656.3657        1.1410
    656.3699        1.1450
    656.3741        1.1485
    656.3784        1.1505
    656.3826        1.1507
    656.3868        1.1492
    656.3911        1.1475
    656.3953        1.1461
    656.3996        1.1433
    656.4038        1.1394
    656.4080        1.1365
    656.4123        1.1365
    656.4165        1.1393
    656.4207        1.1443
    656.4250        1.1520
    656.4292        1.1628
    656.4334        1.1782
    656.4377        1.1960
    656.4419        1.2129
    656.4461        1.2276
    656.4504        1.2427
    656.4546        1.2578
    656.4588        1.2720
    656.4631        1.2843
    656.4673        1.2957
    656.4716        1.3064
    656.4758        1.3164
    656.4800        1.3249
    656.4843        1.3318
    656.4885        1.3372
    656.4927        1.3407
    656.4970        1.3424
    656.5012        1.3428
    656.5054        1.3429
    656.5097        1.3441
    656.5139        1.3452
    656.5181        1.3449
    656.5224        1.3441
    656.5266        1.3431
    656.5308        1.3422
    656.5351        1.3415
    656.5393        1.3409
    656.5435        1.3390
    656.5478        1.3333
    656.5520        1.3253
    656.5563        1.3182
    656.5605        1.3140
    656.5647        1.3119
    656.5690        1.3099
    656.5732        1.3063
    656.5774        1.3002
    656.5817        1.2926
    656.5859        1.2849
    656.5901        1.2780
    656.5944        1.2727
    656.5986        1.2695
    656.6028        1.2666
    656.6071        1.2616
    656.6113        1.2531
    656.6155        1.2426
    656.6198        1.2315
    656.6240        1.2219
    656.6283        1.2137
    656.6325        1.2053
    656.6367        1.1975
    656.6410        1.1913
    656.6452        1.1876
    656.6494        1.1852
    656.6537        1.1827
    656.6579        1.1782
    656.6621        1.1709
    656.6664        1.1629
    656.6706        1.1564
    656.6748        1.1520
    656.6791        1.1492
    656.6833        1.1471
    656.6875        1.1451
    656.6918        1.1421
    656.6960        1.1386
    656.7003        1.1351
    656.7045        1.1317
    656.7087        1.1283
    656.7130        1.1258
    656.7172        1.1234
    656.7214        1.1203
    656.7257        1.1152
    656.7299        1.1085
    656.7341        1.1019
    656.7384        1.0969
    656.7426        1.0939
    656.7468        1.0904
    656.7511        1.0867
    656.7553        1.0832
    656.7595        1.0806
    656.7638        1.0795
    656.7680        1.0791
    656.7722        1.0784
    656.7765        1.0763
    656.7807        1.0735
    656.7850        1.0704
    656.7892        1.0673
    656.7934        1.0643
    656.7977        1.0618
    656.8019        1.0602
    656.8061        1.0604
    656.8104        1.0613
    656.8146        1.0611
    656.8188        1.0595
    656.8231        1.0576
    656.8273        1.0569
    656.8315        1.0569
    656.8358        1.0563
    656.8400        1.0536
    656.8442        1.0491
    656.8485        1.0440
    656.8527        1.0388
    656.8570        1.0334
    656.8612        1.0264
    656.8654        1.0195
    656.8697        1.0146
    656.8739        1.0121
    656.8781        1.0108
    656.8824        1.0098
    656.8866        1.0090
    656.8908        1.0086
    656.8951        1.0089
    656.8993        1.0090
    656.9035        1.0090
    656.9078        1.0100
    656.9120        1.0120
    656.9162        1.0137
    656.9205        1.0143
    656.9247        1.0141
    656.9290        1.0139
    656.9332        1.0138
    656.9374        1.0138
    656.9417        1.0129
    656.9459        1.0110
    656.9501        1.0090
    656.9544        1.0081
    656.9586        1.0092
    656.9628        1.0112
    656.9671        1.0124
    656.9713        1.0116
    656.9755        1.0083
    656.9798        1.0039
    656.9840        0.9999
    656.9882        0.9976
    656.9925        0.9969
    656.9967        0.9968
    657.0009        0.9962
    657.0052        0.9947
    657.0094        0.9930
    657.0137        0.9918
    657.0179        0.9917
    657.0221        0.9937
    657.0264        0.9973
    657.0306        1.0003
    657.0348        1.0013
    657.0391        0.9995
    657.0433        0.9964
    657.0475        0.9938
    657.0518        0.9927
    657.0560        0.9914
    657.0602        0.9888
    657.0645        0.9863
    657.0687        0.9842
    657.0729        0.9827
    657.0772        0.9821
    657.0814        0.9826
    657.0857        0.9833
    657.0899        0.9835
    657.0941        0.9836
    657.0984        0.9837
    657.1026        0.9847
    657.1068        0.9869
    657.1111        0.9894
    657.1153        0.9908
    657.1195        0.9897
    657.1238        0.9875
    657.1280        0.9855
    657.1322        0.9842
    657.1365        0.9826
    657.1407        0.9781
    657.1449        0.9727
    657.1492        0.9687
    657.1534        0.9675
    657.1577        0.9685
    657.1619        0.9704
    657.1661        0.9721
    657.1704        0.9737
    657.1746        0.9755
    657.1788        0.9755
    657.1831        0.9718
    657.1873        0.9624
    657.1915        0.9499
    657.1958        0.9389
    657.2000        0.9318
    657.2042        0.9261
    657.2085        0.9218
    657.2127        0.9202
    657.2169        0.9216
    657.2212        0.9275
    657.2254        0.9365
    657.2296        0.9462
    657.2339        0.9552
    657.2381        0.9662
    657.2424        0.9769
    657.2466        0.9838
    657.2508        0.9850
    657.2551        0.9815
    657.2593        0.9764
    657.2635        0.9734
    657.2678        0.9739
    657.2720        0.9759
    657.2762        0.9785
    657.2805        0.9802
    657.2847        0.9804
    657.2889        0.9799
    657.2932        0.9796
    657.2974        0.9795
    657.3016        0.9777
    657.3059        0.9738
    657.3101        0.9696
    657.3144        0.9674
    657.3186        0.9677
    657.3228        0.9691
    657.3271        0.9704
    657.3313        0.9703
    657.3355        0.9703
    657.3398        0.9708
    657.3440        0.9715
    657.3482        0.9714
    657.3525        0.9682
    657.3567        0.9641
    657.3609        0.9622
    657.3652        0.9639
    657.3694        0.9676
    657.3736        0.9713
    657.3779        0.9741
    657.3821        0.9756
    657.3864        0.9766
    657.3906        0.9770
    657.3948        0.9767
    657.3991        0.9753
    657.4033        0.9724
    657.4075        0.9696
    657.4118        0.9678
    657.4160        0.9691
    657.4202        0.9728
    657.4245        0.9766
    657.4287        0.9776
    657.4329        0.9754
    657.4372        0.9715
    657.4414        0.9677
    657.4456        0.9652
    657.4499        0.9635
    657.4541        0.9612
    657.4583        0.9572
    657.4626        0.9482
    657.4668        0.9307
    657.4711        0.9116
    657.4753        0.8989
    657.4795        0.8959
    657.4838        0.8960
    657.4880        0.8989
    657.4922        0.9049
    657.4965        0.9137
    657.5007        0.9243
    657.5049        0.9351
    657.5092        0.9448
    657.5134        0.9536
    657.5176        0.9619
    657.5219        0.9685
    657.5261        0.9721
    657.5303        0.9716
    657.5346        0.9684
    657.5388        0.9650
    657.5431        0.9638
    657.5473        0.9649
    657.5515        0.9673
    657.5558        0.9695
    657.5600        0.9702
    657.5642        0.9696
    657.5685        0.9686
    657.5727        0.9671
    657.5769        0.9657
    657.5812        0.9646
    657.5854        0.9642
    657.5896        0.9646
    657.5939        0.9663
    657.5981        0.9692
    657.6023        0.9725
    657.6066        0.9753
    657.6108        0.9774
    657.6151        0.9786
    657.6193        0.9792
    657.6235        0.9794
    657.6278        0.9785
    657.6320        0.9746
    657.6362        0.9696
    657.6405        0.9664
    657.6447        0.9654
    657.6489        0.9649
    657.6532        0.9651
    657.6574        0.9663
    657.6616        0.9699
    657.6659        0.9747
    657.6701        0.9784
    657.6743        0.9783
    657.6786        0.9747
    657.6828        0.9702
    657.6870        0.9678
    657.6913        0.9683
    657.6955        0.9719
    657.6998        0.9767
    657.7040        0.9804
    657.7082        0.9810
    657.7125        0.9786
    657.7167        0.9750
    657.7209        0.9723
    657.7252        0.9725
    657.7294        0.9750
    657.7336        0.9783
    657.7379        0.9806
    657.7421        0.9811
    657.7463        0.9808
    657.7506        0.9805
    657.7548        0.9804
    657.7590        0.9788
    657.7633        0.9752
    657.7675        0.9720
    657.7718        0.9712
    657.7760        0.9732
    657.7802        0.9763
    657.7845        0.9785
    657.7887        0.9780
    657.7929        0.9747
    657.7972        0.9697
    657.8014        0.9654
    657.8056        0.9631
    657.8099        0.9615
    657.8141        0.9594
    657.8183        0.9568
    657.8226        0.9540
    657.8268        0.9508
    657.8310        0.9471
    657.8353        0.9432
    657.8395        0.9389
    657.8437        0.9346
    657.8480        0.9301
    657.8522        0.9252
    657.8565        0.9193
    657.8607        0.9122
    657.8649        0.9041
    657.8692        0.8957
    657.8734        0.8869
    657.8776        0.8776
    657.8819        0.8694
    657.8861        0.8630
    657.8903        0.8584
    657.8946        0.8552
    657.8988        0.8526
    657.9030        0.8496
    657.9073        0.8459
    657.9115        0.8423
    657.9157        0.8402
    657.9200        0.8403
    657.9242        0.8427
    657.9285        0.8468
    657.9327        0.8521
    657.9369        0.8594
    657.9412        0.8692
    657.9454        0.8795
    657.9496        0.8879
    657.9539        0.8929
    657.9581        0.8954
    657.9623        0.8978
    657.9666        0.9019
    657.9708        0.9076
    657.9750        0.9133
    657.9793        0.9190
    657.9835        0.9246
    657.9877        0.9311
    657.9920        0.9381
    657.9962        0.9447
    658.0005        0.9502
    658.0047        0.9530
    658.0089        0.9540
    658.0132        0.9548
    658.0174        0.9570
    658.0216        0.9622
    658.0259        0.9683
    658.0301        0.9716
    658.0343        0.9706
    658.0386        0.9675
    658.0428        0.9636
    658.0470        0.9602
    658.0513        0.9578
    658.0555        0.9549
    658.0597        0.9521
    658.0640        0.9500
    658.0682        0.9485
    658.0724        0.9461
    658.0767        0.9439
    658.0809        0.9434
    658.0852        0.9452
    658.0894        0.9481
    658.0936        0.9512
    658.0979        0.9542
    658.1021        0.9583
    658.1063        0.9632
    658.1106        0.9674
    658.1148        0.9693
    658.1190        0.9691
    658.1233        0.9680
    658.1275        0.9677
    658.1317        0.9687
    658.1360        0.9711
    658.1402        0.9740
    658.1444        0.9760
    658.1487        0.9783
    658.1529        0.9814
    658.1572        0.9831
    658.1614        0.9831
    658.1656        0.9826
    658.1699        0.9831
    658.1741        0.9841
    658.1783        0.9847
    658.1826        0.9841
    658.1868        0.9824
    658.1910        0.9801
    658.1953        0.9782
    658.1995        0.9785
    658.2037        0.9805
    658.2080        0.9830
    658.2122        0.9845
    658.2164        0.9839
    658.2207        0.9819
    658.2249        0.9797
    658.2292        0.9788
    658.2334        0.9796
    658.2376        0.9813
    658.2419        0.9825
    658.2461        0.9823
    658.2503        0.9816
    658.2546        0.9807
    658.2588        0.9805
    658.2630        0.9808
    658.2673        0.9805
    658.2715        0.9793
    658.2757        0.9779
    658.2800        0.9773
    658.2842        0.9783
    658.2884        0.9792
    658.2927        0.9782
    658.2969        0.9747
    658.3011        0.9704
    658.3054        0.9660
    658.3096        0.9622
    658.3139        0.9584
    658.3181        0.9539
    658.3223        0.9486
    658.3266        0.9436
    658.3308        0.9402
    658.3350        0.9381
    658.3393        0.9354
    658.3435        0.9307
    658.3477        0.9238
    658.3520        0.9157
    658.3562        0.9077
    658.3604        0.9003
    658.3647        0.8935
    658.3689        0.8879
    658.3731        0.8837
    658.3774        0.8813
    658.3816        0.8804
    658.3859        0.8803
    658.3901        0.8802
    658.3943        0.8807
    658.3986        0.8817
    658.4028        0.8834
    658.4070        0.8855
    658.4113        0.8873
    658.4155        0.8890
    658.4197        0.8914
    658.4240        0.8957
    658.4282        0.9043
    658.4324        0.9162
    658.4367        0.9276
    658.4409        0.9352
    658.4451        0.9411
    658.4494        0.9467
    658.4536        0.9517
    658.4579        0.9563
    658.4621        0.9604
    658.4663        0.9640
    658.4706        0.9673
    658.4748        0.9697
    658.4790        0.9699
    658.4833        0.9698
    658.4875        0.9713
    658.4917        0.9757
    658.4960        0.9810
    658.5002        0.9856
    658.5044        0.9880
    658.5087        0.9880
    658.5129        0.9867
    658.5171        0.9859
    658.5214        0.9862
    658.5256        0.9858
    658.5298        0.9843
    658.5341        0.9833
    658.5383        0.9835
    658.5426        0.9838
    658.5468        0.9835
    658.5510        0.9833
    658.5553        0.9829
    658.5595        0.9817
    658.5637        0.9807
    658.5680        0.9808
    658.5722        0.9825
    658.5764        0.9851
    658.5807        0.9871
    658.5849        0.9877
    658.5891        0.9885
    658.5934        0.9920
    658.5976        0.9965
    658.6018        0.9992
    658.6061        0.9985
    658.6103        0.9958
    658.6146        0.9929
    658.6188        0.9903
    658.6230        0.9871
    658.6273        0.9831
    658.6315        0.9792
    658.6357        0.9760
    658.6400        0.9726
    658.6442        0.9688
    658.6484        0.9656
    658.6527        0.9633
    658.6569        0.9615
    658.6611        0.9602
    658.6654        0.9599
    658.6696        0.9612
    658.6738        0.9642
    658.6781        0.9678
    658.6823        0.9710
    658.6866        0.9738
    658.6908        0.9787
    658.6950        0.9844
    658.6993        0.9889
    658.7035        0.9900
    658.7077        0.9894
    658.7120        0.9893
    658.7162        0.9911
    658.7204        0.9954
    658.7247        1.0006
    658.7289        1.0052
    658.7331        1.0075
    658.7374        1.0068
    658.7416        1.0045
    658.7458        1.0025
    658.7501        1.0010
    658.7543        0.9988
    658.7585        0.9961
    658.7628        0.9946
    658.7670        0.9941
    658.7713        0.9928
    658.7755        0.9910
    658.7797        0.9898
    658.7840        0.9906
    658.7882        0.9932
    658.7924        0.9963
    658.7967        0.9987
    658.8009        1.0000
    658.8051        1.0003
    658.8094        1.0002
    658.8136        1.0004
    658.8178        1.0010
    658.8221        1.0012
    658.8263        1.0012
    658.8305        1.0007
    658.8348        0.9998
    658.8390        0.9985
    658.8433        0.9972
    658.8475        0.9959
    658.8517        0.9950
    658.8560        0.9941
    658.8602        0.9936
    658.8644        0.9921
    658.8687        0.9909
    658.8729        0.9910
    658.8771        0.9922
    658.8814        0.9950
    658.8856        1.0004
    658.8898        1.0060
    658.8941        1.0094
    658.8983        1.0105
    658.9025        1.0117
    658.9068        1.0127
    658.9110        1.0132
    658.9153        1.0116
    658.9195        1.0080
    658.9237        1.0047
    658.9280        1.0033
    658.9322        1.0035
    658.9364        1.0044
    658.9407        1.0053
    658.9449        1.0056
    658.9491        1.0046
    658.9534        1.0029
    658.9576        1.0018
    658.9618        1.0023
    658.9661        1.0043
    658.9703        1.0070
    658.9745        1.0087
    658.9788        1.0069
    658.9830        1.0018
    658.9872        0.9965
    658.9915        0.9939
    658.9957        0.9940
    659.0000        0.9946
    659.0042        0.9957
    659.0084        0.9972
    659.0127        1.0007
    659.0169        1.0071
    659.0211        1.0132
    659.0254        1.0157
    659.0296        1.0130
    659.0338        1.0078
    659.0381        1.0030
    659.0423        1.0014
    659.0465        1.0027
    659.0508        1.0049
    659.0550        1.0058
    659.0592        1.0049
    659.0635        1.0036
    659.0677        1.0019
    659.0720        1.0002
    659.0762        0.9987
    659.0804        0.9979
    659.0847        0.9975
    659.0889        0.9971
    659.0931        0.9985
    659.0974        1.0043
    659.1016        1.0106
    659.1058        1.0135
    659.1101        1.0119
    659.1143        1.0093
    659.1185        1.0071
    659.1228        1.0066
    659.1270        1.0079
    659.1312        1.0093
    659.1355        1.0100
    659.1397        1.0089
    659.1440        1.0066
    659.1482        1.0045
    659.1524        1.0035
    659.1567        1.0041
    659.1609        1.0061
    659.1651        1.0076
    659.1694        1.0075
    659.1736        1.0065
    659.1778        1.0062
    659.1821        1.0060
    659.1863        1.0056
    659.1905        1.0048
    659.1948        1.0041
    659.1990        1.0035
    659.2032        1.0032
    659.2075        1.0037
    659.2117        1.0050
    659.2159        1.0059
    659.2202        1.0056
    659.2244        1.0052
    659.2287        1.0053
    659.2329        1.0052
    659.2371        1.0045
    659.2414        1.0039
    659.2456        1.0029
    659.2498        1.0010
    659.2541        0.9990
    659.2583        0.9985
    659.2625        0.9990
    659.2668        1.0003
    659.2710        1.0010
    659.2752        1.0013
    659.2795        1.0016
    659.2837        1.0020
    659.2879        1.0023
    659.2922        1.0015
    659.2964        1.0005
    659.3007        0.9999
    659.3049        0.9993
    659.3091        0.9980
    659.3134        0.9969
    659.3176        0.9966
    659.3218        0.9971
    659.3261        0.9979
    659.3303        0.9987
    659.3345        0.9992
    659.3388        0.9989
    659.3430        0.9987
    659.3472        0.9988
    659.3515        1.0007
    659.3557        1.0039
    659.3599        1.0069
    659.3642        1.0078
    659.3684        1.0067
    659.3726        1.0039
    659.3769        1.0009
    659.3811        0.9994
    659.3854        1.0004
    659.3896        1.0033
    659.3938        1.0062
    659.3981        1.0069
    659.4023        1.0038
    659.4065        0.9977
    659.4108        0.9923
    659.4150        0.9902
    659.4192        0.9917
    659.4235        0.9950
    659.4277        0.9979
    659.4319        0.9989
    659.4362        0.9981
    659.4404        0.9968
    659.4446        0.9956
    659.4489        0.9961
    659.4531        0.9989
    659.4574        1.0032
    659.4616        1.0068
    659.4658        1.0092
    659.4701        1.0105
    659.4743        1.0108
    659.4785        1.0101
    659.4828        1.0080
    659.4870        1.0042
    659.4912        1.0017
    659.4955        1.0026
    659.4997        1.0053
    659.5039        1.0074
    659.5082        1.0091
    659.5124        1.0107
    659.5166        1.0155
    659.5209        1.0229
    659.5251        1.0295
    659.5294        1.0292
    659.5336        1.0232
    659.5378        1.0162
    659.5421        1.0112
    659.5463        1.0082
    659.5505        1.0045
    659.5548        1.0010
    659.5590        0.9987
    659.5632        0.9984
    659.5675        0.9990
    659.5717        1.0001
    659.5759        1.0014
    659.5802        1.0028
    659.5844        1.0042
    659.5886        1.0052
    659.5929        1.0061
    659.5971        1.0070
    659.6013        1.0074
    659.6056        1.0075
    659.6098        1.0071
    659.6141        1.0056
    659.6183        1.0038
    659.6225        1.0029
    659.6268        1.0027
    659.6310        1.0026
    659.6352        1.0029
    659.6395        1.0037
    659.6437        1.0048
    659.6479        1.0047
    659.6522        1.0037
    659.6564        1.0026
    659.6606        1.0033
    659.6649        1.0056
    659.6691        1.0081
    659.6733        1.0100
    659.6776        1.0103
    659.6818        1.0101
    659.6861        1.0101
    659.6903        1.0108
    659.6945        1.0100
    659.6988        1.0074
    659.7030        1.0045
    659.7072        1.0040
    659.7115        1.0060
    659.7157        1.0090
    659.7199        1.0113
    659.7242        1.0124
    659.7284        1.0136
    659.7326        1.0149
    659.7369        1.0156
    659.7411        1.0155
    659.7453        1.0145
    659.7496        1.0133
    659.7538        1.0129
    659.7581        1.0133
    659.7623        1.0128
    659.7665        1.0115
    659.7708        1.0097
    659.7750        1.0077
    659.7792        1.0059
    659.7835        1.0051
    659.7877        1.0043
    659.7919        1.0024
    659.7962        1.0001
    659.8004        0.9990
    659.8046        0.9991
    659.8089        0.9988
    659.8131        0.9986
    659.8173        0.9998
    659.8216        1.0032
    659.8258        1.0081
    659.8300        1.0127
    659.8343        1.0159
    659.8385        1.0165
    659.8428        1.0147
    659.8470        1.0127
    659.8512        1.0122
    659.8555        1.0128
    659.8597        1.0133
    659.8639        1.0138
    659.8682        1.0139
    659.8724        1.0127
    659.8766        1.0105
    659.8809        1.0078
    659.8851        1.0059
    659.8893        1.0075
    659.8936        1.0111
    659.8978        1.0132
    659.9020        1.0113
    659.9063        1.0070
    659.9105        1.0022
    659.9148        0.9985
    659.9190        0.9969
    659.9232        0.9972
    659.9275        0.9980
    659.9317        0.9984
    659.9359        0.9978
    659.9402        0.9978
    659.9444        0.9982
    659.9486        0.9983
    659.9529        0.9981
    659.9571        0.9973
    659.9613        0.9966
    659.9656        0.9961
    659.9698        0.9968
    659.9740        0.9981
    659.9783        0.9993
    659.9825        0.9994
    659.9868        0.9978
    659.9910        0.9952
    659.9952        0.9927
    659.9995        0.9926
    660.0037        0.9966
    660.0079        1.0024
    660.0122        1.0062
    660.0164        1.0054
    660.0206        1.0012
    660.0249        0.9964
    660.0291        0.9938
    660.0333        0.9944
    660.0376        0.9964
    660.0418        0.9984
    660.0460        0.9990
    660.0503        0.9991
    660.0545        0.9998
    660.0587        1.0009
    660.0630        1.0016
    660.0672        1.0021
    660.0715        1.0026
    660.0757        1.0038
    660.0799        1.0060
    660.0842        1.0092
    660.0884        1.0124
    660.0926        1.0147
    660.0969        1.0140
    660.1011        1.0105
    660.1053        1.0068
    660.1096        1.0047
    660.1138        1.0037
    660.1180        1.0037
    660.1223        1.0043
    660.1265        1.0046
    660.1307        1.0051
    660.1350        1.0061
    660.1392        1.0066
    660.1435        1.0066
    660.1477        1.0076
    660.1519        1.0089
    660.1562        1.0091
    660.1604        1.0075
    660.1646        1.0057
    660.1689        1.0043
    660.1731        1.0032
    660.1773        1.0022
    660.1816        1.0017
    660.1858        1.0013
    660.1900        1.0007
    660.1943        0.9995
    660.1985        0.9976
    660.2027        0.9955
    660.2070        0.9944
    660.2112        0.9944
    660.2155        0.9949
    660.2197        0.9956
    660.2239        0.9972
    660.2282        1.0009
    660.2324        1.0065
    660.2366        1.0116
    660.2409        1.0141
    660.2451        1.0141
    660.2493        1.0131
    660.2536        1.0124
    660.2578        1.0136
    660.2620        1.0158
    660.2663        1.0168
    660.2705        1.0162
    660.2747        1.0142
    660.2790        1.0109
    660.2832        1.0076
    660.2874        1.0060
    660.2917        1.0067
    660.2959        1.0088
    660.3002        1.0109
    660.3044        1.0122
    660.3086        1.0139
    660.3129        1.0164
    660.3171        1.0184
    660.3213        1.0193
    660.3256        1.0177
    660.3298        1.0146
    660.3340        1.0124
    660.3383        1.0123
    660.3425        1.0137
    660.3467        1.0156
    660.3510        1.0168
    660.3552        1.0164
    660.3594        1.0150
    660.3637        1.0129
    660.3679        1.0113
    660.3722        1.0097
    660.3764        1.0075
    660.3806        1.0058
    660.3849        1.0052
    660.3891        1.0041
    660.3933        1.0020
    660.3976        1.0001
    660.4018        0.9988
    660.4060        0.9990
    660.4103        1.0010
    660.4145        1.0041
    660.4187        1.0076
    660.4230        1.0108
    660.4272        1.0134
    660.4314        1.0148
    660.4357        1.0150
    660.4399        1.0134
    660.4442        1.0112
    660.4484        1.0097
    660.4526        1.0084
    660.4569        1.0065
    660.4611        1.0053
    660.4653        1.0059
    660.4696        1.0070
    660.4738        1.0073
    660.4780        1.0066
    660.4823        1.0045
    660.4865        1.0010
    660.4907        0.9971
    660.4950        0.9949
    660.4992        0.9949
    660.5034        0.9974
    660.5077        1.0009
    660.5119        1.0039
    660.5161        1.0052
    660.5204        1.0058
    660.5246        1.0060
    660.5289        1.0059
    660.5331        1.0052
    660.5373        1.0032
    660.5416        1.0013
    660.5458        1.0010
    660.5500        1.0013
    660.5543        1.0014
    660.5585        1.0009
    660.5627        1.0001
    660.5670        1.0002
    660.5712        1.0009
    660.5754        1.0016
    660.5797        1.0033
    660.5839        1.0070
    660.5881        1.0112
    660.5924        1.0136
    660.5966        1.0129
    660.6009        1.0104
    660.6051        1.0080
    660.6093        1.0069
    660.6136        1.0079
    660.6178        1.0100
    660.6220        1.0120
    660.6263        1.0123
    660.6305        1.0104
    660.6347        1.0077
    660.6390        1.0055
    660.6432        1.0046
    660.6474        1.0042
    660.6517        1.0037
    660.6559        1.0028
    660.6601        1.0021
    660.6644        1.0023
    660.6686        1.0033
    660.6728        1.0045
    660.6771        1.0048
    660.6813        1.0035
    660.6856        1.0020
    660.6898        1.0011
    660.6940        1.0018
    660.6983        1.0040
    660.7025        1.0063
    660.7067        1.0070
    660.7110        1.0051
    660.7152        1.0015
    660.7194        0.9983
    660.7237        0.9968
    660.7279        0.9966
    660.7321        0.9969
    660.7364        0.9973
    660.7406        0.9982
    660.7448        0.9987
    660.7491        0.9989
    660.7533        0.9994
    660.7576        0.9997
    660.7618        1.0008
    660.7660        1.0032
    660.7703        1.0066
    660.7745        1.0094
    660.7787        1.0106
    660.7830        1.0102
    660.7872        1.0086
    660.7914        1.0067
    660.7957        1.0045
    660.7999        1.0026
    660.8041        1.0019
    660.8084        1.0018
    660.8126        1.0020
    660.8168        1.0019
    660.8211        1.0019
    660.8253        1.0002
    660.8296        0.9976
    660.8338        0.9957
    660.8380        0.9963
    660.8423        0.9992
    660.8465        1.0030
    660.8507        1.0056
    660.8550        1.0062
    660.8592        1.0061
    660.8634        1.0058
    660.8677        1.0058
    660.8719        1.0051
    660.8761        1.0029
    660.8804        1.0005
    660.8846        0.9995
    660.8888        1.0013
    660.8931        1.0050
    660.8973        1.0085
    660.9015        1.0094
    660.9058        1.0076
    660.9100        1.0051
    660.9143        1.0037
    660.9185        1.0052
    660.9227        1.0081
    660.9270        1.0106
    660.9312        1.0115
    660.9354        1.0095
    660.9397        1.0045
    660.9439        0.9997
    660.9481        0.9977
    660.9524        0.9976
    660.9566        0.9976
    660.9608        0.9975
    660.9651        0.9979
    660.9693        0.9990
    660.9735        1.0001
    660.9778        1.0003
    660.9820        0.9992
    660.9863        0.9969
    660.9905        0.9949
    660.9947        0.9947
    660.9990        0.9975
    661.0032        1.0030
    661.0074        1.0087
    661.0117        1.0117
    661.0159        1.0104
    661.0201        1.0068
    661.0244        1.0031
    661.0286        1.0020
    661.0328        1.0026
    661.0371        1.0032
    661.0413        1.0026
    661.0455        1.0007
    661.0498        0.9984
    661.0540        0.9968
    661.0583        0.9969
    661.0625        0.9992
    661.0667        1.0032
    661.0710        1.0075
    661.0752        1.0098
    661.0794        1.0100
    661.0837        1.0100
    661.0879        1.0103
    661.0921        1.0108
    661.0964        1.0099
    661.1006        1.0074
    661.1048        1.0050
    661.1091        1.0040
    661.1133        1.0029
    661.1175        1.0008
    661.1218        0.9988
    661.1260        0.9981
    661.1302        0.9988
    661.1345        0.9999
    661.1387        1.0002
    661.1430        0.9990
    661.1472        0.9964
    661.1514        0.9935
    661.1557        0.9912
    661.1599        0.9891
    661.1641        0.9861
    661.1684        0.9828
    661.1726        0.9811
    661.1768        0.9821
    661.1811        0.9857
    661.1853        0.9902
    661.1895        0.9935
    661.1938        0.9947
    661.1980        0.9946
    661.2022        0.9938
    661.2065        0.9932
    661.2107        0.9920
    661.2150        0.9907
    661.2192        0.9903
    661.2234        0.9906
    661.2277        0.9925
    661.2319        0.9951
    661.2361        0.9973
    661.2404        0.9976
    661.2446        0.9966
    661.2488        0.9955
    661.2531        0.9947
    661.2573        0.9935
    661.2615        0.9919
    661.2658        0.9911
    661.2700        0.9906
    661.2742        0.9905
    661.2785        0.9909
    661.2827        0.9914
    661.2870        0.9920
    661.2912        0.9935
    661.2954        0.9953
    661.2997        0.9967
    661.3039        0.9979
    661.3081        0.9978
    661.3124        0.9971
    661.3166        0.9971
    661.3208        0.9994
    661.3251        1.0033
    661.3293        1.0063
    661.3335        1.0076
    661.3378        1.0065
    661.3420        1.0029
    661.3462        0.9981
    661.3505        0.9949
    661.3547        0.9938
    661.3589        0.9932
    661.3632        0.9925
