    649.9610        1.0126
    649.9683        1.0115
    649.9756        1.0097
    649.9829        1.0079
    649.9903        1.0057
    649.9976        1.0042
    650.0049        1.0053
    650.0122        1.0075
    650.0195        1.0097
    650.0268        1.0114
    650.0341        1.0102
    650.0414        1.0081
    650.0487        1.0057
    650.0560        1.0041
    650.0633        1.0066
    650.0707        1.0104
    650.0780        1.0145
    650.0853        1.0174
    650.0926        1.0146
    650.0999        1.0102
    650.1072        1.0056
    650.1145        1.0019
    650.1218        1.0018
    650.1291        1.0023
    650.1364        1.0030
    650.1438        1.0032
    650.1511        1.0009
    650.1584        0.9981
    650.1657        0.9950
    650.1730        0.9929
    650.1803        0.9972
    650.1876        1.0027
    650.1949        1.0085
    650.2022        1.0133
    650.2095        1.0117
    650.2168        1.0089
    650.2242        1.0062
    650.2315        1.0034
    650.2388        1.0009
    650.2461        0.9988
    650.2534        0.9963
    650.2607        0.9950
    650.2680        0.9981
    650.2753        1.0013
    650.2826        1.0047
    650.2899        1.0071
    650.2972        1.0068
    650.3046        1.0067
    650.3119        1.0066
    650.3192        1.0060
    650.3265        1.0039
    650.3338        1.0017
    650.3411        0.9995
    650.3484        0.9971
    650.3557        0.9933
    650.3630        0.9898
    650.3703        0.9862
    650.3777        0.9832
    650.3850        0.9830
    650.3923        0.9826
    650.3996        0.9822
    650.4069        0.9821
    650.4142        0.9831
    650.4215        0.9837
    650.4288        0.9844
    650.4361        0.9852
    650.4434        0.9874
    650.4507        0.9899
    650.4581        0.9923
    650.4654        0.9946
    650.4727        0.9964
    650.4800        0.9980
    650.4873        0.9997
    650.4946        1.0004
    650.5019        0.9992
    650.5092        0.9983
    650.5165        0.9972
    650.5238        0.9959
    650.5311        0.9943
    650.5385        0.9929
    650.5458        0.9915
    650.5531        0.9913
    650.5604        0.9929
    650.5677        0.9943
    650.5750        0.9957
    650.5823        0.9965
    650.5896        0.9966
    650.5969        0.9969
    650.6042        0.9970
    650.6116        0.9968
    650.6189        0.9956
    650.6262        0.9944
    650.6335        0.9933
    650.6408        0.9912
    650.6481        0.9882
    650.6554        0.9852
    650.6627        0.9825
    650.6700        0.9831
    650.6773        0.9872
    650.6846        0.9910
    650.6920        0.9949
    650.6993        0.9973
    650.7066        0.9983
    650.7139        0.9996
    650.7212        1.0006
    650.7285        0.9998
    650.7358        0.9973
    650.7431        0.9948
    650.7504        0.9923
    650.7577        0.9893
    650.7650        0.9861
    650.7724        0.9826
    650.7797        0.9800
    650.7870        0.9813
    650.7943        0.9850
    650.8016        0.9888
    650.8089        0.9917
    650.8162        0.9890
    650.8235        0.9833
    650.8308        0.9776
    650.8381        0.9719
    650.8454        0.9677
    650.8528        0.9643
    650.8601        0.9605
    650.8674        0.9583
    650.8747        0.9631
    650.8820        0.9706
    650.8893        0.9780
    650.8966        0.9849
    650.9039        0.9901
    650.9112        0.9947
    650.9185        0.9996
    650.9259        1.0038
    650.9332        1.0053
    650.9405        1.0058
    650.9478        1.0064
    650.9551        1.0068
    650.9624        1.0059
    650.9697        1.0048
    650.9770        1.0037
    650.9843        1.0023
    650.9916        1.0006
    650.9989        0.9991
    651.0063        0.9974
    651.0136        0.9965
    651.0209        0.9984
    651.0282        1.0006
    651.0355        1.0029
    651.0428        1.0050
    651.0501        1.0062
    651.0574        1.0073
    651.0647        1.0085
    651.0720        1.0097
    651.0793        1.0109
    651.0867        1.0120
    651.0940        1.0133
    651.1013        1.0138
    651.1086        1.0131
    651.1159        1.0125
    651.1232        1.0121
    651.1305        1.0113
    651.1378        1.0084
    651.1451        1.0054
    651.1524        1.0027
    651.1598        0.9992
    651.1671        0.9924
    651.1744        0.9857
    651.1817        0.9788
    651.1890        0.9728
    651.1963        0.9699
    651.2036        0.9674
    651.2109        0.9644
    651.2182        0.9639
    651.2255        0.9690
    651.2328        0.9734
    651.2402        0.9781
    651.2475        0.9828
    651.2548        0.9879
    651.2621        0.9931
    651.2694        0.9984
    651.2767        1.0020
    651.2840        1.0024
    651.2913        1.0029
    651.2986        1.0033
    651.3059        1.0035
    651.3132        1.0035
    651.3206        1.0037
    651.3279        1.0036
    651.3352        1.0027
    651.3425        0.9999
    651.3498        0.9972
    651.3571        0.9947
    651.3644        0.9928
    651.3717        0.9916
    651.3790        0.9901
    651.3863        0.9885
    651.3937        0.9869
    651.4010        0.9858
    651.4083        0.9851
    651.4156        0.9840
    651.4229        0.9783
    651.4302        0.9669
    651.4375        0.9555
    651.4448        0.9445
    651.4521        0.9364
    651.4594        0.9314
    651.4667        0.9259
    651.4741        0.9214
    651.4814        0.9251
    651.4887        0.9358
    651.4960        0.9461
    651.5033        0.9561
    651.5106        0.9637
    651.5179        0.9695
    651.5252        0.9756
    651.5325        0.9810
    651.5398        0.9809
    651.5471        0.9773
    651.5545        0.9739
    651.5618        0.9703
    651.5691        0.9661
    651.5764        0.9617
    651.5837        0.9573
    651.5910        0.9529
    651.5983        0.9492
    651.6056        0.9454
    651.6129        0.9422
    651.6202        0.9373
    651.6275        0.9224
    651.6349        0.9039
    651.6422        0.8847
    651.6495        0.8681
    651.6568        0.8647
    651.6641        0.8658
    651.6714        0.8658
    651.6787        0.8686
    651.6860        0.8840
    651.6933        0.9020
    651.7006        0.9204
    651.7080        0.9370
    651.7153        0.9463
    651.7226        0.9544
    651.7299        0.9625
    651.7372        0.9705
    651.7445        0.9766
    651.7518        0.9821
    651.7591        0.9883
    651.7664        0.9924
    651.7737        0.9880
    651.7810        0.9832
    651.7884        0.9781
    651.7957        0.9738
    651.8030        0.9731
    651.8103        0.9726
    651.8176        0.9718
    651.8249        0.9716
    651.8322        0.9738
    651.8395        0.9762
    651.8468        0.9783
    651.8541        0.9810
    651.8614        0.9847
    651.8688        0.9879
    651.8761        0.9918
    651.8834        0.9926
    651.8907        0.9841
    651.8980        0.9764
    651.9053        0.9683
    651.9126        0.9614
    651.9199        0.9574
    651.9272        0.9533
    651.9345        0.9490
    651.9419        0.9467
    651.9492        0.9486
    651.9565        0.9504
    651.9638        0.9521
    651.9711        0.9569
    651.9784        0.9678
    651.9857        0.9784
    651.9930        0.9890
    652.0003        0.9968
    652.0076        0.9997
    652.0149        1.0030
    652.0223        1.0063
    652.0296        1.0089
    652.0369        1.0102
    652.0442        1.0112
    652.0515        1.0122
    652.0588        1.0118
    652.0661        1.0101
    652.0734        1.0088
    652.0807        1.0074
    652.0880        1.0072
    652.0953        1.0082
    652.1027        1.0091
    652.1100        1.0099
    652.1173        1.0087
    652.1246        1.0056
    652.1319        1.0025
    652.1392        0.9997
    652.1465        0.9992
    652.1538        1.0008
    652.1611        1.0026
    652.1684        1.0040
    652.1757        1.0031
    652.1831        1.0002
    652.1904        0.9972
    652.1977        0.9943
    652.2050        0.9923
    652.2123        0.9912
    652.2196        0.9899
    652.2269        0.9890
    652.2342        0.9910
    652.2415        0.9942
    652.2488        0.9976
    652.2562        1.0004
    652.2635        0.9996
    652.2708        0.9975
    652.2781        0.9954
    652.2854        0.9933
    652.2927        0.9915
    652.3000        0.9898
    652.3073        0.9884
    652.3146        0.9864
    652.3219        0.9821
    652.3292        0.9768
    652.3366        0.9716
    652.3439        0.9664
    652.3512        0.9606
    652.3585        0.9550
    652.3658        0.9487
    652.3731        0.9441
    652.3804        0.9472
    652.3877        0.9517
    652.3950        0.9559
    652.4023        0.9608
    652.4096        0.9676
    652.4170        0.9739
    652.4243        0.9806
    652.4316        0.9865
    652.4389        0.9901
    652.4462        0.9938
    652.4535        0.9977
    652.4608        1.0008
    652.4681        1.0014
    652.4754        1.0023
    652.4827        1.0031
    652.4901        1.0038
    652.4974        1.0033
    652.5047        1.0027
    652.5120        1.0022
    652.5193        1.0018
    652.5266        1.0017
    652.5339        1.0016
    652.5412        1.0014
    652.5485        1.0017
    652.5558        1.0032
    652.5631        1.0047
    652.5705        1.0063
    652.5778        1.0068
    652.5851        1.0055
    652.5924        1.0045
    652.5997        1.0034
    652.6070        1.0030
    652.6143        1.0033
    652.6216        1.0034
    652.6289        1.0035
    652.6362        1.0040
    652.6435        1.0050
    652.6509        1.0060
    652.6582        1.0069
    652.6655        1.0068
    652.6728        1.0056
    652.6801        1.0044
    652.6874        1.0032
    652.6947        1.0029
    652.7020        1.0037
    652.7093        1.0045
    652.7166        1.0051
    652.7240        1.0054
    652.7313        1.0049
    652.7386        1.0044
    652.7459        1.0040
    652.7532        1.0044
    652.7605        1.0054
    652.7678        1.0063
    652.7751        1.0073
    652.7824        1.0080
    652.7897        1.0084
    652.7970        1.0089
    652.8044        1.0090
    652.8117        1.0075
    652.8190        1.0054
    652.8263        1.0032
    652.8336        1.0011
    652.8409        1.0011
    652.8482        1.0021
    652.8555        1.0032
    652.8628        1.0039
    652.8701        1.0032
    652.8774        1.0019
    652.8848        1.0006
    652.8921        0.9994
    652.8994        0.9995
    652.9067        0.9998
    652.9140        1.0003
    652.9213        1.0005
    652.9286        1.0008
    652.9359        1.0012
    652.9432        1.0016
    652.9505        1.0020
    652.9578        1.0017
    652.9652        1.0014
    652.9725        1.0008
    652.9798        1.0006
    652.9871        1.0014
    652.9944        1.0023
    653.0017        1.0033
    653.0090        1.0036
    653.0163        1.0012
    653.0236        0.9988
    653.0309        0.9962
    653.0383        0.9941
    653.0456        0.9934
    653.0529        0.9927
    653.0602        0.9919
    653.0675        0.9912
    653.0748        0.9916
    653.0821        0.9920
    653.0894        0.9923
    653.0967        0.9927
    653.1040        0.9925
    653.1113        0.9922
    653.1187        0.9920
    653.1260        0.9917
    653.1333        0.9908
    653.1406        0.9898
    653.1479        0.9889
    653.1552        0.9893
    653.1625        0.9931
    653.1698        0.9970
    653.1771        1.0006
    653.1844        0.9986
    653.1917        0.9867
    653.1991        0.9754
    653.2064        0.9640
    653.2137        0.9540
    653.2210        0.9459
    653.2283        0.9374
    653.2356        0.9295
    653.2429        0.9308
    653.2502        0.9434
    653.2575        0.9557
    653.2648        0.9676
    653.2722        0.9761
    653.2795        0.9808
    653.2868        0.9858
    653.2941        0.9906
    653.3014        0.9938
    653.3087        0.9956
    653.3160        0.9976
    653.3233        0.9992
    653.3306        0.9990
    653.3379        0.9973
    653.3452        0.9958
    653.3526        0.9938
    653.3599        0.9891
    653.3672        0.9827
    653.3745        0.9764
    653.3818        0.9707
    653.3891        0.9679
    653.3964        0.9664
    653.4037        0.9647
    653.4110        0.9635
    653.4183        0.9660
    653.4256        0.9700
    653.4330        0.9741
    653.4403        0.9777
    653.4476        0.9799
    653.4549        0.9815
    653.4622        0.9834
    653.4695        0.9848
    653.4768        0.9850
    653.4841        0.9848
    653.4914        0.9845
    653.4987        0.9848
    653.5061        0.9870
    653.5134        0.9894
    653.5207        0.9919
    653.5280        0.9939
    653.5353        0.9943
    653.5426        0.9949
    653.5499        0.9955
    653.5572        0.9960
    653.5645        0.9966
    653.5718        0.9971
    653.5791        0.9977
    653.5865        0.9983
    653.5938        0.9988
    653.6011        0.9989
    653.6084        0.9995
    653.6157        0.9988
    653.6230        0.9934
    653.6303        0.9883
    653.6376        0.9830
    653.6449        0.9791
    653.6522        0.9786
    653.6595        0.9781
    653.6669        0.9775
    653.6742        0.9786
    653.6815        0.9834
    653.6888        0.9878
    653.6961        0.9924
    653.7034        0.9957
    653.7107        0.9968
    653.7180        0.9981
    653.7253        0.9994
    653.7326        1.0011
    653.7399        1.0032
    653.7473        1.0052
    653.7546        1.0072
    653.7619        1.0077
    653.7692        1.0063
    653.7765        1.0050
    653.7838        1.0036
    653.7911        1.0018
    653.7984        0.9996
    653.8057        0.9976
    653.8130        0.9959
    653.8204        0.9968
    653.8277        0.9996
    653.8350        1.0022
    653.8423        1.0046
    653.8496        1.0048
    653.8569        1.0034
    653.8642        1.0020
    653.8715        1.0007
    653.8788        0.9999
    653.8861        0.9993
    653.8934        0.9988
    653.9008        0.9982
    653.9081        0.9970
    653.9154        0.9954
    653.9227        0.9935
    653.9300        0.9924
    653.9373        0.9946
    653.9446        0.9981
    653.9519        1.0019
    653.9592        1.0051
    653.9665        1.0054
    653.9738        1.0050
    653.9812        1.0046
    653.9885        1.0042
    653.9958        1.0035
    654.0031        1.0027
    654.0104        1.0020
    654.0177        1.0010
    654.0250        0.9995
    654.0323        0.9983
    654.0396        0.9969
    654.0469        0.9960
    654.0543        0.9958
    654.0616        0.9955
    654.0689        0.9950
    654.0762        0.9951
    654.0835        0.9979
    654.0908        1.0005
    654.0981        1.0033
    654.1054        1.0052
    654.1127        1.0043
    654.1200        1.0036
    654.1273        1.0029
    654.1347        1.0020
    654.1420        1.0002
    654.1493        0.9983
    654.1566        0.9964
    654.1639        0.9947
    654.1712        0.9932
    654.1785        0.9917
    654.1858        0.9902
    654.1931        0.9877
    654.2004        0.9841
    654.2077        0.9806
    654.2151        0.9772
    654.2224        0.9747
    654.2297        0.9734
    654.2370        0.9720
    654.2443        0.9706
    654.2516        0.9715
    654.2589        0.9755
    654.2662        0.9793
    654.2735        0.9832
    654.2808        0.9855
    654.2881        0.9860
    654.2955        0.9866
    654.3028        0.9870
    654.3101        0.9858
    654.3174        0.9835
    654.3247        0.9814
    654.3320        0.9789
    654.3393        0.9727
    654.3466        0.9638
    654.3539        0.9550
    654.3612        0.9461
    654.3686        0.9355
    654.3759        0.9243
    654.3832        0.9123
    654.3905        0.9029
    654.3978        0.9077
    654.4051        0.9192
    654.4124        0.9303
    654.4197        0.9413
    654.4270        0.9520
    654.4343        0.9625
    654.4416        0.9734
    654.4490        0.9830
    654.4563        0.9860
    654.4636        0.9873
    654.4709        0.9887
    654.4782        0.9899
    654.4855        0.9901
    654.4928        0.9900
    654.5001        0.9900
    654.5074        0.9897
    654.5147        0.9885
    654.5220        0.9872
    654.5294        0.9860
    654.5367        0.9846
    654.5440        0.9833
    654.5513        0.9823
    654.5586        0.9812
    654.5659        0.9803
    654.5732        0.9793
    654.5805        0.9780
    654.5878        0.9768
    654.5951        0.9760
    654.6025        0.9769
    654.6098        0.9778
    654.6171        0.9786
    654.6244        0.9792
    654.6317        0.9798
    654.6390        0.9804
    654.6463        0.9810
    654.6536        0.9820
    654.6609        0.9836
    654.6682        0.9851
    654.6755        0.9867
    654.6829        0.9874
    654.6902        0.9864
    654.6975        0.9854
    654.7048        0.9842
    654.7121        0.9812
    654.7194        0.9762
    654.7267        0.9714
    654.7340        0.9667
    654.7413        0.9623
    654.7486        0.9581
    654.7559        0.9538
    654.7633        0.9497
    654.7706        0.9481
    654.7779        0.9487
    654.7852        0.9493
    654.7925        0.9499
    654.7998        0.9513
    654.8071        0.9532
    654.8144        0.9553
    654.8217        0.9562
    654.8290        0.9499
    654.8364        0.9395
    654.8437        0.9288
    654.8510        0.9196
    654.8583        0.9186
    654.8656        0.9215
    654.8729        0.9239
    654.8802        0.9272
    654.8875        0.9343
    654.8948        0.9428
    654.9021        0.9513
    654.9094        0.9590
    654.9168        0.9627
    654.9241        0.9652
    654.9314        0.9679
    654.9387        0.9706
    654.9460        0.9738
    654.9533        0.9769
    654.9606        0.9803
    654.9679        0.9828
    654.9752        0.9811
    654.9825        0.9791
    654.9898        0.9771
    654.9972        0.9754
    655.0045        0.9759
    655.0118        0.9764
    655.0191        0.9770
    655.0264        0.9774
    655.0337        0.9762
    655.0410        0.9749
    655.0483        0.9736
    655.0556        0.9729
    655.0629        0.9748
    655.0702        0.9768
    655.0776        0.9787
    655.0849        0.9792
    655.0922        0.9760
    655.0995        0.9729
    655.1068        0.9697
    655.1141        0.9683
    655.1214        0.9699
    655.1287        0.9714
    655.1360        0.9728
    655.1433        0.9725
    655.1507        0.9698
    655.1580        0.9672
    655.1653        0.9647
    655.1726        0.9634
    655.1799        0.9632
    655.1872        0.9630
    655.1945        0.9623
    655.2018        0.9576
    655.2091        0.9493
    655.2164        0.9414
    655.2237        0.9332
    655.2311        0.9235
    655.2384        0.9129
    655.2457        0.9020
    655.2530        0.8926
    655.2603        0.8929
    655.2676        0.8987
    655.2749        0.9042
    655.2822        0.9098
    655.2895        0.9164
    655.2968        0.9232
    655.3041        0.9302
    655.3115        0.9366
    655.3188        0.9396
    655.3261        0.9416
    655.3334        0.9440
    655.3407        0.9452
    655.3480        0.9410
    655.3553        0.9356
    655.3626        0.9301
    655.3699        0.9255
    655.3772        0.9247
    655.3846        0.9244
    655.3919        0.9241
    655.3992        0.9239
    655.4065        0.9251
    655.4138        0.9264
    655.4211        0.9277
    655.4284        0.9291
    655.4357        0.9301
    655.4430        0.9312
    655.4503        0.9322
    655.4576        0.9333
    655.4650        0.9340
    655.4723        0.9346
    655.4796        0.9352
    655.4869        0.9351
    655.4942        0.9341
    655.5015        0.9334
    655.5088        0.9326
    655.5161        0.9313
    655.5234        0.9282
    655.5307        0.9249
    655.5380        0.9217
    655.5454        0.9200
    655.5527        0.9207
    655.5600        0.9213
    655.5673        0.9218
    655.5746        0.9224
    655.5819        0.9234
    655.5892        0.9244
    655.5965        0.9253
    655.6038        0.9259
    655.6111        0.9262
    655.6185        0.9266
    655.6258        0.9268
    655.6331        0.9249
    655.6404        0.9210
    655.6477        0.9172
    655.6550        0.9130
    655.6623        0.9070
    655.6696        0.9000
    655.6769        0.8930
    655.6842        0.8862
    655.6915        0.8805
    655.6989        0.8754
    655.7062        0.8699
    655.7135        0.8656
    655.7208        0.8678
    655.7281        0.8723
    655.7354        0.8769
    655.7427        0.8812
    655.7500        0.8845
    655.7573        0.8875
    655.7646        0.8910
    655.7719        0.8926
    655.7793        0.8867
    655.7866        0.8797
    655.7939        0.8722
    655.8012        0.8671
    655.8085        0.8721
    655.8158        0.8775
    655.8231        0.8829
    655.8304        0.8881
    655.8377        0.8923
    655.8450        0.8967
    655.8523        0.9007
    655.8597        0.9061
    655.8670        0.9158
    655.8743        0.9255
    655.8816        0.9347
    655.8889        0.9474
    655.8962        0.9695
    655.9035        0.9912
    655.9108        1.0131
    655.9181        1.0337
    655.9254        1.0513
    655.9328        1.0687
    655.9401        1.0862
    655.9474        1.1035
    655.9547        1.1206
    655.9620        1.1379
    655.9693        1.1552
    655.9766        1.1719
    655.9839        1.1877
    655.9912        1.2037
    655.9985        1.2193
    656.0058        1.2292
    656.0132        1.2331
    656.0205        1.2373
    656.0278        1.2416
    656.0351        1.2468
    656.0424        1.2527
    656.0497        1.2587
    656.0570        1.2641
    656.0643        1.2660
    656.0716        1.2656
    656.0789        1.2656
    656.0862        1.2649
    656.0936        1.2605
    656.1009        1.2540
    656.1082        1.2478
    656.1155        1.2413
    656.1228        1.2340
    656.1301        1.2263
    656.1374        1.2190
    656.1447        1.2099
    656.1520        1.1925
    656.1593        1.1735
    656.1667        1.1538
    656.1740        1.1363
    656.1813        1.1275
    656.1886        1.1196
    656.1959        1.1120
    656.2032        1.1038
    656.2105        1.0934
    656.2178        1.0832
    656.2251        1.0724
    656.2324        1.0633
    656.2397        1.0612
    656.2471        1.0590
    656.2544        1.0563
    656.2617        1.0554
    656.2690        1.0588
    656.2763        1.0619
    656.2836        1.0650
    656.2909        1.0675
    656.2982        1.0688
    656.3055        1.0702
    656.3128        1.0717
    656.3201        1.0724
    656.3275        1.0714
    656.3348        1.0704
    656.3421        1.0694
    656.3494        1.0734
    656.3567        1.0848
    656.3640        1.0957
    656.3713        1.1066
    656.3786        1.1159
    656.3859        1.1237
    656.3932        1.1316
    656.4005        1.1401
    656.4079        1.1530
    656.4152        1.1699
    656.4225        1.1864
    656.4298        1.2029
    656.4371        1.2188
    656.4444        1.2345
    656.4517        1.2506
    656.4590        1.2655
    656.4663        1.2734
    656.4736        1.2772
    656.4810        1.2819
    656.4883        1.2849
    656.4956        1.2797
    656.5029        1.2710
    656.5102        1.2624
    656.5175        1.2544
    656.5248        1.2488
    656.5321        1.2436
    656.5394        1.2386
    656.5467        1.2329
    656.5540        1.2248
    656.5614        1.2165
    656.5687        1.2086
    656.5760        1.1993
    656.5833        1.1833
    656.5906        1.1667
    656.5979        1.1506
    656.6052        1.1329
    656.6125        1.1093
    656.6198        1.0861
    656.6271        1.0624
    656.6344        1.0410
    656.6418        1.0272
    656.6491        1.0129
    656.6564        0.9985
    656.6637        0.9847
    656.6710        0.9724
    656.6783        0.9603
    656.6856        0.9480
    656.6929        0.9368
    656.7002        0.9279
    656.7075        0.9189
    656.7149        0.9100
    656.7222        0.9046
    656.7295        0.9045
    656.7368        0.9041
    656.7441        0.9037
    656.7514        0.9033
    656.7587        0.9030
    656.7660        0.9027
    656.7733        0.9022
    656.7806        0.9018
    656.7879        0.9018
    656.7953        0.9019
    656.8026        0.9020
    656.8099        0.9018
    656.8172        0.9011
    656.8245        0.9003
    656.8318        0.8993
    656.8391        0.8972
    656.8464        0.8945
    656.8537        0.8918
    656.8610        0.8894
    656.8683        0.8905
    656.8757        0.8931
    656.8830        0.8956
    656.8903        0.8982
    656.8976        0.9011
    656.9049        0.9039
    656.9122        0.9067
    656.9195        0.9095
    656.9268        0.9115
    656.9341        0.9135
    656.9414        0.9155
    656.9488        0.9173
    656.9561        0.9186
    656.9634        0.9199
    656.9707        0.9213
    656.9780        0.9228
    656.9853        0.9242
    656.9926        0.9256
    656.9999        0.9268
    657.0072        0.9286
    657.0145        0.9322
    657.0218        0.9358
    657.0292        0.9395
    657.0365        0.9415
    657.0438        0.9396
    657.0511        0.9377
    657.0584        0.9357
    657.0657        0.9351
    657.0730        0.9366
    657.0803        0.9379
    657.0876        0.9393
    657.0949        0.9400
    657.1022        0.9400
    657.1096        0.9400
    657.1169        0.9402
    657.1242        0.9416
    657.1315        0.9444
    657.1388        0.9472
    657.1461        0.9494
    657.1534        0.9461
    657.1607        0.9385
    657.1680        0.9311
    657.1753        0.9239
    657.1826        0.9186
    657.1900        0.9146
    657.1973        0.9101
    657.2046        0.9065
    657.2119        0.9077
    657.2192        0.9111
    657.2265        0.9140
    657.2338        0.9182
    657.2411        0.9282
    657.2484        0.9396
    657.2557        0.9517
    657.2631        0.9616
    657.2704        0.9617
    657.2777        0.9599
    657.2850        0.9579
    657.2923        0.9569
    657.2996        0.9599
    657.3069        0.9631
    657.3142        0.9665
    657.3215        0.9690
    657.3288        0.9686
    657.3361        0.9683
    657.3435        0.9681
    657.3508        0.9674
    657.3581        0.9643
    657.3654        0.9612
    657.3727        0.9580
    657.3800        0.9562
    657.3873        0.9590
    657.3946        0.9618
    657.4019        0.9646
    657.4092        0.9665
    657.4165        0.9661
    657.4239        0.9658
    657.4312        0.9654
    657.4385        0.9596
    657.4458        0.9463
    657.4531        0.9333
    657.4604        0.9206
    657.4677        0.9114
    657.4750        0.9065
    657.4823        0.9010
    657.4896        0.8966
    657.4970        0.9017
    657.5043        0.9153
    657.5116        0.9287
    657.5189        0.9414
    657.5262        0.9484
    657.5335        0.9516
    657.5408        0.9551
    657.5481        0.9580
    657.5554        0.9577
    657.5627        0.9559
    657.5700        0.9540
    657.5774        0.9523
    657.5847        0.9516
    657.5920        0.9515
    657.5993        0.9513
    657.6066        0.9512
    657.6139        0.9504
    657.6212        0.9494
    657.6285        0.9483
    657.6358        0.9476
    657.6431        0.9492
    657.6504        0.9510
    657.6578        0.9530
    657.6651        0.9542
    657.6724        0.9513
    657.6797        0.9485
    657.6870        0.9457
    657.6943        0.9426
    657.7016        0.9386
    657.7089        0.9349
    657.7162        0.9309
    657.7235        0.9289
    657.7309        0.9310
    657.7382        0.9328
    657.7455        0.9346
    657.7528        0.9353
    657.7601        0.9344
    657.7674        0.9337
    657.7747        0.9329
    657.7820        0.9316
    657.7893        0.9296
    657.7966        0.9274
    657.8039        0.9257
    657.8113        0.9263
    657.8186        0.9295
    657.8259        0.9326
    657.8332        0.9353
    657.8405        0.9368
    657.8478        0.9376
    657.8551        0.9386
    657.8624        0.9396
    657.8697        0.9407
    657.8770        0.9414
    657.8843        0.9420
    657.8917        0.9429
    657.8990        0.9444
    657.9063        0.9460
    657.9136        0.9476
    657.9209        0.9491
    657.9282        0.9500
    657.9355        0.9508
    657.9428        0.9516
    657.9501        0.9527
    657.9574        0.9545
    657.9647        0.9564
    657.9721        0.9584
    657.9794        0.9599
    657.9867        0.9603
    657.9940        0.9605
    658.0013        0.9608
    658.0086        0.9610
    658.0159        0.9613
    658.0232        0.9614
    658.0305        0.9619
    658.0378        0.9609
    658.0452        0.9555
    658.0525        0.9505
    658.0598        0.9453
    658.0671        0.9429
    658.0744        0.9472
    658.0817        0.9512
    658.0890        0.9551
    658.0963        0.9582
    658.1036        0.9597
    658.1109        0.9613
    658.1182        0.9627
    658.1256        0.9640
    658.1329        0.9648
    658.1402        0.9659
    658.1475        0.9668
    658.1548        0.9659
    658.1621        0.9633
    658.1694        0.9606
    658.1767        0.9579
    658.1840        0.9559
    658.1913        0.9549
    658.1986        0.9537
    658.2060        0.9529
    658.2133        0.9538
    658.2206        0.9553
    658.2279        0.9569
    658.2352        0.9576
    658.2425        0.9550
    658.2498        0.9514
    658.2571        0.9478
    658.2644        0.9448
    658.2717        0.9437
    658.2791        0.9427
    658.2864        0.9416
    658.2937        0.9404
    658.3010        0.9399
    658.3083        0.9396
    658.3156        0.9393
    658.3229        0.9392
    658.3302        0.9405
    658.3375        0.9417
    658.3448        0.9425
    658.3521        0.9448
    658.3595        0.9517
    658.3668        0.9585
    658.3741        0.9655
    658.3814        0.9703
    658.3887        0.9694
    658.3960        0.9687
    658.4033        0.9681
    658.4106        0.9675
    658.4179        0.9667
    658.4252        0.9659
    658.4325        0.9652
    658.4399        0.9647
    658.4472        0.9648
    658.4545        0.9648
    658.4618        0.9648
    658.4691        0.9669
    658.4764        0.9711
    658.4837        0.9751
    658.4910        0.9790
    658.4983        0.9807
    658.5056        0.9809
    658.5129        0.9811
    658.5203        0.9815
    658.5276        0.9817
    658.5349        0.9820
    658.5422        0.9821
    658.5495        0.9824
    658.5568        0.9827
    658.5641        0.9827
    658.5714        0.9829
    658.5787        0.9829
    658.5860        0.9823
    658.5934        0.9815
    658.6007        0.9810
    658.6080        0.9798
    658.6153        0.9772
    658.6226        0.9745
    658.6299        0.9720
    658.6372        0.9691
    658.6445        0.9645
    658.6518        0.9598
    658.6591        0.9544
    658.6664        0.9522
    658.6738        0.9610
    658.6811        0.9691
    658.6884        0.9774
    658.6957        0.9838
    658.7030        0.9854
    658.7103        0.9875
    658.7176        0.9895
    658.7249        0.9912
    658.7322        0.9925
    658.7395        0.9939
    658.7468        0.9956
    658.7542        0.9970
    658.7615        0.9976
    658.7688        0.9977
    658.7761        0.9978
    658.7834        0.9972
    658.7907        0.9965
    658.7980        0.9962
    658.8053        0.9959
    658.8126        0.9964
    658.8199        0.9972
    658.8273        0.9979
    658.8346        0.9981
    658.8419        0.9957
    658.8492        0.9923
    658.8565        0.9885
    658.8638        0.9857
    658.8711        0.9885
    658.8784        0.9931
    658.8857        0.9979
    658.8930        1.0020
    658.9003        1.0024
    658.9077        1.0021
    658.9150        1.0017
    658.9223        1.0018
    658.9296        1.0040
    658.9369        1.0063
    658.9442        1.0088
    658.9515        1.0104
    658.9588        1.0092
    658.9661        1.0081
    658.9734        1.0071
    658.9807        1.0059
    658.9881        1.0038
    658.9954        1.0016
    659.0027        0.9994
    659.0100        0.9981
    659.0173        0.9995
    659.0246        1.0008
    659.0319        1.0022
    659.0392        1.0027
    659.0465        1.0017
    659.0538        1.0007
    659.0612        0.9997
    659.0685        0.9996
    659.0758        1.0003
    659.0831        1.0011
    659.0904        1.0015
    659.0977        1.0006
    659.1050        0.9986
    659.1123        0.9965
    659.1196        0.9947
    659.1269        0.9948
    659.1342        0.9962
    659.1416        0.9975
    659.1489        0.9989
    659.1562        1.0011
    659.1635        1.0033
    659.1708        1.0057
    659.1781        1.0071
    659.1854        1.0040
    659.1927        0.9996
    659.2000        0.9948
    659.2073        0.9915
    659.2146        0.9928
    659.2220        0.9948
    659.2293        0.9970
    659.2366        0.9981
    659.2439        0.9953
    659.2512        0.9927
    659.2585        0.9897
    659.2658        0.9877
    659.2731        0.9885
    659.2804        0.9890
    659.2877        0.9895
    659.2950        0.9897
    659.3024        0.9889
    659.3097        0.9881
    659.3170        0.9874
    659.3243        0.9877
    659.3316        0.9905
    659.3389        0.9933
    659.3462        0.9959
    659.3535        0.9966
    659.3608        0.9942
    659.3681        0.9921
    659.3755        0.9899
    659.3828        0.9883
    659.3901        0.9873
    659.3974        0.9861
    659.4047        0.9853
    659.4120        0.9848
    659.4193        0.9842
    659.4266        0.9836
    659.4339        0.9830
    659.4412        0.9818
    659.4485        0.9807
    659.4559        0.9794
    659.4632        0.9786
    659.4705        0.9812
    659.4778        0.9852
    659.4851        0.9892
    659.4924        0.9931
    659.4997        0.9959
    659.5070        0.9982
    659.5143        1.0007
    659.5216        1.0024
    659.5289        1.0027
    659.5363        1.0030
    659.5436        1.0036
    659.5509        1.0033
    659.5582        0.9995
    659.5655        0.9959
    659.5728        0.9918
    659.5801        0.9899
    659.5874        0.9936
    659.5947        0.9968
    659.6020        1.0004
    659.6094        1.0010
    659.6167        0.9956
    659.6240        0.9905
    659.6313        0.9854
    659.6386        0.9836
    659.6459        0.9869
    659.6532        0.9900
    659.6605        0.9929
    659.6678        0.9946
    659.6751        0.9946
    659.6824        0.9946
    659.6898        0.9944
    659.6971        0.9943
    659.7044        0.9944
    659.7117        0.9946
    659.7190        0.9947
    659.7263        0.9948
    659.7336        0.9947
    659.7409        0.9946
    659.7482        0.9946
    659.7555        0.9937
    659.7628        0.9922
    659.7702        0.9907
    659.7775        0.9891
    659.7848        0.9878
    659.7921        0.9871
    659.7994        0.9860
    659.8067        0.9858
    659.8140        0.9895
    659.8213        0.9936
    659.8286        0.9979
    659.8359        1.0012
    659.8433        0.9994
    659.8506        0.9975
    659.8579        0.9958
    659.8652        0.9937
    659.8725        0.9902
    659.8798        0.9866
    659.8871        0.9830
    659.8944        0.9797
    659.9017        0.9775
    659.9090        0.9755
    659.9163        0.9735
    659.9237        0.9718
    659.9310        0.9709
    659.9383        0.9699
    659.9456        0.9691
    659.9529        0.9706
    659.9602        0.9749
    659.9675        0.9791
    659.9748        0.9832
    659.9821        0.9858
    659.9894        0.9868
    659.9967        0.9877
    660.0041        0.9887
    660.0114        0.9902
    660.0187        0.9920
    660.0260        0.9942
    660.0333        0.9959
    660.0406        0.9952
    660.0479        0.9935
    660.0552        0.9917
    660.0625        0.9907
    660.0698        0.9928
    660.0771        0.9956
    660.0845        0.9986
    660.0918        1.0010
    660.0991        1.0013
    660.1064        1.0012
    660.1137        1.0011
    660.1210        1.0009
    660.1283        1.0009
    660.1356        1.0011
    660.1429        1.0014
    660.1502        1.0011
    660.1576        0.9989
    660.1649        0.9969
    660.1722        0.9948
    660.1795        0.9931
    660.1868        0.9921
    660.1941        0.9908
    660.2014        0.9896
    660.2087        0.9888
    660.2160        0.9882
    660.2233        0.9876
    660.2306        0.9869
    660.2380        0.9870
    660.2453        0.9882
    660.2526        0.9895
    660.2599        0.9908
    660.2672        0.9929
    660.2745        0.9952
    660.2818        0.9976
    660.2891        0.9996
    660.2964        0.9991
    660.3037        0.9973
    660.3110        0.9955
    660.3184        0.9943
    660.3257        0.9949
    660.3330        0.9961
    660.3403        0.9972
    660.3476        0.9981
    660.3549        0.9994
    660.3622        1.0009
    660.3695        1.0026
    660.3768        1.0039
    660.3841        1.0025
    660.3915        1.0007
    660.3988        0.9986
    660.4061        0.9973
    660.4134        1.0003
    660.4207        1.0034
    660.4280        1.0065
    660.4353        1.0084
    660.4426        1.0073
    660.4499        1.0065
    660.4572        1.0056
    660.4645        1.0044
    660.4719        1.0019
    660.4792        0.9991
    660.4865        0.9965
    660.4938        0.9954
    660.5011        0.9966
    660.5084        0.9978
    660.5157        0.9990
    660.5230        0.9985
    660.5303        0.9964
    660.5376        0.9943
    660.5449        0.9923
    660.5523        0.9907
    660.5596        0.9892
    660.5669        0.9877
    660.5742        0.9866
    660.5815        0.9879
    660.5888        0.9905
    660.5961        0.9929
    660.6034        0.9952
    660.6107        0.9970
    660.6180        0.9987
    660.6253        1.0006
    660.6327        1.0020
    660.6400        1.0009
    660.6473        0.9997
    660.6546        0.9984
    660.6619        0.9970
    660.6692        0.9948
    660.6765        0.9928
    660.6838        0.9905
    660.6911        0.9895
    660.6984        0.9926
    660.7058        0.9951
    660.7131        0.9978
    660.7204        0.9999
    660.7277        1.0005
    660.7350        1.0012
    660.7423        1.0020
    660.7496        1.0019
    660.7569        1.0004
    660.7642        0.9992
    660.7715        0.9979
    660.7788        0.9974
    660.7862        0.9980
    660.7935        0.9985
    660.8008        0.9991
    660.8081        1.0000
    660.8154        1.0013
    660.8227        1.0028
    660.8300        1.0040
    660.8373        1.0032
    660.8446        1.0010
    660.8519        0.9987
    660.8592        0.9969
    660.8666        0.9985
    660.8739        1.0012
    660.8812        1.0042
    660.8885        1.0063
    660.8958        1.0040
    660.9031        1.0010
    660.9104        0.9977
    660.9177        0.9954
    660.9250        0.9974
    660.9323        0.9995
    660.9397        1.0020
    660.9470        1.0033
    660.9543        1.0010
    660.9616        0.9990
    660.9689        0.9969
    660.9762        0.9959
    660.9835        0.9978
    660.9908        0.9995
    660.9981        1.0013
    661.0054        1.0031
    661.0127        1.0047
    661.0201        1.0059
    661.0274        1.0072
    661.0347        1.0078
    661.0420        1.0078
    661.0493        1.0081
    661.0566        1.0083
    661.0639        1.0084
    661.0712        1.0086
    661.0785        1.0088
    661.0858        1.0089
    661.0931        1.0079
    661.1005        1.0059
    661.1078        1.0037
    661.1151        1.0016
    661.1224        1.0005
    661.1297        1.0002
    661.1370        0.9998
    661.1443        0.9999
    661.1516        1.0019
    661.1589        1.0039
    661.1662        1.0063
    661.1736        1.0074
    661.1809        1.0027
    661.1882        0.9977
    661.1955        0.9921
    661.2028        0.9880
    661.2101        0.9905
    661.2174        0.9929
    661.2247        0.9956
    661.2320        0.9973
    661.2393        0.9955
    661.2466        0.9936
    661.2540        0.9918
    661.2613        0.9916
    661.2686        0.9950
    661.2759        0.9983
    661.2832        1.0015
    661.2905        1.0030
    661.2978        1.0020
    661.3051        1.0013
    661.3124        1.0005
    661.3197        0.9986
    661.3270        0.9954
    661.3344        0.9923
    661.3417        0.9896
    661.3490        0.9901
    661.3563        0.9926
    661.3636        0.9949
    661.3709        0.9968
    661.3782        0.9963
    661.3855        0.9949
    661.3928        0.9932
    661.4001        0.9922
    661.4074        0.9943
    661.4148        0.9973
    661.4221        1.0005
    661.4294        1.0028
    661.4367        1.0010
    661.4440        0.9987
    661.4513        0.9963
    661.4586        0.9945
    661.4659        0.9953
    661.4732        0.9960
    661.4805        0.9965
    661.4879        0.9976
    661.4952        1.0002
    661.5025        1.0031
    661.5098        1.0059
    661.5171        1.0075
    661.5244        1.0059
    661.5317        1.0042
    661.5390        1.0026
    661.5463        1.0010
    661.5536        1.0000
    661.5609        0.9989
    661.5683        0.9980
    661.5756        0.9987
    661.5829        1.0008
    661.5902        1.0027
    661.5975        1.0045
    661.6048        1.0058
    661.6121        1.0068
    661.6194        1.0078
    661.6267        1.0089
    661.6340        1.0103
    661.6413        1.0115
    661.6487        1.0130
    661.6560        1.0137
    661.6633        1.0110
    661.6706        1.0075
    661.6779        1.0038
    661.6852        1.0011
    661.6925        1.0029
    661.6998        1.0049
    661.7071        1.0070
    661.7144        1.0084
    661.7218        1.0071
    661.7291        1.0060
    661.7364        1.0049
    661.7437        1.0043
    661.7510        1.0056
    661.7583        1.0068
    661.7656        1.0081
    661.7729        1.0086
    661.7802        1.0075
    661.7875        1.0065
    661.7948        1.0055
    661.8022        1.0062
    661.8095        1.0091
    661.8168        1.0117
    661.8241        1.0140
    661.8314        1.0124
    661.8387        1.0074
    661.8460        1.0026
    661.8533        0.9985
    661.8606        0.9993
    661.8679        1.0032
    661.8752        1.0072
    661.8826        1.0105
    661.8899        1.0106
    661.8972        1.0094
    661.9045        1.0083
    661.9118        1.0072
    661.9191        1.0060
    661.9264        1.0047
    661.9337        1.0033
    661.9410        1.0022
    661.9483        1.0018
    661.9557        1.0016
    661.9630        1.0013
    661.9703        1.0014
    661.9776        1.0030
    661.9849        1.0047
    661.9922        1.0063
    661.9995        1.0084
    662.0068        1.0108
    662.0141        1.0129
    662.0214        1.0151
    662.0287        1.0155
    662.0361        1.0135
    662.0434        1.0119
    662.0507        1.0102
    662.0580        1.0099
    662.0653        1.0108
    662.0726        1.0114
    662.0799        1.0120
    662.0872        1.0116
    662.0945        1.0108
    662.1018        1.0102
    662.1091        1.0094
    662.1165        1.0062
    662.1238        1.0015
    662.1311        0.9963
    662.1384        0.9922
    662.1457        0.9934
    662.1530        0.9967
    662.1603        1.0001
    662.1676        1.0028
    662.1749        1.0031
    662.1822        1.0029
    662.1895        1.0027
    662.1969        1.0024
    662.2042        1.0023
    662.2115        1.0023
    662.2188        1.0023
    662.2261        1.0021
    662.2334        1.0010
    662.2407        0.9998
    662.2480        0.9986
    662.2553        0.9975
    662.2626        0.9964
    662.2700        0.9951
    662.2773        0.9939
    662.2846        0.9938
    662.2919        0.9959
    662.2992        0.9982
    662.3065        1.0004
    662.3138        1.0029
    662.3211        1.0051
    662.3284        1.0071
    662.3357        1.0092
    662.3430        1.0120
    662.3504        1.0153
    662.3577        1.0189
    662.3650        1.0213
    662.3723        1.0171
    662.3796        1.0101
    662.3869        1.0027
    662.3942        0.9968
    662.4015        0.9975
    662.4088        0.9997
    662.4161        1.0019
    662.4234        1.0038
    662.4308        1.0043
    662.4381        1.0050
    662.4454        1.0055
    662.4527        1.0067
    662.4600        1.0084
    662.4673        1.0094
    662.4746        1.0108
    662.4819        1.0105
    662.4892        1.0068
    662.4965        1.0039
    662.5039        1.0008
    662.5112        1.0008
    662.5185        1.0060
    662.5258        1.0105
    662.5331        1.0149
    662.5404        1.0156
    662.5477        1.0120
    662.5550        1.0088
    662.5623        1.0058
    662.5696        1.0050
    662.5769        1.0060
    662.5843        1.0067
    662.5916        1.0074
    662.5989        1.0063
    662.6062        1.0043
    662.6135        1.0024
    662.6208        1.0007
    662.6281        1.0004
    662.6354        1.0008
    662.6427        1.0011
    662.6500        1.0016
    662.6573        1.0032
    662.6647        1.0047
    662.6720        1.0062
    662.6793        1.0074
    662.6866        1.0080
    662.6939        1.0089
    662.7012        1.0095
    662.7085        1.0105
    662.7158        1.0118
    662.7231        1.0130
    662.7304        1.0144
    662.7377        1.0141
    662.7451        1.0111
    662.7524        1.0084
    662.7597        1.0057
    662.7670        1.0045
    662.7743        1.0054
    662.7816        1.0061
    662.7889        1.0068
    662.7962        1.0068
    662.8035        1.0060
    662.8108        1.0051
    662.8182        1.0043
    662.8255        1.0053
    662.8328        1.0072
    662.8401        1.0092
    662.8474        1.0107
    662.8547        1.0099
    662.8620        1.0083
    662.8693        1.0066
    662.8766        1.0055
    662.8839        1.0072
    662.8912        1.0093
    662.8986        1.0116
    662.9059        1.0132
    662.9132        1.0102
    662.9205        1.0068
    662.9278        1.0033
    662.9351        1.0007
    662.9424        1.0024
    662.9497        1.0038
    662.9570        1.0052
    662.9643        1.0056
    662.9716        1.0037
    662.9790        1.0022
    662.9863        1.0006
    662.9936        0.9991
    663.0009        0.9977
    663.0082        0.9961
    663.0155        0.9947
    663.0228        0.9953
    663.0301        0.9979
    663.0374        1.0003
    663.0447        1.0026
    663.0521        1.0052
    663.0594        1.0081
    663.0667        1.0113
    663.0740        1.0138
    663.0813        1.0116
    663.0886        1.0070
    663.0959        1.0021
    663.1032        0.9984
    663.1105        1.0006
    663.1178        1.0043
    663.1251        1.0084
    663.1325        1.0114
    663.1398        1.0095
    663.1471        1.0072
    663.1544        1.0047
    663.1617        1.0029
    663.1690        1.0031
    663.1763        1.0034
    663.1836        1.0036
    663.1909        1.0045
    663.1982        1.0069
    663.2055        1.0093
    663.2129        1.0115
    663.2202        1.0114
    663.2275        1.0082
    663.2348        1.0054
    663.2421        1.0026
    663.2494        1.0012
    663.2567        1.0013
    663.2640        1.0013
    663.2713        1.0014
    663.2786        1.0022
    663.2860        1.0034
    663.2933        1.0048
    663.3006        1.0058
    663.3079        1.0060
    663.3152        1.0059
    663.3225        1.0058
    663.3298        1.0058
    663.3371        1.0057
    663.3444        1.0055
    663.3517        1.0052
    663.3590        1.0052
    663.3664        1.0063
    663.3737        1.0078
    663.3810        1.0091
    663.3883        1.0109
    663.3956        1.0140
    663.4029        1.0167
    663.4102        1.0197
    663.4175        1.0204
    663.4248        1.0161
    663.4321        1.0124
    663.4394        1.0085
    663.4468        1.0057
    663.4541        1.0043
    663.4614        1.0028
    663.4687        1.0014
    663.4760        1.0006
    663.4833        1.0005
    663.4906        1.0001
    663.4979        0.9999
    663.5052        1.0004
    663.5125        1.0017
    663.5198        1.0032
    663.5272        1.0045
    663.5345        1.0040
    663.5418        1.0027
    663.5491        1.0012
    663.5564        1.0004
    663.5637        1.0023
    663.5710        1.0047
    663.5783        1.0072
    663.5856        1.0088
    663.5929        1.0071
    663.6003        1.0057
    663.6076        1.0040
    663.6149        1.0028
    663.6222        1.0034
    663.6295        1.0036
    663.6368        1.0040
    663.6441        1.0044
    663.6514        1.0053
    663.6587        1.0063
    663.6660        1.0073
    663.6733        1.0077
    663.6807        1.0069
    663.6880        1.0061
    663.6953        1.0053
    663.7026        1.0055
    663.7099        1.0064
    663.7172        1.0073
    663.7245        1.0079
    663.7318        1.0068
    663.7391        1.0046
    663.7464        1.0025
    663.7537        1.0006
    663.7611        1.0003
    663.7684        1.0007
    663.7757        1.0011
    663.7830        1.0012
    663.7903        1.0004
    663.7976        0.9994
    663.8049        0.9983
    663.8122        0.9980
    663.8195        1.0006
    663.8268        1.0032
    663.8342        1.0060
    663.8415        1.0082
    663.8488        1.0084
    663.8561        1.0085
    663.8634        1.0088
    663.8707        1.0087
    663.8780        1.0087
    663.8853        1.0088
    663.8926        1.0088
    663.8999        1.0076
    663.9072        1.0044
    663.9146        1.0009
    663.9219        0.9976
    663.9292        0.9966
    663.9365        0.9982
    663.9438        0.9998
    663.9511        1.0013
    663.9584        1.0010
    663.9657        0.9995
    663.9730        0.9980
    663.9803        0.9964
    663.9876        0.9940
    663.9950        0.9917
    664.0023        0.9889
    664.0096        0.9872
    664.0169        0.9912
    664.0242        0.9962
    664.0315        1.0015
    664.0388        1.0059
    664.0461        1.0069
    664.0534        1.0075
    664.0607        1.0083
    664.0681        1.0081
    664.0754        1.0057
    664.0827        1.0038
    664.0900        1.0017
    664.0973        1.0003
    664.1046        0.9999
    664.1119        0.9994
    664.1192        0.9988
    664.1265        0.9984
    664.1338        0.9982
    664.1411        0.9980
    664.1485        0.9978
    664.1558        0.9975
    664.1631        0.9972
    664.1704        0.9968
    664.1777        0.9968
    664.1850        0.9978
    664.1923        0.9993
    664.1996        1.0008
    664.2069        1.0015
    664.2142        0.9982
    664.2215        0.9939
    664.2289        0.9893
    664.2362        0.9858
    664.2435        0.9876
    664.2508        0.9902
    664.2581        0.9927
    664.2654        0.9952
    664.2727        0.9963
    664.2800        0.9972
    664.2873        0.9982
    664.2946        0.9980
    664.3019        0.9951
    664.3093        0.9924
    664.3166        0.9896
    664.3239        0.9892
    664.3312        0.9930
    664.3385        0.9968
    664.3458        1.0005
    664.3531        1.0015
    664.3604        0.9994
    664.3677        0.9974
    664.3750        0.9954
    664.3824        0.9948
    664.3897        0.9952
    664.3970        0.9957
    664.4043        0.9961
    664.4116        0.9966
    664.4189        0.9969
    664.4262        0.9973
    664.4335        0.9977
    664.4408        0.9978
    664.4481        0.9978
    664.4554        0.9979
    664.4628        0.9982
    664.4701        0.9987
    664.4774        0.9990
    664.4847        0.9993
    664.4920        1.0002
    664.4993        1.0028
    664.5066        1.0052
    664.5139        1.0077
    664.5212        1.0085
    664.5285        1.0062
    664.5358        1.0042
    664.5432        1.0022
    664.5505        1.0019
    664.5578        1.0036
    664.5651        1.0053
    664.5724        1.0068
    664.5797        1.0063
    664.5870        1.0045
    664.5943        1.0026
    664.6016        1.0010
    664.6089        1.0008
    664.6163        1.0010
    664.6236        1.0013
    664.6309        1.0017
    664.6382        1.0028
    664.6455        1.0043
    664.6528        1.0059
    664.6601        1.0068
    664.6674        1.0055
    664.6747        1.0039
    664.6820        1.0024
    664.6893        1.0010
    664.6967        1.0001
    664.7040        0.9992
    664.7113        0.9981
    664.7186        0.9979
    664.7259        1.0000
    664.7332        1.0019
    664.7405        1.0039
    664.7478        1.0049
    664.7551        1.0041
    664.7624        1.0032
    664.7697        1.0023
    664.7771        1.0014
    664.7844        1.0005
    664.7917        0.9997
    664.7990        0.9988
    664.8063        0.9977
    664.8136        0.9966
    664.8209        0.9953
    664.8282        0.9943
    664.8355        0.9954
    664.8428        0.9976
    664.8501        0.9998
    664.8575        1.0017
    664.8648        1.0014
    664.8721        1.0006
    664.8794        0.9999
    664.8867        0.9996
    664.8940        1.0005
    664.9013        1.0011
    664.9086        1.0017
    664.9159        1.0020
    664.9232        1.0037
    664.9306        1.0059
    664.9379        1.0078
    664.9452        1.0087
    664.9525        1.0070
    664.9598        1.0053
    664.9671        1.0037
    664.9744        1.0030
    664.9817        1.0035
    664.9890        1.0039
    664.9963        1.0043
    665.0036        1.0033
    665.0110        1.0011
    665.0183        0.9989
    665.0256        0.9969
    665.0329        0.9964
    665.0402        0.9965
    665.0475        0.9966
    665.0548        0.9967
    665.0621        0.9972
    665.0694        0.9977
    665.0767        0.9984
    665.0840        0.9985
    665.0914        0.9971
    665.0987        0.9957
    665.1060        0.9942
    665.1133        0.9931
    665.1206        0.9930
    665.1279        0.9926
    665.1352        0.9922
    665.1425        0.9920
    665.1498        0.9923
    665.1571        0.9928
    665.1645        0.9932
    665.1718        0.9936
    665.1791        0.9936
    665.1864        0.9936
    665.1937        0.9937
    665.2010        0.9950
    665.2083        0.9975
    665.2156        1.0002
    665.2229        1.0024
    665.2302        1.0020
    665.2375        0.9999
    665.2449        0.9977
    665.2522        0.9961
    665.2595        0.9970
    665.2668        0.9986
    665.2741        1.0003
    665.2814        1.0014
    665.2887        0.9999
    665.2960        0.9983
    665.3033        0.9964
    665.3106        0.9957
    665.3179        0.9986
    665.3253        1.0011
    665.3326        1.0039
    665.3399        1.0049
    665.3472        1.0015
    665.3545        0.9984
    665.3618        0.9953
    665.3691        0.9932
    665.3764        0.9929
    665.3837        0.9926
    665.3910        0.9924
    665.3984        0.9934
    665.4057        0.9958
    665.4130        0.9981
    665.4203        1.0004
    665.4276        1.0028
    665.4349        1.0029
