    650.4129        0.9648
    650.4170        0.9611
    650.4212        0.9572
    650.4253        0.9550
    650.4295        0.9564
    650.4336        0.9620
    650.4378        0.9706
    650.4419        0.9794
    650.4461        0.9853
    650.4502        0.9864
    650.4544        0.9830
    650.4585        0.9769
    650.4626        0.9709
    650.4668        0.9676
    650.4709        0.9683
    650.4751        0.9728
    650.4792        0.9794
    650.4834        0.9858
    650.4875        0.9903
    650.4917        0.9923
    650.4958        0.9929
    650.5000        0.9936
    650.5041        0.9956
    650.5082        0.9985
    650.5124        1.0011
    650.5165        1.0019
    650.5207        1.0004
    650.5248        0.9971
    650.5290        0.9937
    650.5331        0.9915
    650.5373        0.9911
    650.5414        0.9916
    650.5456        0.9915
    650.5497        0.9899
    650.5539        0.9867
    650.5580        0.9829
    650.5621        0.9800
    650.5663        0.9782
    650.5704        0.9774
    650.5746        0.9769
    650.5787        0.9768
    650.5829        0.9777
    650.5870        0.9803
    650.5912        0.9851
    650.5953        0.9918
    650.5995        0.9991
    650.6036        1.0049
    650.6078        1.0077
    650.6119        1.0066
    650.6160        1.0025
    650.6202        0.9971
    650.6243        0.9921
    650.6285        0.9889
    650.6326        0.9875
    650.6368        0.9873
    650.6409        0.9871
    650.6451        0.9858
    650.6492        0.9827
    650.6534        0.9782
    650.6575        0.9738
    650.6616        0.9713
    650.6658        0.9716
    650.6699        0.9746
    650.6741        0.9790
    650.6782        0.9831
    650.6824        0.9854
    650.6865        0.9854
    650.6907        0.9834
    650.6948        0.9805
    650.6990        0.9777
    650.7031        0.9760
    650.7073        0.9757
    650.7114        0.9769
    650.7155        0.9796
    650.7197        0.9838
    650.7238        0.9893
    650.7280        0.9951
    650.7321        0.9997
    650.7363        1.0017
    650.7404        1.0000
    650.7446        0.9946
    650.7487        0.9865
    650.7529        0.9772
    650.7570        0.9682
    650.7611        0.9612
    650.7653        0.9572
    650.7694        0.9570
    650.7736        0.9601
    650.7777        0.9656
    650.7819        0.9719
    650.7860        0.9777
    650.7902        0.9823
    650.7943        0.9858
    650.7985        0.9883
    650.8026        0.9902
    650.8068        0.9912
    650.8109        0.9912
    650.8150        0.9898
    650.8192        0.9871
    650.8233        0.9838
    650.8275        0.9805
    650.8316        0.9774
    650.8358        0.9738
    650.8399        0.9687
    650.8441        0.9614
    650.8482        0.9521
    650.8524        0.9426
    650.8565        0.9351
    650.8607        0.9318
    650.8648        0.9335
    650.8689        0.9396
    650.8731        0.9489
    650.8772        0.9602
    650.8814        0.9722
    650.8855        0.9842
    650.8897        0.9948
    650.8938        1.0033
    650.8980        1.0089
    650.9021        1.0115
    650.9063        1.0115
    650.9104        1.0095
    650.9145        1.0060
    650.9187        1.0016
    650.9228        0.9969
    650.9270        0.9926
    650.9311        0.9892
    650.9353        0.9870
    650.9394        0.9860
    650.9436        0.9864
    650.9477        0.9881
    650.9519        0.9913
    650.9560        0.9959
    650.9602        1.0018
    650.9643        1.0088
    650.9684        1.0162
    650.9726        1.0234
    650.9767        1.0294
    650.9809        1.0334
    650.9850        1.0352
    650.9892        1.0348
    650.9933        1.0326
    650.9975        1.0286
    651.0016        1.0226
    651.0058        1.0144
    651.0099        1.0048
    651.0141        0.9955
    651.0182        0.9894
    651.0223        0.9883
    651.0265        0.9924
    651.0306        1.0000
    651.0348        1.0083
    651.0389        1.0150
    651.0431        1.0186
    651.0472        1.0192
    651.0514        1.0180
    651.0555        1.0163
    651.0597        1.0152
    651.0638        1.0148
    651.0679        1.0143
    651.0721        1.0127
    651.0762        1.0094
    651.0804        1.0047
    651.0845        0.9998
    651.0887        0.9959
    651.0928        0.9939
    651.0970        0.9940
    651.1011        0.9955
    651.1053        0.9973
    651.1094        0.9987
    651.1136        0.9992
    651.1177        0.9987
    651.1218        0.9974
    651.1260        0.9952
    651.1301        0.9928
    651.1343        0.9907
    651.1384        0.9895
    651.1426        0.9895
    651.1467        0.9904
    651.1509        0.9913
    651.1550        0.9913
    651.1592        0.9894
    651.1633        0.9854
    651.1674        0.9798
    651.1716        0.9735
    651.1757        0.9677
    651.1799        0.9626
    651.1840        0.9579
    651.1882        0.9533
    651.1923        0.9488
    651.1965        0.9448
    651.2006        0.9418
    651.2048        0.9403
    651.2089        0.9398
    651.2131        0.9393
    651.2172        0.9378
    651.2213        0.9353
    651.2255        0.9328
    651.2296        0.9324
    651.2338        0.9362
    651.2379        0.9450
    651.2421        0.9580
    651.2462        0.9732
    651.2504        0.9881
    651.2545        1.0006
    651.2587        1.0093
    651.2628        1.0142
    651.2670        1.0160
    651.2711        1.0158
    651.2752        1.0150
    651.2794        1.0140
    651.2835        1.0129
    651.2877        1.0115
    651.2918        1.0093
    651.2960        1.0063
    651.3001        1.0032
    651.3043        1.0011
    651.3084        1.0014
    651.3126        1.0042
    651.3167        1.0090
    651.3208        1.0141
    651.3250        1.0180
    651.3291        1.0201
    651.3333        1.0204
    651.3374        1.0195
    651.3416        1.0183
    651.3457        1.0179
    651.3499        1.0194
    651.3540        1.0233
    651.3582        1.0289
    651.3623        1.0342
    651.3665        1.0368
    651.3706        1.0348
    651.3747        1.0279
    651.3789        1.0175
    651.3830        1.0055
    651.3872        0.9939
    651.3913        0.9837
    651.3955        0.9755
    651.3996        0.9695
    651.4038        0.9654
    651.4079        0.9626
    651.4121        0.9604
    651.4162        0.9582
    651.4204        0.9557
    651.4245        0.9532
    651.4286        0.9504
    651.4328        0.9467
    651.4369        0.9408
    651.4411        0.9315
    651.4452        0.9180
    651.4494        0.9004
    651.4535        0.8802
    651.4577        0.8596
    651.4618        0.8413
    651.4660        0.8275
    651.4701        0.8194
    651.4742        0.8176
    651.4784        0.8219
    651.4825        0.8317
    651.4867        0.8461
    651.4908        0.8636
    651.4950        0.8823
    651.4991        0.9009
    651.5033        0.9184
    651.5074        0.9345
    651.5116        0.9490
    651.5157        0.9619
    651.5199        0.9731
    651.5240        0.9826
    651.5281        0.9909
    651.5323        0.9981
    651.5364        1.0040
    651.5406        1.0076
    651.5447        1.0079
    651.5489        1.0049
    651.5530        0.9993
    651.5572        0.9921
    651.5613        0.9841
    651.5655        0.9752
    651.5696        0.9655
    651.5737        0.9557
    651.5779        0.9472
    651.5820        0.9420
    651.5862        0.9410
    651.5903        0.9439
    651.5945        0.9492
    651.5986        0.9549
    651.6028        0.9597
    651.6069        0.9628
    651.6111        0.9636
    651.6152        0.9616
    651.6194        0.9554
    651.6235        0.9435
    651.6276        0.9253
    651.6318        0.9014
    651.6359        0.8737
    651.6401        0.8446
    651.6442        0.8164
    651.6484        0.7913
    651.6525        0.7714
    651.6567        0.7587
    651.6608        0.7541
    651.6650        0.7577
    651.6691        0.7683
    651.6733        0.7843
    651.6774        0.8037
    651.6815        0.8242
    651.6857        0.8435
    651.6898        0.8595
    651.6940        0.8713
    651.6981        0.8795
    651.7023        0.8859
    651.7064        0.8928
    651.7106        0.9021
    651.7147        0.9148
    651.7189        0.9306
    651.7230        0.9478
    651.7271        0.9639
    651.7313        0.9763
    651.7354        0.9834
    651.7396        0.9851
    651.7437        0.9824
    651.7479        0.9772
    651.7520        0.9709
    651.7562        0.9648
    651.7603        0.9592
    651.7645        0.9542
    651.7686        0.9501
    651.7728        0.9470
    651.7769        0.9456
    651.7810        0.9463
    651.7852        0.9492
    651.7893        0.9537
    651.7935        0.9587
    651.7976        0.9636
    651.8018        0.9678
    651.8059        0.9716
    651.8101        0.9757
    651.8142        0.9803
    651.8184        0.9856
    651.8225        0.9911
    651.8267        0.9962
    651.8308        1.0006
    651.8349        1.0039
    651.8391        1.0062
    651.8432        1.0072
    651.8474        1.0070
    651.8515        1.0060
    651.8557        1.0046
    651.8598        1.0032
    651.8640        1.0018
    651.8681        1.0003
    651.8723        0.9981
    651.8764        0.9950
    651.8805        0.9909
    651.8847        0.9864
    651.8888        0.9822
    651.8930        0.9789
    651.8971        0.9769
    651.9013        0.9760
    651.9054        0.9750
    651.9096        0.9726
    651.9137        0.9678
    651.9179        0.9604
    651.9220        0.9513
    651.9262        0.9419
    651.9303        0.9333
    651.9344        0.9261
    651.9386        0.9209
    651.9427        0.9184
    651.9469        0.9192
    651.9510        0.9234
    651.9552        0.9304
    651.9593        0.9392
    651.9635        0.9485
    651.9676        0.9573
    651.9718        0.9654
    651.9759        0.9727
    651.9800        0.9795
    651.9842        0.9863
    651.9883        0.9938
    651.9925        1.0023
    651.9966        1.0115
    652.0008        1.0198
    652.0049        1.0256
    652.0091        1.0277
    652.0132        1.0263
    652.0174        1.0230
    652.0215        1.0198
    652.0257        1.0180
    652.0298        1.0176
    652.0339        1.0180
    652.0381        1.0182
    652.0422        1.0177
    652.0464        1.0161
    652.0505        1.0135
    652.0547        1.0099
    652.0588        1.0055
    652.0630        1.0004
    652.0671        0.9951
    652.0713        0.9906
    652.0754        0.9879
    652.0796        0.9880
    652.0837        0.9911
    652.0878        0.9965
    652.0920        1.0031
    652.0961        1.0096
    652.1003        1.0153
    652.1044        1.0196
    652.1086        1.0228
    652.1127        1.0252
    652.1169        1.0274
    652.1210        1.0294
    652.1252        1.0308
    652.1293        1.0309
    652.1334        1.0295
    652.1376        1.0268
    652.1417        1.0239
    652.1459        1.0212
    652.1500        1.0189
    652.1542        1.0165
    652.1583        1.0136
    652.1625        1.0104
    652.1666        1.0075
    652.1708        1.0054
    652.1749        1.0038
    652.1791        1.0024
    652.1832        1.0004
    652.1873        0.9981
    652.1915        0.9960
    652.1956        0.9949
    652.1998        0.9954
    652.2039        0.9974
    652.2081        1.0007
    652.2122        1.0044
    652.2164        1.0076
    652.2205        1.0095
    652.2247        1.0101
    652.2288        1.0099
    652.2330        1.0098
    652.2371        1.0104
    652.2412        1.0119
    652.2454        1.0139
    652.2495        1.0156
    652.2537        1.0168
    652.2578        1.0171
    652.2620        1.0164
    652.2661        1.0143
    652.2703        1.0101
    652.2744        1.0036
    652.2786        0.9952
    652.2827        0.9863
    652.2868        0.9785
    652.2910        0.9735
    652.2951        0.9716
    652.2993        0.9725
    652.3034        0.9753
    652.3076        0.9791
    652.3117        0.9829
    652.3159        0.9863
    652.3200        0.9887
    652.3242        0.9896
    652.3283        0.9885
    652.3325        0.9849
    652.3366        0.9785
    652.3407        0.9698
    652.3449        0.9599
    652.3490        0.9505
    652.3532        0.9432
    652.3573        0.9384
    652.3615        0.9351
    652.3656        0.9315
    652.3698        0.9257
    652.3739        0.9174
    652.3781        0.9073
    652.3822        0.8975
    652.3863        0.8904
    652.3905        0.8880
    652.3946        0.8913
    652.3988        0.9002
    652.4029        0.9130
    652.4071        0.9279
    652.4112        0.9428
    652.4154        0.9562
    652.4195        0.9674
    652.4237        0.9764
    652.4278        0.9836
    652.4320        0.9893
    652.4361        0.9937
    652.4402        0.9971
    652.4444        0.9993
    652.4485        1.0004
    652.4527        1.0004
    652.4568        0.9997
    652.4610        0.9990
    652.4651        0.9993
    652.4693        1.0007
    652.4734        1.0031
    652.4776        1.0057
    652.4817        1.0083
    652.4859        1.0110
    652.4900        1.0145
    652.4941        1.0192
    652.4983        1.0249
    652.5024        1.0306
    652.5066        1.0353
    652.5107        1.0383
    652.5149        1.0394
    652.5190        1.0392
    652.5232        1.0377
    652.5273        1.0352
    652.5315        1.0320
    652.5356        1.0289
    652.5397        1.0271
    652.5439        1.0275
    652.5480        1.0299
    652.5522        1.0337
    652.5563        1.0374
    652.5605        1.0402
    652.5646        1.0418
    652.5688        1.0421
    652.5729        1.0414
    652.5771        1.0399
    652.5812        1.0375
    652.5854        1.0343
    652.5895        1.0303
    652.5936        1.0259
    652.5978        1.0216
    652.6019        1.0184
    652.6061        1.0173
    652.6102        1.0185
    652.6144        1.0217
    652.6185        1.0254
    652.6227        1.0280
    652.6268        1.0282
    652.6310        1.0259
    652.6351        1.0216
    652.6392        1.0164
    652.6434        1.0116
    652.6475        1.0079
    652.6517        1.0058
    652.6558        1.0053
    652.6600        1.0063
    652.6641        1.0085
    652.6683        1.0120
    652.6724        1.0170
    652.6766        1.0234
    652.6807        1.0307
    652.6849        1.0376
    652.6890        1.0427
    652.6931        1.0447
    652.6973        1.0437
    652.7014        1.0406
    652.7056        1.0370
    652.7097        1.0341
    652.7139        1.0319
    652.7180        1.0296
    652.7222        1.0258
    652.7263        1.0200
    652.7305        1.0126
    652.7346        1.0051
    652.7388        0.9991
    652.7429        0.9960
    652.7470        0.9963
    652.7512        0.9994
    652.7553        1.0037
    652.7595        1.0077
    652.7636        1.0107
    652.7678        1.0128
    652.7719        1.0144
    652.7761        1.0158
    652.7802        1.0166
    652.7844        1.0162
    652.7885        1.0150
    652.7926        1.0135
    652.7968        1.0129
    652.8009        1.0139
    652.8051        1.0171
    652.8092        1.0222
    652.8134        1.0287
    652.8175        1.0355
    652.8217        1.0411
    652.8258        1.0440
    652.8300        1.0436
    652.8341        1.0400
    652.8383        1.0346
    652.8424        1.0289
    652.8465        1.0243
    652.8507        1.0213
    652.8548        1.0199
    652.8590        1.0195
    652.8631        1.0189
    652.8673        1.0172
    652.8714        1.0139
    652.8756        1.0091
    652.8797        1.0036
    652.8839        0.9987
    652.8880        0.9956
    652.8922        0.9954
    652.8963        0.9985
    652.9004        1.0047
    652.9046        1.0129
    652.9087        1.0220
    652.9129        1.0304
    652.9170        1.0373
    652.9212        1.0417
    652.9253        1.0430
    652.9295        1.0409
    652.9336        1.0356
    652.9378        1.0284
    652.9419        1.0210
    652.9460        1.0156
    652.9502        1.0134
    652.9543        1.0149
    652.9585        1.0188
    652.9626        1.0232
    652.9668        1.0257
    652.9709        1.0253
    652.9751        1.0223
    652.9792        1.0185
    652.9834        1.0155
    652.9875        1.0141
    652.9917        1.0137
    652.9958        1.0132
    652.9999        1.0119
    653.0041        1.0103
    653.0082        1.0092
    653.0124        1.0092
    653.0165        1.0101
    653.0207        1.0108
    653.0248        1.0102
    653.0290        1.0077
    653.0331        1.0041
    653.0373        1.0007
    653.0414        0.9988
    653.0455        0.9988
    653.0497        1.0001
    653.0538        1.0019
    653.0580        1.0034
    653.0621        1.0048
    653.0663        1.0063
    653.0704        1.0082
    653.0746        1.0099
    653.0787        1.0104
    653.0829        1.0087
    653.0870        1.0048
    653.0912        0.9999
    653.0953        0.9959
    653.0994        0.9942
    653.1036        0.9949
    653.1077        0.9973
    653.1119        1.0004
    653.1160        1.0036
    653.1202        1.0069
    653.1243        1.0103
    653.1285        1.0134
    653.1326        1.0158
    653.1368        1.0166
    653.1409        1.0153
    653.1451        1.0120
    653.1492        1.0071
    653.1533        1.0017
    653.1575        0.9972
    653.1616        0.9945
    653.1658        0.9935
    653.1699        0.9935
    653.1741        0.9935
    653.1782        0.9934
    653.1824        0.9940
    653.1865        0.9965
    653.1907        1.0009
    653.1948        1.0058
    653.1989        1.0087
    653.2031        1.0068
    653.2072        0.9985
    653.2114        0.9836
    653.2155        0.9636
    653.2197        0.9406
    653.2238        0.9179
    653.2280        0.8983
    653.2321        0.8842
    653.2363        0.8770
    653.2404        0.8768
    653.2446        0.8825
    653.2487        0.8926
    653.2528        0.9052
    653.2570        0.9186
    653.2611        0.9314
    653.2653        0.9429
    653.2694        0.9528
    653.2736        0.9618
    653.2777        0.9706
    653.2819        0.9797
    653.2860        0.9892
    653.2902        0.9989
    653.2943        1.0084
    653.2985        1.0170
    653.3026        1.0240
    653.3067        1.0288
    653.3109        1.0308
    653.3150        1.0303
    653.3192        1.0279
    653.3233        1.0249
    653.3275        1.0227
    653.3316        1.0223
    653.3358        1.0236
    653.3399        1.0258
    653.3441        1.0274
    653.3482        1.0277
    653.3523        1.0264
    653.3565        1.0241
    653.3606        1.0211
    653.3648        1.0169
    653.3689        1.0107
    653.3731        1.0018
    653.3772        0.9901
    653.3814        0.9766
    653.3855        0.9628
    653.3897        0.9508
    653.3938        0.9421
    653.3980        0.9376
    653.4021        0.9376
    653.4062        0.9412
    653.4104        0.9470
    653.4145        0.9534
    653.4187        0.9587
    653.4228        0.9622
    653.4270        0.9636
    653.4311        0.9637
    653.4353        0.9637
    653.4394        0.9648
    653.4436        0.9682
    653.4477        0.9742
    653.4518        0.9827
    653.4560        0.9925
    653.4601        1.0021
    653.4643        1.0102
    653.4684        1.0160
    653.4726        1.0194
    653.4767        1.0205
    653.4809        1.0195
    653.4850        1.0166
    653.4892        1.0121
    653.4933        1.0067
    653.4975        1.0013
    653.5016        0.9970
    653.5057        0.9945
    653.5099        0.9941
    653.5140        0.9953
    653.5182        0.9968
    653.5223        0.9972
    653.5265        0.9958
    653.5306        0.9930
    653.5348        0.9901
    653.5389        0.9894
    653.5431        0.9923
    653.5472        0.9990
    653.5514        1.0079
    653.5555        1.0165
    653.5596        1.0223
    653.5638        1.0239
    653.5679        1.0212
    653.5721        1.0156
    653.5762        1.0086
    653.5804        1.0017
    653.5845        0.9957
    653.5887        0.9911
    653.5928        0.9885
    653.5970        0.9886
    653.6011        0.9918
    653.6052        0.9977
    653.6094        1.0055
    653.6135        1.0142
    653.6177        1.0227
    653.6218        1.0298
    653.6260        1.0346
    653.6301        1.0357
    653.6343        1.0327
    653.6384        1.0259
    653.6426        1.0163
    653.6467        1.0056
    653.6509        0.9952
    653.6550        0.9864
    653.6591        0.9800
    653.6633        0.9765
    653.6674        0.9760
    653.6716        0.9779
    653.6757        0.9809
    653.6799        0.9842
    653.6840        0.9875
    653.6882        0.9911
    653.6923        0.9961
    653.6965        1.0026
    653.7006        1.0097
    653.7048        1.0157
    653.7089        1.0187
    653.7130        1.0181
    653.7172        1.0150
    653.7213        1.0117
    653.7255        1.0103
    653.7296        1.0118
    653.7338        1.0153
    653.7379        1.0190
    653.7421        1.0213
    653.7462        1.0215
    653.7504        1.0206
    653.7545        1.0202
    653.7586        1.0215
    653.7628        1.0252
    653.7669        1.0306
    653.7711        1.0363
    653.7752        1.0407
    653.7794        1.0428
    653.7835        1.0418
    653.7877        1.0378
    653.7918        1.0314
    653.7960        1.0235
    653.8001        1.0156
    653.8043        1.0092
    653.8084        1.0053
    653.8125        1.0043
    653.8167        1.0054
    653.8208        1.0076
    653.8250        1.0096
    653.8291        1.0108
    653.8333        1.0114
    653.8374        1.0117
    653.8416        1.0117
    653.8457        1.0113
    653.8499        1.0103
    653.8540        1.0090
    653.8581        1.0082
    653.8623        1.0087
    653.8664        1.0113
    653.8706        1.0157
    653.8747        1.0213
    653.8789        1.0269
    653.8830        1.0312
    653.8872        1.0334
    653.8913        1.0335
    653.8955        1.0317
    653.8996        1.0290
    653.9038        1.0263
    653.9079        1.0246
    653.9120        1.0238
    653.9162        1.0237
    653.9203        1.0231
    653.9245        1.0215
    653.9286        1.0185
    653.9328        1.0150
    653.9369        1.0123
    653.9411        1.0117
    653.9452        1.0138
    653.9494        1.0182
    653.9535        1.0239
    653.9577        1.0291
    653.9618        1.0328
    653.9659        1.0342
    653.9701        1.0330
    653.9742        1.0295
    653.9784        1.0246
    653.9825        1.0191
    653.9867        1.0142
    653.9908        1.0103
    653.9950        1.0074
    653.9991        1.0054
    654.0033        1.0040
    654.0074        1.0032
    654.0115        1.0028
    654.0157        1.0025
    654.0198        1.0020
    654.0240        1.0015
    654.0281        1.0015
    654.0323        1.0020
    654.0364        1.0025
    654.0406        1.0024
    654.0447        1.0012
    654.0489        0.9993
    654.0530        0.9977
    654.0572        0.9977
    654.0613        0.9998
    654.0654        1.0034
    654.0696        1.0078
    654.0737        1.0120
    654.0779        1.0155
    654.0820        1.0185
    654.0862        1.0210
    654.0903        1.0229
    654.0945        1.0239
    654.0986        1.0235
    654.1028        1.0220
    654.1069        1.0200
    654.1111        1.0186
    654.1152        1.0184
    654.1193        1.0191
    654.1235        1.0194
    654.1276        1.0183
    654.1318        1.0153
    654.1359        1.0113
    654.1401        1.0078
    654.1442        1.0063
    654.1484        1.0076
    654.1525        1.0115
    654.1567        1.0172
    654.1608        1.0235
    654.1649        1.0288
    654.1691        1.0316
    654.1732        1.0306
    654.1774        1.0255
    654.1815        1.0172
    654.1857        1.0075
    654.1898        0.9985
    654.1940        0.9914
    654.1981        0.9864
    654.2023        0.9824
    654.2064        0.9781
    654.2106        0.9723
    654.2147        0.9650
    654.2188        0.9566
    654.2230        0.9485
    654.2271        0.9418
    654.2313        0.9375
    654.2354        0.9361
    654.2396        0.9379
    654.2437        0.9428
    654.2479        0.9502
    654.2520        0.9590
    654.2562        0.9676
    654.2603        0.9745
    654.2644        0.9789
    654.2686        0.9809
    654.2727        0.9813
    654.2769        0.9812
    654.2810        0.9814
    654.2852        0.9826
    654.2893        0.9846
    654.2935        0.9868
    654.2976        0.9884
    654.3018        0.9888
    654.3059        0.9879
    654.3101        0.9859
    654.3142        0.9833
    654.3183        0.9805
    654.3225        0.9777
    654.3266        0.9750
    654.3308        0.9724
    654.3349        0.9704
    654.3391        0.9691
    654.3432        0.9684
    654.3474        0.9674
    654.3515        0.9648
    654.3557        0.9590
    654.3598        0.9493
    654.3640        0.9355
    654.3681        0.9185
    654.3722        0.8997
    654.3764        0.8807
    654.3805        0.8635
    654.3847        0.8500
    654.3888        0.8418
    654.3930        0.8398
    654.3971        0.8437
    654.4013        0.8525
    654.4054        0.8649
    654.4096        0.8797
    654.4137        0.8961
    654.4178        0.9131
    654.4220        0.9298
    654.4261        0.9452
    654.4303        0.9581
    654.4344        0.9676
    654.4386        0.9737
    654.4427        0.9772
    654.4469        0.9790
    654.4510        0.9805
    654.4552        0.9825
    654.4593        0.9856
    654.4635        0.9893
    654.4676        0.9926
    654.4717        0.9941
    654.4759        0.9933
    654.4800        0.9906
    654.4842        0.9873
    654.4883        0.9850
    654.4925        0.9846
    654.4966        0.9857
    654.5008        0.9875
    654.5049        0.9889
    654.5091        0.9894
    654.5132        0.9889
    654.5174        0.9878
    654.5215        0.9869
    654.5256        0.9865
    654.5298        0.9871
    654.5339        0.9885
    654.5381        0.9903
    654.5422        0.9922
    654.5464        0.9935
    654.5505        0.9941
    654.5547        0.9935
    654.5588        0.9909
    654.5630        0.9857
    654.5671        0.9778
    654.5712        0.9675
    654.5754        0.9564
    654.5795        0.9464
    654.5837        0.9396
    654.5878        0.9369
    654.5920        0.9385
    654.5961        0.9433
    654.6003        0.9499
    654.6044        0.9575
    654.6086        0.9655
    654.6127        0.9735
    654.6169        0.9806
    654.6210        0.9855
    654.6251        0.9870
    654.6293        0.9846
    654.6334        0.9788
    654.6376        0.9708
    654.6417        0.9626
    654.6459        0.9559
    654.6500        0.9529
    654.6542        0.9548
    654.6583        0.9615
    654.6625        0.9716
    654.6666        0.9826
    654.6707        0.9919
    654.6749        0.9974
    654.6790        0.9983
    654.6832        0.9952
    654.6873        0.9894
    654.6915        0.9826
    654.6956        0.9764
    654.6998        0.9715
    654.7039        0.9684
    654.7081        0.9668
    654.7122        0.9664
    654.7164        0.9666
    654.7205        0.9667
    654.7246        0.9661
    654.7288        0.9643
    654.7329        0.9612
    654.7371        0.9568
    654.7412        0.9514
    654.7454        0.9456
    654.7495        0.9393
    654.7537        0.9328
    654.7578        0.9262
    654.7620        0.9203
    654.7661        0.9158
    654.7703        0.9137
    654.7744        0.9145
    654.7785        0.9184
    654.7827        0.9245
    654.7868        0.9316
    654.7910        0.9383
    654.7951        0.9436
    654.7993        0.9474
    654.8034        0.9501
    654.8076        0.9522
    654.8117        0.9540
    654.8159        0.9553
    654.8200        0.9553
    654.8241        0.9532
    654.8283        0.9485
    654.8324        0.9415
    654.8366        0.9325
    654.8407        0.9221
    654.8449        0.9106
    654.8490        0.8985
    654.8532        0.8865
    654.8573        0.8758
    654.8615        0.8678
    654.8656        0.8636
    654.8698        0.8638
    654.8739        0.8678
    654.8780        0.8744
    654.8822        0.8828
    654.8863        0.8922
    654.8905        0.9026
    654.8946        0.9138
    654.8988        0.9249
    654.9029        0.9349
    654.9071        0.9424
    654.9112        0.9468
    654.9154        0.9483
    654.9195        0.9479
    654.9237        0.9471
    654.9278        0.9471
    654.9319        0.9485
    654.9361        0.9513
    654.9402        0.9549
    654.9444        0.9584
    654.9485        0.9611
    654.9527        0.9625
    654.9568        0.9627
    654.9610        0.9620
    654.9651        0.9612
    654.9693        0.9612
    654.9734        0.9630
    654.9775        0.9663
    654.9817        0.9700
    654.9858        0.9722
    654.9900        0.9715
    654.9941        0.9679
    654.9983        0.9627
    655.0024        0.9577
    655.0066        0.9546
    655.0107        0.9538
    655.0149        0.9551
    655.0190        0.9572
    655.0232        0.9592
    655.0273        0.9605
    655.0314        0.9618
    655.0356        0.9638
    655.0397        0.9667
    655.0439        0.9702
    655.0480        0.9728
    655.0522        0.9732
    655.0563        0.9706
    655.0605        0.9652
    655.0646        0.9582
    655.0688        0.9510
    655.0729        0.9454
    655.0770        0.9429
    655.0812        0.9439
    655.0853        0.9477
    655.0895        0.9531
    655.0936        0.9587
    655.0978        0.9638
    655.1019        0.9683
    655.1061        0.9722
    655.1102        0.9754
    655.1144        0.9769
    655.1185        0.9761
    655.1227        0.9725
    655.1268        0.9667
    655.1309        0.9602
    655.1351        0.9545
    655.1392        0.9505
    655.1434        0.9485
    655.1475        0.9478
    655.1517        0.9471
    655.1558        0.9454
    655.1600        0.9418
    655.1641        0.9367
    655.1683        0.9307
    655.1724        0.9248
    655.1766        0.9195
    655.1807        0.9152
    655.1848        0.9124
    655.1890        0.9116
    655.1931        0.9137
    655.1973        0.9190
    655.2014        0.9270
    655.2056        0.9362
    655.2097        0.9441
    655.2139        0.9489
    655.2180        0.9494
    655.2222        0.9458
    655.2263        0.9390
    655.2304        0.9297
    655.2346        0.9185
    655.2387        0.9055
    655.2429        0.8910
    655.2470        0.8752
    655.2512        0.8590
    655.2553        0.8435
    655.2595        0.8305
    655.2636        0.8218
    655.2678        0.8190
    655.2719        0.8222
    655.2761        0.8308
    655.2802        0.8431
    655.2843        0.8575
    655.2885        0.8726
    655.2926        0.8873
    655.2968        0.9008
    655.3009        0.9126
    655.3051        0.9220
    655.3092        0.9289
    655.3134        0.9331
    655.3175        0.9351
    655.3217        0.9353
    655.3258        0.9347
    655.3299        0.9335
    655.3341        0.9324
    655.3382        0.9314
    655.3424        0.9306
    655.3465        0.9303
    655.3507        0.9300
    655.3548        0.9294
    655.3590        0.9279
    655.3631        0.9251
    655.3673        0.9211
    655.3714        0.9168
    655.3756        0.9136
    655.3797        0.9122
    655.3838        0.9128
    655.3880        0.9148
    655.3921        0.9175
    655.3963        0.9198
    655.4004        0.9211
    655.4046        0.9210
    655.4087        0.9196
    655.4129        0.9173
    655.4170        0.9148
    655.4212        0.9126
    655.4253        0.9110
    655.4295        0.9104
    655.4336        0.9111
    655.4377        0.9131
    655.4419        0.9165
    655.4460        0.9207
    655.4502        0.9246
    655.4543        0.9276
    655.4585        0.9292
    655.4626        0.9295
    655.4668        0.9290
    655.4709        0.9280
    655.4751        0.9266
    655.4792        0.9250
    655.4833        0.9235
    655.4875        0.9228
    655.4916        0.9235
    655.4958        0.9263
    655.4999        0.9307
    655.5041        0.9357
    655.5082        0.9392
    655.5124        0.9398
    655.5165        0.9369
    655.5207        0.9314
    655.5248        0.9250
    655.5290        0.9194
    655.5331        0.9157
    655.5372        0.9134
    655.5414        0.9118
    655.5455        0.9106
    655.5497        0.9099
    655.5538        0.9110
    655.5580        0.9149
    655.5621        0.9216
    655.5663        0.9298
    655.5704        0.9376
    655.5746        0.9429
    655.5787        0.9446
    655.5829        0.9430
    655.5870        0.9390
    655.5911        0.9342
    655.5953        0.9301
    655.5994        0.9282
    655.6036        0.9292
    655.6077        0.9332
    655.6119        0.9393
    655.6160        0.9463
    655.6202        0.9528
    655.6243        0.9576
    655.6285        0.9596
    655.6326        0.9584
    655.6367        0.9545
    655.6409        0.9490
    655.6450        0.9436
    655.6492        0.9394
    655.6533        0.9367
    655.6575        0.9355
    655.6616        0.9353
    655.6658        0.9358
    655.6699        0.9367
    655.6741        0.9371
    655.6782        0.9362
    655.6824        0.9334
    655.6865        0.9294
    655.6906        0.9251
    655.6948        0.9216
    655.6989        0.9193
    655.7031        0.9176
    655.7072        0.9159
    655.7114        0.9139
    655.7155        0.9119
    655.7197        0.9107
    655.7238        0.9113
    655.7280        0.9139
    655.7321        0.9184
    655.7362        0.9238
    655.7404        0.9295
    655.7445        0.9351
    655.7487        0.9411
    655.7528        0.9479
    655.7570        0.9558
    655.7611        0.9651
    655.7653        0.9752
    655.7694        0.9856
    655.7736        0.9951
    655.7777        1.0025
    655.7819        1.0063
    655.7860        1.0056
    655.7901        1.0006
    655.7943        0.9921
    655.7984        0.9821
    655.8026        0.9728
    655.8067        0.9664
    655.8109        0.9643
    655.8150        0.9679
    655.8192        0.9773
    655.8233        0.9914
    655.8275        1.0080
    655.8316        1.0241
    655.8358        1.0368
    655.8399        1.0445
    655.8440        1.0469
    655.8482        1.0456
    655.8523        1.0429
    655.8565        1.0412
    655.8606        1.0422
    655.8648        1.0460
    655.8689        1.0524
    655.8731        1.0609
    655.8772        1.0714
    655.8814        1.0838
    655.8855        1.0980
    655.8896        1.1137
    655.8938        1.1299
    655.8979        1.1458
    655.9021        1.1603
    655.9062        1.1727
    655.9104        1.1825
    655.9145        1.1903
    655.9187        1.1967
    655.9228        1.2029
    655.9270        1.2096
    655.9311        1.2168
    655.9353        1.2243
    655.9394        1.2320
    655.9435        1.2404
    655.9477        1.2504
    655.9518        1.2625
    655.9560        1.2763
    655.9601        1.2909
    655.9643        1.3053
    655.9684        1.3193
    655.9726        1.3330
    655.9767        1.3470
    655.9809        1.3619
    655.9850        1.3777
    655.9892        1.3940
    655.9933        1.4100
    655.9974        1.4245
    656.0016        1.4370
    656.0057        1.4474
    656.0099        1.4570
    656.0140        1.4673
    656.0182        1.4794
    656.0223        1.4931
    656.0265        1.5073
    656.0306        1.5209
    656.0348        1.5331
    656.0389        1.5447
    656.0430        1.5568
    656.0472        1.5713
    656.0513        1.5891
    656.0555        1.6104
    656.0596        1.6340
    656.0638        1.6585
    656.0679        1.6824
    656.0721        1.7049
    656.0762        1.7262
    656.0804        1.7468
    656.0845        1.7679
    656.0887        1.7899
    656.0928        1.8129
    656.0969        1.8361
    656.1011        1.8586
    656.1052        1.8798
    656.1094        1.8998
    656.1135        1.9194
    656.1177        1.9397
    656.1218        1.9616
    656.1260        1.9855
    656.1301        2.0107
    656.1343        2.0360
    656.1384        2.0598
    656.1425        2.0811
    656.1467        2.0995
    656.1508        2.1158
    656.1550        2.1312
    656.1591        2.1467
    656.1633        2.1629
    656.1674        2.1795
    656.1716        2.1955
    656.1757        2.2099
    656.1799        2.2220
    656.1840        2.2311
    656.1882        2.2370
    656.1923        2.2396
    656.1964        2.2395
    656.2006        2.2382
    656.2047        2.2376
    656.2089        2.2392
    656.2130        2.2438
    656.2172        2.2514
    656.2213        2.2609
    656.2255        2.2706
    656.2296        2.2781
    656.2338        2.2815
    656.2379        2.2799
    656.2421        2.2739
    656.2462        2.2651
    656.2503        2.2555
    656.2545        2.2464
    656.2586        2.2385
    656.2628        2.2317
    656.2669        2.2254
    656.2711        2.2194
    656.2752        2.2139
    656.2794        2.2101
    656.2835        2.2087
    656.2877        2.2098
    656.2918        2.2116
    656.2959        2.2116
    656.3001        2.2068
    656.3042        2.1953
    656.3084        2.1766
    656.3125        2.1522
    656.3167        2.1247
    656.3208        2.0970
    656.3250        2.0715
    656.3291        2.0497
    656.3333        2.0324
    656.3374        2.0201
    656.3416        2.0131
    656.3457        2.0108
    656.3498        2.0123
    656.3540        2.0161
    656.3581        2.0204
    656.3623        2.0238
    656.3664        2.0255
    656.3706        2.0249
    656.3747        2.0219
    656.3789        2.0162
    656.3830        2.0075
    656.3872        1.9960
    656.3913        1.9823
    656.3955        1.9680
    656.3996        1.9560
    656.4037        1.9493
    656.4079        1.9502
    656.4120        1.9589
    656.4162        1.9742
    656.4203        1.9943
    656.4245        2.0180
    656.4286        2.0447
    656.4328        2.0740
    656.4369        2.1052
    656.4411        2.1371
    656.4452        2.1683
    656.4493        2.1976
    656.4535        2.2238
    656.4576        2.2457
    656.4618        2.2621
    656.4659        2.2723
    656.4701        2.2769
    656.4742        2.2771
    656.4784        2.2750
    656.4825        2.2720
    656.4867        2.2688
    656.4908        2.2654
    656.4950        2.2618
    656.4991        2.2580
    656.5032        2.2535
    656.5074        2.2483
    656.5115        2.2422
    656.5157        2.2357
    656.5198        2.2296
    656.5240        2.2244
    656.5281        2.2195
    656.5323        2.2138
    656.5364        2.2063
    656.5406        2.1966
    656.5447        2.1851
    656.5488        2.1730
    656.5530        2.1613
    656.5571        2.1503
    656.5613        2.1394
    656.5654        2.1279
    656.5696        2.1147
    656.5737        2.0991
    656.5779        2.0809
    656.5820        2.0603
    656.5862        2.0375
    656.5903        2.0134
    656.5945        1.9888
    656.5986        1.9650
    656.6027        1.9430
    656.6069        1.9228
    656.6110        1.9031
    656.6152        1.8822
    656.6193        1.8585
    656.6235        1.8318
    656.6276        1.8031
    656.6318        1.7746
    656.6359        1.7484
    656.6401        1.7259
    656.6442        1.7069
    656.6484        1.6900
    656.6525        1.6733
    656.6566        1.6560
    656.6608        1.6384
    656.6649        1.6221
    656.6691        1.6088
    656.6732        1.5989
    656.6774        1.5912
    656.6815        1.5832
    656.6857        1.5723
    656.6898        1.5565
    656.6940        1.5352
    656.6981        1.5094
    656.7022        1.4813
    656.7064        1.4538
    656.7105        1.4290
    656.7147        1.4083
    656.7188        1.3919
    656.7230        1.3790
    656.7271        1.3685
    656.7313        1.3593
    656.7354        1.3503
    656.7396        1.3410
    656.7437        1.3306
    656.7479        1.3186
    656.7520        1.3049
    656.7561        1.2899
    656.7603        1.2752
    656.7644        1.2623
    656.7686        1.2520
    656.7727        1.2439
    656.7769        1.2364
    656.7810        1.2277
    656.7852        1.2172
    656.7893        1.2052
    656.7935        1.1931
    656.7976        1.1824
    656.8018        1.1735
    656.8059        1.1659
    656.8100        1.1586
    656.8142        1.1504
    656.8183        1.1408
    656.8225        1.1300
    656.8266        1.1182
    656.8308        1.1060
    656.8349        1.0937
    656.8391        1.0820
    656.8432        1.0716
    656.8474        1.0629
    656.8515        1.0562
    656.8556        1.0507
    656.8598        1.0452
    656.8639        1.0389
    656.8681        1.0316
    656.8722        1.0242
    656.8764        1.0181
    656.8805        1.0143
    656.8847        1.0131
    656.8888        1.0136
    656.8930        1.0147
    656.8971        1.0152
    656.9013        1.0144
    656.9054        1.0119
    656.9095        1.0077
    656.9137        1.0020
    656.9178        0.9949
    656.9220        0.9870
    656.9261        0.9793
    656.9303        0.9729
    656.9344        0.9685
    656.9386        0.9664
    656.9427        0.9659
    656.9469        0.9662
    656.9510        0.9665
    656.9551        0.9670
    656.9593        0.9682
    656.9634        0.9706
    656.9676        0.9740
    656.9717        0.9777
    656.9759        0.9803
    656.9800        0.9811
    656.9842        0.9797
    656.9883        0.9761
    656.9925        0.9708
    656.9966        0.9644
    657.0008        0.9575
    657.0049        0.9514
    657.0090        0.9468
    657.0132        0.9445
    657.0173        0.9447
    657.0215        0.9475
    657.0256        0.9523
    657.0298        0.9580
    657.0339        0.9631
    657.0381        0.9661
    657.0422        0.9656
    657.0464        0.9608
    657.0505        0.9521
    657.0547        0.9404
    657.0588        0.9277
    657.0629        0.9164
    657.0671        0.9084
    657.0712        0.9045
    657.0754        0.9043
    657.0795        0.9069
    657.0837        0.9112
    657.0878        0.9166
    657.0920        0.9230
    657.0961        0.9305
    657.1003        0.9391
    657.1044        0.9482
    657.1085        0.9571
    657.1127        0.9648
    657.1168        0.9706
    657.1210        0.9740
    657.1251        0.9747
    657.1293        0.9722
    657.1334        0.9665
    657.1376        0.9579
    657.1417        0.9471
    657.1459        0.9350
    657.1500        0.9223
    657.1542        0.9099
    657.1583        0.8986
    657.1624        0.8894
    657.1666        0.8831
    657.1707        0.8798
    657.1749        0.8788
    657.1790        0.8789
    657.1832        0.8786
    657.1873        0.8768
    657.1915        0.8731
    657.1956        0.8681
    657.1998        0.8628
    657.2039        0.8584
    657.2081        0.8556
    657.2122        0.8546
    657.2163        0.8558
    657.2205        0.8595
    657.2246        0.8659
    657.2288        0.8748
    657.2329        0.8850
    657.2371        0.8950
    657.2412        0.9038
    657.2454        0.9107
    657.2495        0.9160
    657.2537        0.9200
    657.2578        0.9230
    657.2619        0.9255
    657.2661        0.9283
    657.2702        0.9320
    657.2744        0.9371
    657.2785        0.9435
    657.2827        0.9500
    657.2868        0.9553
    657.2910        0.9582
    657.2951        0.9583
    657.2993        0.9558
    657.3034        0.9515
    657.3076        0.9462
    657.3117        0.9406
    657.3158        0.9352
    657.3200        0.9302
    657.3241        0.9262
    657.3283        0.9242
    657.3324        0.9251
    657.3366        0.9290
    657.3407        0.9349
    657.3449        0.9406
    657.3490        0.9446
    657.3532        0.9459
    657.3573        0.9456
    657.3614        0.9451
    657.3656        0.9459
    657.3697        0.9482
    657.3739        0.9515
    657.3780        0.9546
    657.3822        0.9564
    657.3863        0.9567
    657.3905        0.9561
    657.3946        0.9556
    657.3988        0.9558
    657.4029        0.9567
    657.4071        0.9577
    657.4112        0.9584
    657.4153        0.9591
    657.4195        0.9599
    657.4236        0.9607
    657.4278        0.9606
    657.4319        0.9586
    657.4361        0.9542
    657.4402        0.9482
    657.4444        0.9419
    657.4485        0.9365
    657.4527        0.9320
    657.4568        0.9270
    657.4610        0.9193
    657.4651        0.9073
    657.4692        0.8908
    657.4734        0.8713
    657.4775        0.8520
    657.4817        0.8365
    657.4858        0.8280
    657.4900        0.8279
    657.4941        0.8357
    657.4983        0.8491
    657.5024        0.8654
    657.5066        0.8820
    657.5107        0.8975
    657.5148        0.9112
    657.5190        0.9233
    657.5231        0.9340
    657.5273        0.9431
    657.5314        0.9499
    657.5356        0.9539
    657.5397        0.9548
    657.5439        0.9537
    657.5480        0.9521
    657.5522        0.9513
    657.5563        0.9519
    657.5605        0.9537
    657.5646        0.9558
    657.5687        0.9574
    657.5729        0.9582
    657.5770        0.9587
    657.5812        0.9592
    657.5853        0.9605
    657.5895        0.9630
    657.5936        0.9665
    657.5978        0.9705
    657.6019        0.9741
    657.6061        0.9762
    657.6102        0.9759
    657.6143        0.9733
    657.6185        0.9692
    657.6226        0.9647
    657.6268        0.9611
    657.6309        0.9587
    657.6351        0.9571
    657.6392        0.9560
    657.6434        0.9549
    657.6475        0.9540
    657.6517        0.9536
    657.6558        0.9539
    657.6600        0.9552
    657.6641        0.9572
    657.6682        0.9595
    657.6724        0.9619
    657.6765        0.9642
    657.6807        0.9665
    657.6848        0.9691
    657.6890        0.9719
    657.6931        0.9751
    657.6973        0.9783
    657.7014        0.9815
    657.7056        0.9847
    657.7097        0.9878
    657.7139        0.9908
    657.7180        0.9934
    657.7221        0.9950
    657.7263        0.9953
    657.7304        0.9940
    657.7346        0.9916
    657.7387        0.9893
    657.7429        0.9881
    657.7470        0.9887
    657.7512        0.9905
    657.7553        0.9925
    657.7595        0.9932
    657.7636        0.9919
    657.7677        0.9887
    657.7719        0.9849
    657.7760        0.9816
    657.7802        0.9797
    657.7843        0.9793
    657.7885        0.9797
    657.7926        0.9797
    657.7968        0.9785
    657.8009        0.9760
    657.8051        0.9728
    657.8092        0.9695
    657.8134        0.9672
    657.8175        0.9665
    657.8216        0.9676
    657.8258        0.9702
    657.8299        0.9737
    657.8341        0.9771
    657.8382        0.9804
    657.8424        0.9835
    657.8465        0.9869
    657.8507        0.9904
    657.8548        0.9935
    657.8590        0.9951
    657.8631        0.9940
    657.8673        0.9899
    657.8714        0.9833
    657.8755        0.9754
    657.8797        0.9680
    657.8838        0.9625
    657.8880        0.9599
    657.8921        0.9601
    657.8963        0.9623
    657.9004        0.9652
    657.9046        0.9678
    657.9087        0.9695
    657.9129        0.9706
    657.9170        0.9719
    657.9211        0.9743
    657.9253        0.9781
    657.9294        0.9828
    657.9336        0.9878
    657.9377        0.9920
    657.9419        0.9951
    657.9460        0.9973
    657.9502        0.9992
    657.9543        1.0013
    657.9585        1.0033
    657.9626        1.0045
    657.9668        1.0041
    657.9709        1.0017
    657.9750        0.9981
    657.9792        0.9942
    657.9833        0.9909
    657.9875        0.9892
    657.9916        0.9896
    657.9958        0.9921
    657.9999        0.9965
    658.0041        1.0017
    658.0082        1.0067
    658.0124        1.0102
    658.0165        1.0118
    658.0206        1.0112
    658.0248        1.0089
    658.0289        1.0057
    658.0331        1.0024
    658.0372        0.9997
    658.0414        0.9975
    658.0455        0.9954
    658.0497        0.9926
    658.0538        0.9887
    658.0580        0.9837
    658.0621        0.9783
    658.0663        0.9730
    658.0704        0.9685
    658.0745        0.9650
    658.0787        0.9621
    658.0828        0.9597
    658.0870        0.9573
    658.0911        0.9550
    658.0953        0.9532
    658.0994        0.9524
    658.1036        0.9534
    658.1077        0.9564
    658.1119        0.9615
    658.1160        0.9686
    658.1202        0.9772
    658.1243        0.9865
    658.1284        0.9953
    658.1326        1.0028
    658.1367        1.0084
    658.1409        1.0122
    658.1450        1.0146
    658.1492        1.0160
    658.1533        1.0169
    658.1575        1.0175
    658.1616        1.0176
    658.1658        1.0170
    658.1699        1.0156
    658.1740        1.0130
    658.1782        1.0095
    658.1823        1.0054
    658.1865        1.0015
    658.1906        0.9982
    658.1948        0.9959
    658.1989        0.9949
    658.2031        0.9950
    658.2072        0.9958
    658.2114        0.9968
    658.2155        0.9976
    658.2197        0.9977
    658.2238        0.9972
    658.2279        0.9967
    658.2321        0.9967
    658.2362        0.9978
    658.2404        1.0002
    658.2445        1.0033
    658.2487        1.0066
    658.2528        1.0090
    658.2570        1.0099
    658.2611        1.0092
    658.2653        1.0067
    658.2694        1.0032
    658.2736        0.9992
    658.2777        0.9957
    658.2818        0.9932
    658.2860        0.9921
    658.2901        0.9923
    658.2943        0.9934
    658.2984        0.9948
    658.3026        0.9958
    658.3067        0.9962
    658.3109        0.9960
    658.3150        0.9952
    658.3192        0.9940
    658.3233        0.9920
    658.3274        0.9889
    658.3316        0.9843
    658.3357        0.9783
    658.3399        0.9720
    658.3440        0.9673
    658.3482        0.9659
    658.3523        0.9686
    658.3565        0.9751
    658.3606        0.9838
    658.3648        0.9928
    658.3689        1.0001
    658.3731        1.0044
    658.3772        1.0053
    658.3813        1.0034
    658.3855        0.9995
    658.3896        0.9952
    658.3938        0.9918
    658.3979        0.9906
    658.4021        0.9922
    658.4062        0.9963
    658.4104        1.0018
    658.4145        1.0070
    658.4187        1.0105
    658.4228        1.0118
    658.4269        1.0108
    658.4311        1.0085
    658.4352        1.0060
    658.4394        1.0047
    658.4435        1.0056
    658.4477        1.0088
    658.4518        1.0137
    658.4560        1.0191
    658.4601        1.0235
    658.4643        1.0260
    658.4684        1.0262
    658.4726        1.0245
    658.4767        1.0218
    658.4808        1.0189
    658.4850        1.0163
    658.4891        1.0142
    658.4933        1.0123
    658.4974        1.0103
    658.5016        1.0082
    658.5057        1.0060
    658.5099        1.0038
    658.5140        1.0015
    658.5182        0.9987
    658.5223        0.9953
    658.5265        0.9913
    658.5306        0.9865
    658.5347        0.9812
    658.5389        0.9759
    658.5430        0.9716
    658.5472        0.9697
    658.5513        0.9709
    658.5555        0.9750
    658.5596        0.9807
    658.5638        0.9865
    658.5679        0.9908
    658.5721        0.9932
    658.5762        0.9937
    658.5803        0.9933
    658.5845        0.9930
    658.5886        0.9935
    658.5928        0.9946
    658.5969        0.9960
    658.6011        0.9969
    658.6052        0.9974
    658.6094        0.9977
    658.6135        0.9977
    658.6177        0.9971
    658.6218        0.9952
    658.6260        0.9916
    658.6301        0.9866
    658.6342        0.9809
    658.6384        0.9753
    658.6425        0.9703
    658.6467        0.9660
    658.6508        0.9623
    658.6550        0.9588
    658.6591        0.9550
    658.6633        0.9508
    658.6674        0.9466
    658.6716        0.9436
    658.6757        0.9432
    658.6799        0.9466
    658.6840        0.9536
    658.6881        0.9626
    658.6923        0.9715
    658.6964        0.9785
    658.7006        0.9831
    658.7047        0.9858
    658.7089        0.9873
    658.7130        0.9884
    658.7172        0.9895
    658.7213        0.9911
    658.7255        0.9938
    658.7296        0.9978
    658.7337        1.0028
    658.7379        1.0078
    658.7420        1.0115
    658.7462        1.0130
    658.7503        1.0127
    658.7545        1.0114
    658.7586        1.0102
    658.7628        1.0101
    658.7669        1.0113
    658.7711        1.0132
    658.7752        1.0148
    658.7794        1.0145
    658.7835        1.0116
    658.7876        1.0065
    658.7918        1.0010
    658.7959        0.9970
    658.8001        0.9961
    658.8042        0.9985
    658.8084        1.0031
    658.8125        1.0080
    658.8167        1.0117
    658.8208        1.0130
    658.8250        1.0119
    658.8291        1.0095
    658.8332        1.0068
    658.8374        1.0046
    658.8415        1.0031
    658.8457        1.0015
    658.8498        0.9996
    658.8540        0.9977
    658.8581        0.9968
    658.8623        0.9980
    658.8664        1.0014
    658.8706        1.0060
    658.8747        1.0099
    658.8789        1.0115
    658.8830        1.0104
    658.8871        1.0076
    658.8913        1.0042
    658.8954        1.0015
    658.8996        0.9996
    658.9037        0.9984
    658.9079        0.9980
    658.9120        0.9988
    658.9162        1.0009
    658.9203        1.0038
    658.9245        1.0067
    658.9286        1.0087
    658.9328        1.0095
    658.9369        1.0098
    658.9410        1.0104
    658.9452        1.0116
    658.9493        1.0131
    658.9535        1.0143
    658.9576        1.0146
    658.9618        1.0141
    658.9659        1.0134
    658.9701        1.0133
    658.9742        1.0143
    658.9784        1.0166
    658.9825        1.0197
    658.9866        1.0226
    658.9908        1.0243
    658.9949        1.0240
    658.9991        1.0217
    659.0032        1.0181
    659.0074        1.0145
    659.0115        1.0122
    659.0157        1.0119
    659.0198        1.0132
    659.0240        1.0152
    659.0281        1.0165
    659.0323        1.0161
    659.0364        1.0137
    659.0405        1.0099
    659.0447        1.0056
    659.0488        1.0022
    659.0530        1.0007
    659.0571        1.0017
    659.0613        1.0054
    659.0654        1.0112
    659.0696        1.0180
    659.0737        1.0241
    659.0779        1.0285
    659.0820        1.0307
    659.0862        1.0307
    659.0903        1.0292
    659.0944        1.0270
    659.0986        1.0251
    659.1027        1.0236
    659.1069        1.0226
    659.1110        1.0215
    659.1152        1.0195
    659.1193        1.0159
    659.1235        1.0105
    659.1276        1.0040
    659.1318        0.9971
    659.1359        0.9915
    659.1400        0.9881
    659.1442        0.9874
    659.1483        0.9890
    659.1525        0.9920
    659.1566        0.9957
    659.1608        0.9994
    659.1649        1.0031
    659.1691        1.0063
    659.1732        1.0081
    659.1774        1.0080
    659.1815        1.0059
    659.1857        1.0029
    659.1898        1.0006
    659.1939        1.0003
    659.1981        1.0019
    659.2022        1.0045
    659.2064        1.0070
    659.2105        1.0087
    659.2147        1.0101
    659.2188        1.0122
    659.2230        1.0155
    659.2271        1.0199
    659.2313        1.0244
    659.2354        1.0282
    659.2395        1.0307
    659.2437        1.0319
    659.2478        1.0317
    659.2520        1.0299
    659.2561        1.0260
    659.2603        1.0199
    659.2644        1.0116
    659.2686        1.0020
    659.2727        0.9923
    659.2769        0.9838
    659.2810        0.9778
    659.2852        0.9746
    659.2893        0.9743
    659.2934        0.9763
    659.2976        0.9798
    659.3017        0.9845
    659.3059        0.9900
    659.3100        0.9960
    659.3142        1.0013
    659.3183        1.0049
    659.3225        1.0057
    659.3266        1.0036
    659.3308        0.9993
    659.3349        0.9946
    659.3391        0.9911
    659.3432        0.9897
    659.3473        0.9899
    659.3515        0.9909
    659.3556        0.9918
    659.3598        0.9926
    659.3639        0.9943
    659.3681        0.9980
    659.3722        1.0037
    659.3764        1.0104
    659.3805        1.0162
    659.3847        1.0194
    659.3888        1.0194
    659.3929        1.0165
    659.3971        1.0117
    659.4012        1.0058
    659.4054        0.9997
    659.4095        0.9935
    659.4137        0.9877
    659.4178        0.9827
    659.4220        0.9791
    659.4261        0.9772
    659.4303        0.9773
    659.4344        0.9791
    659.4386        0.9822
    659.4427        0.9859
    659.4468        0.9894
    659.4510        0.9921
    659.4551        0.9941
    659.4593        0.9958
    659.4634        0.9982
    659.4676        1.0017
    659.4717        1.0067
    659.4759        1.0131
    659.4800        1.0204
    659.4842        1.0277
    659.4883        1.0339
    659.4925        1.0379
    659.4966        1.0396
    659.5007        1.0392
    659.5049        1.0375
    659.5090        1.0349
    659.5132        1.0317
    659.5173        1.0275
    659.5215        1.0223
    659.5256        1.0164
    659.5298        1.0103
    659.5339        1.0048
    659.5381        1.0004
    659.5422        0.9972
    659.5463        0.9953
    659.5505        0.9948
    659.5546        0.9955
    659.5588        0.9972
    659.5629        0.9993
    659.5671        1.0013
    659.5712        1.0027
    659.5754        1.0035
    659.5795        1.0037
    659.5837        1.0037
    659.5878        1.0038
    659.5920        1.0045
    659.5961        1.0058
    659.6002        1.0077
    659.6044        1.0097
    659.6085        1.0113
    659.6127        1.0122
    659.6168        1.0128
    659.6210        1.0138
    659.6251        1.0155
    659.6293        1.0182
    659.6334        1.0214
    659.6376        1.0247
    659.6417        1.0275
    659.6458        1.0293
    659.6500        1.0300
    659.6541        1.0294
    659.6583        1.0269
    659.6624        1.0226
    659.6666        1.0169
    659.6707        1.0112
    659.6749        1.0070
    659.6790        1.0049
    659.6832        1.0047
    659.6873        1.0050
    659.6915        1.0046
    659.6956        1.0025
    659.6997        0.9991
    659.7039        0.9955
    659.7080        0.9928
    659.7122        0.9923
    659.7163        0.9944
    659.7205        0.9988
    659.7246        1.0046
    659.7288        1.0108
    659.7329        1.0159
    659.7371        1.0191
    659.7412        1.0202
    659.7454        1.0196
    659.7495        1.0181
    659.7536        1.0169
    659.7578        1.0168
    659.7619        1.0180
    659.7661        1.0199
    659.7702        1.0215
    659.7744        1.0219
    659.7785        1.0211
    659.7827        1.0200
    659.7868        1.0198
    659.7910        1.0213
    659.7951        1.0242
    659.7992        1.0272
    659.8034        1.0290
    659.8075        1.0288
    659.8117        1.0264
    659.8158        1.0220
    659.8200        1.0163
    659.8241        1.0101
    659.8283        1.0046
    659.8324        1.0005
    659.8366        0.9981
    659.8407        0.9973
    659.8449        0.9978
    659.8490        0.9996
    659.8531        1.0026
    659.8573        1.0062
    659.8614        1.0092
    659.8656        1.0102
    659.8697        1.0082
    659.8739        1.0037
    659.8780        0.9981
    659.8822        0.9936
    659.8863        0.9914
    659.8905        0.9916
    659.8946        0.9932
    659.8988        0.9950
    659.9029        0.9960
    659.9070        0.9957
    659.9112        0.9940
    659.9153        0.9911
    659.9195        0.9877
    659.9236        0.9843
    659.9278        0.9815
    659.9319        0.9793
    659.9361        0.9774
    659.9402        0.9756
    659.9444        0.9737
    659.9485        0.9724
    659.9526        0.9724
    659.9568        0.9739
    659.9609        0.9770
    659.9651        0.9809
    659.9692        0.9849
    659.9734        0.9882
    659.9775        0.9907
    659.9817        0.9929
    659.9858        0.9955
    659.9900        0.9992
    659.9941        1.0036
    659.9983        1.0073
    660.0024        1.0086
    660.0065        1.0066
    660.0107        1.0017
    660.0148        0.9957
    660.0190        0.9906
    660.0231        0.9881
    660.0273        0.9881
    660.0314        0.9898
    660.0356        0.9918
    660.0397        0.9933
    660.0439        0.9947
    660.0480        0.9965
    660.0521        0.9994
    660.0563        1.0031
    660.0604        1.0068
    660.0646        1.0097
    660.0687        1.0109
    660.0729        1.0103
    660.0770        1.0081
    660.0812        1.0053
    660.0853        1.0029
    660.0895        1.0018
    660.0936        1.0023
    660.0978        1.0040
    660.1019        1.0066
    660.1060        1.0092
    660.1102        1.0114
    660.1143        1.0128
    660.1185        1.0133
    660.1226        1.0130
    660.1268        1.0125
    660.1309        1.0123
    660.1351        1.0123
    660.1392        1.0125
    660.1434        1.0122
    660.1475        1.0116
    660.1517        1.0105
    660.1558        1.0094
    660.1599        1.0079
    660.1641        1.0056
    660.1682        1.0021
    660.1724        0.9976
    660.1765        0.9926
    660.1807        0.9878
    660.1848        0.9837
    660.1890        0.9804
    660.1931        0.9778
    660.1973        0.9758
    660.2014        0.9745
    660.2055        0.9740
    660.2097        0.9744
    660.2138        0.9759
    660.2180        0.9781
    660.2221        0.9812
    660.2263        0.9851
    660.2304        0.9898
    660.2346        0.9948
    660.2387        0.9997
    660.2429        1.0043
    660.2470        1.0085
    660.2512        1.0127
    660.2553        1.0166
    660.2594        1.0195
    660.2636        1.0200
    660.2677        1.0173
    660.2719        1.0117
    660.2760        1.0046
    660.2802        0.9977
    660.2843        0.9926
    660.2885        0.9901
    660.2926        0.9903
    660.2968        0.9926
    660.3009        0.9960
    660.3050        0.9990
    660.3092        1.0005
    660.3133        0.9996
    660.3175        0.9967
    660.3216        0.9929
    660.3258        0.9894
    660.3299        0.9871
    660.3341        0.9860
    660.3382        0.9851
    660.3424        0.9834
    660.3465        0.9802
    660.3507        0.9763
    660.3548        0.9733
    660.3589        0.9727
    660.3631        0.9755
    660.3672        0.9814
    660.3714        0.9896
    660.3755        0.9990
    660.3797        1.0086
    660.3838        1.0171
    660.3880        1.0232
    660.3921        1.0256
    660.3963        1.0238
    660.4004        1.0186
    660.4046        1.0119
    660.4087        1.0053
    660.4128        0.9999
    660.4170        0.9957
    660.4211        0.9926
    660.4253        0.9909
    660.4294        0.9911
    660.4336        0.9935
    660.4377        0.9977
    660.4419        1.0022
    660.4460        1.0057
    660.4502        1.0071
    660.4543        1.0064
    660.4584        1.0043
    660.4626        1.0017
    660.4667        1.0000
    660.4709        0.9999
    660.4750        1.0018
    660.4792        1.0054
    660.4833        1.0096
    660.4875        1.0134
    660.4916        1.0157
    660.4958        1.0161
    660.4999        1.0146
    660.5041        1.0115
    660.5082        1.0072
    660.5123        1.0022
    660.5165        0.9971
    660.5206        0.9922
    660.5248        0.9879
    660.5289        0.9844
    660.5331        0.9817
    660.5372        0.9795
    660.5414        0.9773
    660.5455        0.9750
    660.5497        0.9726
    660.5538        0.9707
    660.5580        0.9702
    660.5621        0.9719
    660.5662        0.9762
    660.5704        0.9829
    660.5745        0.9909
    660.5787        0.9983
    660.5828        1.0035
    660.5870        1.0057
    660.5911        1.0049
    660.5953        1.0021
    660.5994        0.9985
    660.6036        0.9954
    660.6077        0.9936
    660.6118        0.9935
    660.6160        0.9950
    660.6201        0.9979
    660.6243        1.0017
    660.6284        1.0059
