
    650.6860        0.9911
    650.6918        0.9923
    650.6976        0.9937
    650.7034        0.9956
    650.7092        0.9971
    650.7149        0.9967
    650.7207        0.9945
    650.7265        0.9936
    650.7323        0.9941
    650.7381        0.9928
    650.7439        0.9873
    650.7497        0.9815
    650.7554        0.9783
    650.7612        0.9770
    650.7670        0.9771
    650.7728        0.9776
    650.7786        0.9807
    650.7844        0.9846
    650.7901        0.9888
    650.7959        0.9922
    650.8017        0.9915
    650.8075        0.9897
    650.8133        0.9880
    650.8191        0.9857
    650.8249        0.9773
    650.8306        0.9668
    650.8364        0.9486
    650.8422        0.9279
    650.8480        0.9110
    650.8538        0.8931
    650.8596        0.8950
    650.8654        0.9016
    650.8711        0.9177
    650.8769        0.9390
    650.8827        0.9573
    650.8885        0.9757
    650.8943        0.9834
    650.9001        0.9871
    650.9058        0.9904
    650.9116        0.9929
    650.9174        0.9923
    650.9232        0.9908
    650.9290        0.9909
    650.9348        0.9917
    650.9406        0.9924
    650.9463        0.9924
    650.9521        0.9936
    650.9579        0.9961
    650.9637        0.9969
    650.9695        0.9962
    650.9753        0.9958
    650.9811        0.9952
    650.9868        0.9955
    650.9926        0.9972
    650.9984        0.9989
    651.0042        1.0008
    651.0100        1.0017
    651.0158        1.0004
    651.0215        0.9981
    651.0273        0.9960
    651.0331        0.9967
    651.0389        1.0006
    651.0447        1.0027
    651.0505        1.0004
    651.0563        0.9977
    651.0620        0.9967
    651.0678        0.9967
    651.0736        0.9980
    651.0794        0.9994
    651.0852        0.9998
    651.0910        0.9997
    651.0968        1.0004
    651.1025        1.0017
    651.1083        1.0014
    651.1141        1.0005
    651.1199        0.9987
    651.1257        0.9965
    651.1315        0.9969
    651.1372        0.9980
    651.1430        0.9970
    651.1488        0.9953
    651.1546        0.9934
    651.1604        0.9918
    651.1662        0.9880
    651.1720        0.9833
    651.1777        0.9679
    651.1835        0.9495
    651.1893        0.9355
    651.1951        0.9215
    651.2009        0.9132
    651.2067        0.9044
    651.2125        0.9053
    651.2182        0.9116
    651.2240        0.9236
    651.2298        0.9368
    651.2356        0.9509
    651.2414        0.9665
    651.2472        0.9780
    651.2529        0.9879
    651.2587        0.9938
    651.2645        0.9974
    651.2703        0.9996
    651.2761        1.0009
    651.2819        1.0006
    651.2877        0.9992
    651.2934        0.9987
    651.2992        0.9992
    651.3050        1.0001
    651.3108        1.0009
    651.3166        0.9999
    651.3224        0.9974
    651.3282        0.9953
    651.3339        0.9939
    651.3397        0.9896
    651.3455        0.9810
    651.3513        0.9743
    651.3571        0.9708
    651.3629        0.9699
    651.3686        0.9717
    651.3744        0.9739
    651.3802        0.9761
    651.3860        0.9791
    651.3918        0.9834
    651.3976        0.9850
    651.4034        0.9803
    651.4091        0.9716
    651.4149        0.9585
    651.4207        0.9460
    651.4265        0.9369
    651.4323        0.9285
    651.4381        0.9195
    651.4439        0.9059
    651.4496        0.8744
    651.4554        0.8376
    651.4612        0.7994
    651.4670        0.7646
    651.4728        0.7695
    651.4786        0.7890
    651.4843        0.8318
    651.4901        0.8814
    651.4959        0.9134
    651.5017        0.9415
    651.5075        0.9582
    651.5133        0.9708
    651.5191        0.9755
    651.5248        0.9779
    651.5306        0.9778
    651.5364        0.9764
    651.5422        0.9731
    651.5480        0.9708
    651.5538        0.9589
    651.5596        0.9439
    651.5653        0.9249
    651.5711        0.9027
    651.5769        0.8920
    651.5827        0.8841
    651.5885        0.8897
    651.5943        0.9025
    651.6000        0.9174
    651.6058        0.9348
    651.6116        0.9361
    651.6174        0.9318
    651.6232        0.9033
    651.6290        0.8608
    651.6348        0.8062
    651.6405        0.7416
    651.6463        0.6906
    651.6521        0.6446
    651.6579        0.6450
    651.6637        0.6813
    651.6695        0.7322
    651.6753        0.7939
    651.6810        0.8384
    651.6868        0.8666
    651.6926        0.8759
    651.6984        0.8671
    651.7042        0.8645
    651.7100        0.8719
    651.7157        0.8882
    651.7215        0.9147
    651.7273        0.9389
    651.7331        0.9570
    651.7389        0.9699
    651.7447        0.9770
    651.7505        0.9814
    651.7562        0.9835
    651.7620        0.9812
    651.7678        0.9727
    651.7736        0.9609
    651.7794        0.9440
    651.7852        0.9269
    651.7910        0.9134
    651.7967        0.9053
    651.8025        0.9094
    651.8083        0.9192
    651.8141        0.9387
    651.8199        0.9594
    651.8257        0.9716
    651.8314        0.9806
    651.8372        0.9839
    651.8430        0.9847
    651.8488        0.9831
    651.8546        0.9802
    651.8604        0.9761
    651.8662        0.9720
    651.8719        0.9714
    651.8777        0.9718
    651.8835        0.9704
    651.8893        0.9686
    651.8951        0.9622
    651.9009        0.9545
    651.9067        0.9458
    651.9124        0.9378
    651.9182        0.9200
    651.9240        0.8989
    651.9298        0.8779
    651.9356        0.8533
    651.9414        0.8465
    651.9471        0.8435
    651.9529        0.8660
    651.9587        0.8988
    651.9645        0.9280
    651.9703        0.9583
    651.9761        0.9755
    651.9819        0.9879
    651.9876        0.9937
    651.9934        0.9958
    651.9992        0.9991
    652.0050        1.0031
    652.0108        1.0026
    652.0166        1.0001
    652.0224        0.9996
    652.0281        0.9998
    652.0339        0.9996
    652.0397        0.9997
    652.0455        1.0005
    652.0513        1.0016
    652.0571        1.0018
    652.0628        1.0014
    652.0686        1.0020
    652.0744        1.0030
    652.0802        1.0030
    652.0860        1.0029
    652.0918        1.0022
    652.0976        1.0003
    652.1033        0.9991
    652.1091        0.9988
    652.1149        0.9990
    652.1207        0.9993
    652.1265        0.9997
    652.1323        0.9992
    652.1381        0.9987
    652.1438        0.9993
    652.1496        0.9996
    652.1554        0.9982
    652.1612        0.9952
    652.1670        0.9902
    652.1728        0.9860
    652.1785        0.9835
    652.1843        0.9802
    652.1901        0.9760
    652.1959        0.9722
    652.2017        0.9676
    652.2075        0.9649
    652.2133        0.9669
    652.2190        0.9688
    652.2248        0.9696
    652.2306        0.9727
    652.2364        0.9799
    652.2422        0.9860
    652.2480        0.9876
    652.2538        0.9890
    652.2595        0.9909
    652.2653        0.9923
    652.2711        0.9935
    652.2769        0.9938
    652.2827        0.9907
    652.2885        0.9870
    652.2942        0.9845
    652.3000        0.9818
    652.3058        0.9778
    652.3116        0.9734
    652.3174        0.9643
    652.3232        0.9531
    652.3290        0.9510
    652.3347        0.9521
    652.3405        0.9508
    652.3463        0.9493
    652.3521        0.9343
    652.3579        0.9161
    652.3637        0.8916
    652.3695        0.8626
    652.3752        0.8472
    652.3810        0.8321
    652.3868        0.8512
    652.3926        0.8815
    652.3984        0.9085
    652.4042        0.9395
    652.4099        0.9585
    652.4157        0.9719
    652.4215        0.9809
    652.4273        0.9891
    652.4331        0.9927
    652.4389        0.9941
    652.4447        0.9935
    652.4504        0.9915
    652.4562        0.9921
    652.4620        0.9939
    652.4678        0.9965
    652.4736        0.9996
    652.4794        1.0008
    652.4852        1.0016
    652.4909        1.0012
    652.4967        0.9997
    652.5025        0.9999
    652.5083        1.0018
    652.5141        1.0020
    652.5199        1.0005
    652.5256        0.9986
    652.5314        0.9975
    652.5372        0.9966
    652.5430        0.9952
    652.5488        0.9938
    652.5546        0.9931
    652.5604        0.9898
    652.5661        0.9839
    652.5719        0.9802
    652.5777        0.9784
    652.5835        0.9793
    652.5893        0.9837
    652.5951        0.9888
    652.6009        0.9927
    652.6066        0.9953
    652.6124        0.9979
    652.6182        0.9990
    652.6240        0.9983
    652.6298        0.9992
    652.6356        1.0018
    652.6413        1.0030
    652.6471        1.0031
    652.6529        1.0036
    652.6587        1.0051
    652.6645        1.0055
    652.6703        1.0043
    652.6761        1.0029
    652.6818        1.0011
    652.6876        1.0005
    652.6934        1.0029
    652.6992        1.0047
    652.7050        1.0031
    652.7108        1.0011
    652.7166        0.9993
    652.7223        0.9975
    652.7281        0.9951
    652.7339        0.9924
    652.7397        0.9902
    652.7455        0.9888
    652.7513        0.9887
    652.7570        0.9890
    652.7628        0.9910
    652.7686        0.9936
    652.7744        0.9962
    652.7802        0.9985
    652.7860        0.9992
    652.7918        1.0000
    652.7975        1.0018
    652.8033        1.0036
    652.8091        1.0037
    652.8149        1.0034
    652.8207        1.0056
    652.8265        1.0084
    652.8323        1.0065
    652.8380        1.0038
    652.8438        1.0045
    652.8496        1.0055
    652.8554        1.0049
    652.8612        1.0039
    652.8670        1.0048
    652.8727        1.0064
    652.8785        1.0040
    652.8843        1.0003
    652.8901        1.0019
    652.8959        1.0056
    652.9017        1.0052
    652.9075        1.0024
    652.9132        1.0030
    652.9190        1.0042
    652.9248        1.0076
    652.9306        1.0130
    652.9364        1.0107
    652.9422        1.0051
    652.9480        1.0027
    652.9537        1.0016
    652.9595        1.0004
    652.9653        0.9992
    652.9711        0.9985
    652.9769        0.9982
    652.9827        0.9972
    652.9884        0.9956
    652.9942        0.9964
    653.0000        0.9981
    653.0058        0.9995
    653.0116        1.0018
    653.0174        0.9994
    653.0232        0.9947
    653.0289        0.9902
    653.0347        0.9858
    653.0405        0.9766
    653.0463        0.9631
    653.0521        0.9583
    653.0579        0.9593
    653.0637        0.9674
    653.0694        0.9791
    653.0752        0.9868
    653.0810        0.9928
    653.0868        0.9975
    653.0926        1.0006
    653.0984        1.0004
    653.1041        0.9987
    653.1099        0.9987
    653.1157        0.9994
    653.1215        0.9998
    653.1273        1.0002
    653.1331        1.0018
    653.1389        1.0046
    653.1446        1.0052
    653.1504        1.0041
    653.1562        1.0038
    653.1620        1.0037
    653.1678        1.0036
    653.1736        1.0035
    653.1794        1.0023
    653.1851        1.0008
    653.1909        0.9960
    653.1967        0.9888
    653.2025        0.9717
    653.2083        0.9442
    653.2141        0.9147
    653.2198        0.8835
    653.2256        0.8597
    653.2314        0.8438
    653.2372        0.8460
    653.2430        0.8685
    653.2488        0.8968
    653.2546        0.9281
    653.2603        0.9551
    653.2661        0.9755
    653.2719        0.9894
    653.2777        0.9958
    653.2835        0.9984
    653.2893        0.9978
    653.2951        0.9981
    653.3008        1.0025
    653.3066        1.0057
    653.3124        1.0043
    653.3182        1.0021
    653.3240        1.0013
    653.3298        1.0004
    653.3355        0.9992
    653.3413        0.9987
    653.3471        0.9978
    653.3529        0.9957
    653.3587        0.9932
    653.3645        0.9879
    653.3703        0.9767
    653.3760        0.9631
    653.3818        0.9464
    653.3876        0.9301
    653.3934        0.9178
    653.3992        0.9094
    653.4050        0.9120
    653.4108        0.9209
    653.4165        0.9388
    653.4223        0.9565
    653.4281        0.9640
    653.4339        0.9692
    653.4397        0.9757
    653.4455        0.9806
    653.4512        0.9782
    653.4570        0.9750
    653.4628        0.9754
    653.4686        0.9762
    653.4744        0.9759
    653.4802        0.9753
    653.4860        0.9765
    653.4917        0.9785
    653.4975        0.9795
    653.5033        0.9801
    653.5091        0.9822
    653.5149        0.9854
    653.5207        0.9905
    653.5265        0.9958
    653.5322        0.9992
    653.5380        1.0017
    653.5438        1.0003
    653.5496        0.9985
    653.5554        0.9990
    653.5612        0.9995
    653.5669        1.0004
    653.5727        1.0008
    653.5785        0.9999
    653.5843        0.9993
    653.5901        0.9964
    653.5959        0.9926
    653.6017        0.9913
    653.6074        0.9907
    653.6132        0.9915
    653.6190        0.9930
    653.6248        0.9931
    653.6306        0.9923
    653.6364        0.9906
    653.6422        0.9893
    653.6479        0.9779
    653.6537        0.9631
    653.6595        0.9529
    653.6653        0.9429
    653.6711        0.9409
    653.6769        0.9419
    653.6826        0.9558
    653.6884        0.9722
    653.6942        0.9816
    653.7000        0.9914
    653.7058        0.9941
    653.7116        0.9934
    653.7174        0.9945
    653.7231        0.9970
    653.7289        0.9967
    653.7347        0.9949
    653.7405        0.9951
    653.7463        0.9958
    653.7521        0.9952
    653.7579        0.9952
    653.7636        0.9962
    653.7694        0.9965
    653.7752        0.9987
    653.7810        1.0017
    653.7868        1.0014
    653.7926        1.0002
    653.7983        1.0002
    653.8041        0.9999
    653.8099        0.9980
    653.8157        0.9960
    653.8215        0.9971
    653.8273        0.9999
    653.8331        1.0000
    653.8388        0.9992
    653.8446        0.9979
    653.8504        0.9955
    653.8562        0.9959
    653.8620        0.9988
    653.8678        0.9978
    653.8736        0.9944
    653.8793        0.9948
    653.8851        0.9971
    653.8909        0.9980
    653.8967        0.9975
    653.9025        0.9986
    653.9083        1.0008
    653.9140        0.9990
    653.9198        0.9963
    653.9256        0.9942
    653.9314        0.9907
    653.9372        0.9893
    653.9430        0.9902
    653.9488        0.9910
    653.9545        0.9910
    653.9603        0.9919
    653.9661        0.9946
    653.9719        0.9964
    653.9777        0.9973
    653.9835        0.9997
    653.9893        1.0028
    653.9950        1.0004
    654.0008        0.9951
    654.0066        0.9929
    654.0124        0.9926
    654.0182        0.9908
    654.0240        0.9877
    654.0297        0.9848
    654.0355        0.9814
    654.0413        0.9797
    654.0471        0.9802
    654.0529        0.9806
    654.0587        0.9804
    654.0645        0.9836
    654.0702        0.9892
    654.0760        0.9919
    654.0818        0.9922
    654.0876        0.9933
    654.0934        0.9956
    654.0992        0.9970
    654.1050        0.9976
    654.1107        0.9961
    654.1165        0.9925
    654.1223        0.9899
    654.1281        0.9889
    654.1339        0.9902
    654.1397        0.9927
    654.1454        0.9936
    654.1512        0.9944
    654.1570        0.9946
    654.1628        0.9926
    654.1686        0.9913
    654.1744        0.9918
    654.1802        0.9904
    654.1859        0.9870
    654.1917        0.9786
    654.1975        0.9658
    654.2033        0.9532
    654.2091        0.9411
    654.2149        0.9281
    654.2207        0.9134
    654.2264        0.9074
    654.2322        0.9104
    654.2380        0.9208
    654.2438        0.9381
    654.2496        0.9535
    654.2554        0.9656
    654.2611        0.9726
    654.2669        0.9743
    654.2727        0.9755
    654.2785        0.9773
    654.2843        0.9781
    654.2901        0.9778
    654.2959        0.9772
    654.3016        0.9762
    654.3074        0.9767
    654.3132        0.9800
    654.3190        0.9808
    654.3248        0.9766
    654.3306        0.9739
    654.3364        0.9743
    654.3421        0.9714
    654.3479        0.9655
    654.3537        0.9518
    654.3595        0.9285
    654.3653        0.8956
    654.3711        0.8514
    654.3768        0.8126
    654.3826        0.7829
    654.3884        0.7729
    654.3942        0.7879
    654.4000        0.8164
    654.4058        0.8558
    654.4116        0.8931
    654.4173        0.9252
    654.4231        0.9485
    654.4289        0.9602
    654.4347        0.9679
    654.4405        0.9733
    654.4463        0.9765
    654.4521        0.9777
    654.4578        0.9784
    654.4636        0.9787
    654.4694        0.9784
    654.4752        0.9772
    654.4810        0.9762
    654.4868        0.9756
    654.4925        0.9747
    654.4983        0.9732
    654.5041        0.9723
    654.5099        0.9724
    654.5157        0.9734
    654.5215        0.9764
    654.5273        0.9790
    654.5330        0.9780
    654.5388        0.9748
    654.5446        0.9712
    654.5504        0.9661
    654.5562        0.9572
    654.5620        0.9483
    654.5678        0.9409
    654.5735        0.9371
    654.5793        0.9387
    654.5851        0.9430
    654.5909        0.9504
    654.5967        0.9582
    654.6025        0.9654
    654.6082        0.9715
    654.6140        0.9747
    654.6198        0.9762
    654.6256        0.9768
    654.6314        0.9781
    654.6372        0.9813
    654.6430        0.9837
    654.6487        0.9824
    654.6545        0.9792
    654.6603        0.9751
    654.6661        0.9732
    654.6719        0.9751
    654.6777        0.9763
    654.6835        0.9741
    654.6892        0.9718
    654.6950        0.9720
    654.7008        0.9726
    654.7066        0.9720
    654.7124        0.9712
    654.7182        0.9721
    654.7239        0.9715
    654.7297        0.9673
    654.7355        0.9585
    654.7413        0.9426
    654.7471        0.9250
    654.7529        0.9061
    654.7587        0.8895
    654.7644        0.8795
    654.7702        0.8776
    654.7760        0.8904
    654.7818        0.9078
    654.7876        0.9260
    654.7934        0.9416
    654.7992        0.9515
    654.8049        0.9579
    654.8107        0.9592
    654.8165        0.9558
    654.8223        0.9462
    654.8281        0.9318
    654.8339        0.9106
    654.8396        0.8849
    654.8454        0.8529
    654.8512        0.8248
    654.8570        0.8084
    654.8628        0.8056
    654.8686        0.8266
    654.8744        0.8546
    654.8801        0.8841
    654.8859        0.9104
    654.8917        0.9272
    654.8975        0.9383
    654.9033        0.9429
    654.9091        0.9458
    654.9149        0.9493
    654.9206        0.9532
    654.9264        0.9578
    654.9322        0.9628
    654.9380        0.9686
    654.9438        0.9719
    654.9496        0.9696
    654.9553        0.9675
    654.9611        0.9664
    654.9669        0.9651
    654.9727        0.9660
    654.9785        0.9668
    654.9843        0.9650
    654.9901        0.9635
    654.9958        0.9645
    655.0016        0.9653
    655.0074        0.9641
    655.0132        0.9631
    655.0190        0.9643
    655.0248        0.9661
    655.0306        0.9682
    655.0363        0.9686
    655.0421        0.9669
    655.0479        0.9658
    655.0537        0.9662
    655.0595        0.9665
    655.0653        0.9667
    655.0710        0.9669
    655.0768        0.9666
    655.0826        0.9663
    655.0884        0.9649
    655.0942        0.9638
    655.1000        0.9637
    655.1058        0.9641
    655.1115        0.9642
    655.1173        0.9639
    655.1231        0.9627
    655.1289        0.9618
    655.1347        0.9633
    655.1405        0.9638
    655.1463        0.9592
    655.1520        0.9546
    655.1578        0.9532
    655.1636        0.9523
    655.1694        0.9511
    655.1752        0.9491
    655.1810        0.9452
    655.1867        0.9400
    655.1925        0.9333
    655.1983        0.9285
    655.2041        0.9277
    655.2099        0.9284
    655.2157        0.9301
    655.2215        0.9271
    655.2272        0.9155
    655.2330        0.8963
    655.2388        0.8652
    655.2446        0.8319
    655.2504        0.7991
    655.2562        0.7759
    655.2620        0.7694
    655.2677        0.7800
    655.2735        0.8146
    655.2793        0.8505
    655.2851        0.8790
    655.2909        0.9031
    655.2967        0.9196
    655.3024        0.9315
    655.3082        0.9393
    655.3140        0.9433
    655.3198        0.9428
    655.3256        0.9429
    655.3314        0.9458
    655.3372        0.9455
    655.3429        0.9392
    655.3487        0.9296
    655.3545        0.9154
    655.3603        0.9016
    655.3661        0.8901
    655.3719        0.8816
    655.3777        0.8778
    655.3834        0.8811
    655.3892        0.8938
    655.3950        0.9070
    655.4008        0.9179
    655.4066        0.9262
    655.4124        0.9307
    655.4181        0.9332
    655.4239        0.9346
    655.4297        0.9370
    655.4355        0.9404
    655.4413        0.9413
    655.4471        0.9388
    655.4529        0.9376
    655.4586        0.9390
    655.4644        0.9399
    655.4702        0.9398
    655.4760        0.9399
    655.4818        0.9392
    655.4876        0.9392
    655.4934        0.9402
    655.4991        0.9411
    655.5049        0.9410
    655.5107        0.9410
    655.5165        0.9411
    655.5223        0.9433
    655.5281        0.9482
    655.5338        0.9512
    655.5396        0.9513
    655.5454        0.9531
    655.5512        0.9573
    655.5570        0.9590
    655.5628        0.9572
    655.5686        0.9568
    655.5743        0.9591
    655.5801        0.9621
    655.5859        0.9643
    655.5917        0.9664
    655.5975        0.9694
    655.6033        0.9741
    655.6091        0.9798
    655.6148        0.9815
    655.6206        0.9790
    655.6264        0.9795
    655.6322        0.9834
    655.6380        0.9876
    655.6438        0.9910
    655.6495        0.9929
    655.6553        0.9945
    655.6611        0.9974
    655.6669        1.0013
    655.6727        1.0020
    655.6785        0.9999
    655.6843        0.9918
    655.6900        0.9790
    655.6958        0.9612
    655.7016        0.9373
    655.7074        0.9223
    655.7132        0.9161
    655.7190        0.9249
    655.7248        0.9453
    655.7305        0.9717
    655.7363        1.0031
    655.7421        1.0264
    655.7479        1.0419
    655.7537        1.0534
    655.7595        1.0633
    655.7652        1.0719
    655.7710        1.0797
    655.7768        1.0824
    655.7826        1.0811
    655.7884        1.0776
    655.7942        1.0729
    655.8000        1.0729
    655.8057        1.0755
    655.8115        1.0861
    655.8173        1.1018
    655.8231        1.1201
    655.8289        1.1412
    655.8347        1.1624
    655.8405        1.1828
    655.8462        1.2009
    655.8520        1.2182
    655.8578        1.2361
    655.8636        1.2534
    655.8694        1.2746
    655.8752        1.2998
    655.8809        1.3215
    655.8867        1.3399
    655.8925        1.3579
    655.8983        1.3774
    655.9041        1.3970
    655.9099        1.4147
    655.9157        1.4338
    655.9214        1.4548
    655.9272        1.4757
    655.9330        1.4954
    655.9388        1.5170
    655.9446        1.5410
    655.9504        1.5639
    655.9562        1.5847
    655.9619        1.6086
    655.9677        1.6345
    655.9735        1.6584
    655.9793        1.6814
    655.9851        1.7068
    655.9909        1.7337
    655.9966        1.7556
    656.0024        1.7762
    656.0082        1.7926
    656.0140        1.8078
    656.0198        1.8100
    656.0256        1.8058
    656.0314        1.8013
    656.0371        1.7948
    656.0429        1.8009
    656.0487        1.8120
    656.0545        1.8343
    656.0603        1.8620
    656.0661        1.8843
    656.0719        1.9058
    656.0776        1.9157
    656.0834        1.9213
    656.0892        1.9226
    656.0950        1.9211
    656.1008        1.9188
    656.1066        1.9158
    656.1123        1.9220
    656.1181        1.9319
    656.1239        1.9453
    656.1297        1.9608
    656.1355        1.9613
    656.1413        1.9589
    656.1471        1.9491
    656.1528        1.9362
    656.1586        1.9154
    656.1644        1.8935
    656.1702        1.8675
    656.1760        1.8384
    656.1818        1.8078
    656.1876        1.7773
    656.1933        1.7413
    656.1991        1.7045
    656.2049        1.6643
    656.2107        1.6215
    656.2165        1.5702
    656.2223        1.5176
    656.2280        1.4702
    656.2338        1.4227
    656.2396        1.3803
    656.2454        1.3396
    656.2512        1.3096
    656.2570        1.2838
    656.2628        1.2780
    656.2685        1.2783
    656.2743        1.2920
    656.2801        1.3113
    656.2859        1.3405
    656.2917        1.3740
    656.2975        1.4173
    656.3033        1.4634
    656.3090        1.5045
    656.3148        1.5431
    656.3206        1.5760
    656.3264        1.6073
    656.3322        1.6303
    656.3380        1.6506
    656.3437        1.6742
    656.3495        1.7008
    656.3553        1.7387
    656.3611        1.7787
    656.3669        1.8138
    656.3727        1.8434
    656.3785        1.8531
    656.3842        1.8526
    656.3900        1.8264
    656.3958        1.7904
    656.4016        1.7526
    656.4074        1.7207
    656.4132        1.7138
    656.4190        1.7217
    656.4247        1.7565
    656.4305        1.8005
    656.4363        1.8486
    656.4421        1.8929
    656.4479        1.9197
    656.4537        1.9375
    656.4594        1.9438
    656.4652        1.9436
    656.4710        1.9365
    656.4768        1.9270
    656.4826        1.9180
    656.4884        1.9096
    656.4942        1.8999
    656.4999        1.8877
    656.5057        1.8721
    656.5115        1.8543
    656.5173        1.8348
    656.5231        1.8156
    656.5289        1.7966
    656.5347        1.7758
    656.5404        1.7531
    656.5462        1.7297
    656.5520        1.7052
    656.5578        1.6801
    656.5636        1.6539
    656.5694        1.6296
    656.5751        1.6088
    656.5809        1.5886
    656.5867        1.5668
    656.5925        1.5440
    656.5983        1.5208
    656.6041        1.4972
    656.6099        1.4742
    656.6156        1.4523
    656.6214        1.4302
    656.6272        1.4086
    656.6330        1.3879
    656.6388        1.3675
    656.6446        1.3467
    656.6504        1.3281
    656.6561        1.3120
    656.6619        1.2953
    656.6677        1.2779
    656.6735        1.2645
    656.6793        1.2531
    656.6851        1.2415
    656.6908        1.2313
    656.6966        1.2201
    656.7024        1.2070
    656.7082        1.1934
    656.7140        1.1788
    656.7198        1.1669
    656.7256        1.1577
    656.7313        1.1481
    656.7371        1.1377
    656.7429        1.1283
    656.7487        1.1201
    656.7545        1.1099
    656.7603        1.0981
    656.7661        1.0894
    656.7718        1.0835
    656.7776        1.0765
    656.7834        1.0685
    656.7892        1.0639
    656.7950        1.0604
    656.8008        1.0529
    656.8065        1.0438
    656.8123        1.0397
    656.8181        1.0382
    656.8239        1.0342
    656.8297        1.0286
    656.8355        1.0200
    656.8413        1.0099
    656.8470        0.9975
    656.8528        0.9852
    656.8586        0.9738
    656.8644        0.9604
    656.8702        0.9532
    656.8760        0.9480
    656.8818        0.9461
    656.8875        0.9460
    656.8933        0.9498
    656.8991        0.9552
    656.9049        0.9580
    656.9107        0.9608
    656.9165        0.9636
    656.9222        0.9653
    656.9280        0.9636
    656.9338        0.9615
    656.9396        0.9607
    656.9454        0.9601
    656.9512        0.9610
    656.9570        0.9619
    656.9627        0.9627
    656.9685        0.9642
    656.9743        0.9644
    656.9801        0.9634
    656.9859        0.9600
    656.9917        0.9566
    656.9975        0.9543
    657.0032        0.9529
    657.0090        0.9523
    657.0148        0.9509
    657.0206        0.9520
    657.0264        0.9537
    657.0322        0.9504
    657.0379        0.9468
    657.0437        0.9449
    657.0495        0.9423
    657.0553        0.9399
    657.0611        0.9387
    657.0669        0.9392
    657.0727        0.9399
    657.0784        0.9387
    657.0842        0.9381
    657.0900        0.9402
    657.0958        0.9429
    657.1016        0.9477
    657.1074        0.9520
    657.1132        0.9520
    657.1189        0.9511
    657.1247        0.9518
    657.1305        0.9520
    657.1363        0.9511
    657.1421        0.9505
    657.1479        0.9500
    657.1536        0.9491
    657.1594        0.9479
    657.1652        0.9431
    657.1710        0.9326
    657.1768        0.9172
    657.1826        0.8963
    657.1884        0.8732
    657.1941        0.8477
    657.1999        0.8297
    657.2057        0.8213
    657.2115        0.8262
    657.2173        0.8453
    657.2231        0.8692
    657.2289        0.8951
    657.2346        0.9160
    657.2404        0.9314
    657.2462        0.9419
    657.2520        0.9485
    657.2578        0.9537
    657.2636        0.9583
    657.2693        0.9605
    657.2751        0.9623
    657.2809        0.9631
    657.2867        0.9633
    657.2925        0.9632
    657.2983        0.9617
    657.3041        0.9616
    657.3098        0.9627
    657.3156        0.9638
    657.3214        0.9649
    657.3272        0.9638
    657.3330        0.9616
    657.3388        0.9583
    657.3446        0.9540
    657.3503        0.9531
    657.3561        0.9541
    657.3619        0.9547
    657.3677        0.9544
    657.3735        0.9559
    657.3793        0.9591
    657.3850        0.9608
    657.3908        0.9616
    657.3966        0.9631
    657.4024        0.9652
    657.4082        0.9664
    657.4140        0.9669
    657.4198        0.9675
    657.4255        0.9685
    657.4313        0.9658
    657.4371        0.9632
    657.4429        0.9556
    657.4487        0.9468
    657.4545        0.9226
    657.4603        0.8936
    657.4660        0.8610
    657.4718        0.8250
    657.4776        0.8078
    657.4834        0.7960
    657.4892        0.8097
    657.4950        0.8324
    657.5007        0.8634
    657.5065        0.8976
    657.5123        0.9241
    657.5181        0.9476
    657.5239        0.9609
    657.5297        0.9715
    657.5355        0.9785
    657.5412        0.9825
    657.5470        0.9837
    657.5528        0.9840
    657.5586        0.9830
    657.5644        0.9812
    657.5702        0.9796
    657.5760        0.9786
    657.5817        0.9792
    657.5875        0.9796
    657.5933        0.9776
    657.5991        0.9759
    657.6049        0.9781
    657.6107        0.9788
    657.6164        0.9723
    657.6222        0.9674
    657.6280        0.9704
    657.6338        0.9742
    657.6396        0.9759
    657.6454        0.9775
    657.6512        0.9782
    657.6569        0.9787
    657.6627        0.9806
    657.6685        0.9837
    657.6743        0.9878
    657.6801        0.9899
    657.6859        0.9888
    657.6917        0.9879
    657.6974        0.9887
    657.7032        0.9903
    657.7090        0.9927
    657.7148        0.9946
    657.7206        0.9958
    657.7264        0.9970
    657.7321        0.9973
    657.7379        0.9962
    657.7437        0.9951
    657.7495        0.9952
    657.7553        0.9958
    657.7611        0.9959
    657.7669        0.9959
    657.7726        0.9963
    657.7784        0.9965
    657.7842        0.9978
    657.7900        0.9999
    657.7958        0.9987
    657.8016        0.9955
    657.8074        0.9965
    657.8131        1.0000
    657.8189        1.0001
    657.8247        0.9987
    657.8305        0.9982
    657.8363        0.9971
    657.8421        0.9972
    657.8478        0.9980
    657.8536        0.9989
    657.8594        1.0004
    657.8652        1.0003
    657.8710        0.9993
    657.8768        0.9989
    657.8826        0.9992
    657.8883        0.9960
    657.8941        0.9918
    657.8999        0.9909
    657.9057        0.9901
    657.9115        0.9912
    657.9173        0.9936
    657.9231        0.9961
    657.9288        0.9977
    657.9346        1.0008
    657.9404        1.0054
    657.9462        1.0086
    657.9520        1.0102
    657.9578        1.0083
    657.9635        1.0057
    657.9693        1.0037
    657.9751        1.0024
    657.9809        1.0036
    657.9867        1.0047
    657.9925        1.0026
    657.9983        1.0006
    658.0040        1.0024
    658.0098        1.0046
    658.0156        1.0042
    658.0214        1.0030
    658.0272        1.0022
    658.0330        1.0014
    658.0388        0.9993
    658.0445        0.9950
    658.0503        0.9873
    658.0561        0.9767
    658.0619        0.9626
    658.0677        0.9521
    658.0735        0.9470
    658.0792        0.9464
    658.0850        0.9512
    658.0908        0.9596
    658.0966        0.9716
    658.1024        0.9836
    658.1082        0.9937
    658.1140        1.0009
    658.1197        1.0057
    658.1255        1.0083
    658.1313        1.0098
    658.1371        1.0127
    658.1429        1.0159
    658.1487        1.0169
    658.1545        1.0174
    658.1602        1.0167
    658.1660        1.0145
    658.1718        1.0131
    658.1776        1.0134
    658.1834        1.0121
    658.1892        1.0081
    658.1949        1.0084
    658.2007        1.0118
    658.2065        1.0113
    658.2123        1.0086
    658.2181        1.0062
    658.2239        1.0046
    658.2297        1.0035
    658.2354        1.0025
    658.2412        1.0022
    658.2470        1.0021
    658.2528        1.0037
    658.2586        1.0055
    658.2644        1.0058
    658.2702        1.0069
    658.2759        1.0087
    658.2817        1.0097
    658.2875        1.0098
    658.2933        1.0098
    658.2991        1.0106
    658.3049        1.0113
    658.3106        1.0033
    658.3164        0.9924
    658.3222        0.9868
    658.3280        0.9830
    658.3338        0.9775
    658.3396        0.9721
    658.3454        0.9716
    658.3511        0.9729
    658.3569        0.9784
    658.3627        0.9857
    658.3685        0.9922
    658.3743        0.9984
    658.3801        1.0046
    658.3859        1.0102
    658.3916        1.0136
    658.3974        1.0159
    658.4032        1.0177
    658.4090        1.0197
    658.4148        1.0225
    658.4206        1.0239
    658.4263        1.0222
    658.4321        1.0210
    658.4379        1.0228
    658.4437        1.0223
    658.4495        1.0179
    658.4553        1.0165
    658.4611        1.0188
    658.4668        1.0204
    658.4726        1.0217
    658.4784        1.0220
    658.4842        1.0208
    658.4900        1.0213
    658.4958        1.0232
    658.5016        1.0206
    658.5073        1.0149
    658.5131        1.0130
    658.5189        1.0139
    658.5247        1.0118
    658.5305        1.0071
    658.5363        1.0060
    658.5420        1.0068
    658.5478        1.0057
    658.5536        1.0036
    658.5594        1.0009
    658.5652        0.9969
    658.5710        0.9982
    658.5768        1.0028
    658.5825        1.0060
    658.5883        1.0077
    658.5941        1.0094
    658.5999        1.0115
    658.6057        1.0096
    658.6115        1.0082
    658.6173        1.0014
    658.6230        0.9920
    658.6288        0.9765
    658.6346        0.9593
    658.6404        0.9449
    658.6462        0.9319
    658.6520        0.9279
    658.6577        0.9270
    658.6635        0.9353
    658.6693        0.9475
    658.6751        0.9600
    658.6809        0.9725
    658.6867        0.9844
    658.6925        0.9959
    658.6982        1.0046
    658.7040        1.0113
    658.7098        1.0144
    658.7156        1.0161
    658.7214        1.0183
    658.7272        1.0209
    658.7330        1.0238
    658.7387        1.0253
    658.7445        1.0244
    658.7503        1.0225
    658.7561        1.0203
    658.7619        1.0199
    658.7677        1.0215
    658.7734        1.0218
    658.7792        1.0212
    658.7850        1.0202
    658.7908        1.0184
    658.7966        1.0170
    658.8024        1.0160
    658.8082        1.0171
    658.8139        1.0200
    658.8197        1.0207
    658.8255        1.0194
    658.8313        1.0174
    658.8371        1.0151
    658.8429        1.0130
    658.8487        1.0115
    658.8544        1.0120
    658.8602        1.0119
    658.8660        1.0136
    658.8718        1.0176
    658.8776        1.0194
    658.8834        1.0193
    658.8891        1.0193
    658.8949        1.0192
    658.9007        1.0190
    658.9065        1.0194
    658.9123        1.0209
    658.9181        1.0219
    658.9239        1.0253
    658.9296        1.0304
    658.9354        1.0271
    658.9412        1.0208
    658.9470        1.0205
    658.9528        1.0217
    658.9586        1.0226
    658.9644        1.0235
    658.9701        1.0239
    658.9759        1.0235
    658.9817        1.0233
    658.9875        1.0238
    658.9933        1.0238
    658.9991        1.0235
    659.0048        1.0241
    659.0106        1.0250
    659.0164        1.0253
    659.0222        1.0258
    659.0280        1.0275
    659.0338        1.0293
    659.0396        1.0295
    659.0453        1.0275
    659.0511        1.0239
    659.0569        1.0226
    659.0627        1.0246
    659.0685        1.0252
    659.0743        1.0239
    659.0801        1.0243
    659.0858        1.0259
    659.0916        1.0250
    659.0974        1.0220
    659.1032        1.0203
    659.1090        1.0194
    659.1148        1.0189
    659.1205        1.0183
    659.1263        1.0189
    659.1321        1.0209
    659.1379        1.0210
    659.1437        1.0191
    659.1495        1.0199
    659.1553        1.0220
    659.1610        1.0236
    659.1668        1.0255
    659.1726        1.0264
    659.1784        1.0266
    659.1842        1.0267
    659.1900        1.0269
    659.1958        1.0248
    659.2015        1.0213
    659.2073        1.0228
    659.2131        1.0258
    659.2189        1.0245
    659.2247        1.0223
    659.2305        1.0204
    659.2362        1.0189
    659.2420        1.0214
    659.2478        1.0247
    659.2536        1.0244
    659.2594        1.0226
    659.2652        1.0200
    659.2710        1.0175
    659.2767        1.0166
    659.2825        1.0151
    659.2883        1.0120
    659.2941        1.0097
    659.2999        1.0090
    659.3057        1.0083
    659.3115        1.0072
    659.3172        1.0074
    659.3230        1.0093
    659.3288        1.0114
    659.3346        1.0134
    659.3404        1.0157
    659.3462        1.0186
    659.3519        1.0206
    659.3577        1.0208
    659.3635        1.0216
    659.3693        1.0238
    659.3751        1.0242
    659.3809        1.0226
    659.3867        1.0206
    659.3924        1.0181
    659.3982        1.0146
    659.4040        1.0108
    659.4098        1.0060
    659.4156        1.0015
    659.4214        0.9971
    659.4272        0.9917
    659.4329        0.9898
    659.4387        0.9898
    659.4445        0.9924
    659.4503        0.9947
    659.4561        0.9982
    659.4619        1.0045
    659.4676        1.0090
    659.4734        1.0119
    659.4792        1.0123
    659.4850        1.0129
    659.4908        1.0152
    659.4966        1.0168
    659.5024        1.0179
    659.5081        1.0199
    659.5139        1.0211
    659.5197        1.0218
    659.5255        1.0209
    659.5313        1.0193
    659.5371        1.0182
    659.5429        1.0167
    659.5486        1.0146
    659.5544        1.0135
    659.5602        1.0141
    659.5660        1.0148
    659.5718        1.0157
    659.5776        1.0164
    659.5833        1.0170
    659.5891        1.0174
    659.5949        1.0165
    659.6007        1.0159
    659.6065        1.0159
    659.6123        1.0153
    659.6181        1.0141
    659.6238        1.0136
    659.6296        1.0138
    659.6354        1.0138
    659.6412        1.0137
    659.6470        1.0143
    659.6528        1.0158
    659.6586        1.0173
    659.6643        1.0189
    659.6701        1.0177
    659.6759        1.0140
    659.6817        1.0124
    659.6875        1.0124
    659.6933        1.0117
    659.6990        1.0103
    659.7048        1.0119
    659.7106        1.0153
    659.7164        1.0165
    659.7222        1.0159
    659.7280        1.0159
    659.7338        1.0174
    659.7395        1.0178
    659.7453        1.0176
    659.7511        1.0195
    659.7569        1.0212
    659.7627        1.0216
    659.7685        1.0219
    659.7743        1.0207
    659.7800        1.0194
    659.7858        1.0199
    659.7916        1.0208
    659.7974        1.0214
    659.8032        1.0222
    659.8090        1.0218
    659.8147        1.0198
    659.8205        1.0184
    659.8263        1.0176
    659.8321        1.0161
    659.8379        1.0155
    659.8437        1.0163
    659.8495        1.0164
    659.8552        1.0157
    659.8610        1.0150
    659.8668        1.0141
    659.8726        1.0148
    659.8784        1.0178
    659.8842        1.0183
    659.8900        1.0160
    659.8957        1.0111
    659.9015        1.0049
    659.9073        0.9982
    659.9131        0.9909
    659.9189        0.9801
    659.9247        0.9664
    659.9304        0.9638
    659.9362        0.9661
    659.9420        0.9715
    659.9478        0.9792
    659.9536        0.9873
    659.9594        0.9963
    659.9652        1.0003
    659.9709        1.0019
    659.9767        1.0051
    659.9825        1.0086
    659.9883        1.0110
    659.9941        1.0137
    659.9999        1.0153
    660.0057        1.0166
    660.0114        1.0167
    660.0172        1.0157
    660.0230        1.0155
    660.0288        1.0164
    660.0346        1.0166
    660.0404        1.0160
    660.0461        1.0154
    660.0519        1.0154
    660.0577        1.0157
    660.0635        1.0152
    660.0693        1.0142
    660.0751        1.0138
    660.0809        1.0152
    660.0866        1.0169
    660.0924        1.0177
    660.0982        1.0178
    660.1040        1.0168
    660.1098        1.0163
    660.1156        1.0179
    660.1214        1.0189
    660.1271        1.0181
    660.1329        1.0179
    660.1387        1.0186
    660.1445        1.0179
    660.1503        1.0165
    660.1561        1.0145
    660.1618        1.0121
    660.1676        1.0088
    660.1734        1.0050
    660.1792        1.0006
    660.1850        0.9955
    660.1908        0.9901
    660.1966        0.9851
    660.2023        0.9841
    660.2081        0.9831
    660.2139        0.9833
    660.2197        0.9855
    660.2255        0.9918
    660.2313        0.9985
    660.2371        1.0064
    660.2428        1.0140
    660.2486        1.0147
    660.2544        1.0131
    660.2602        1.0129
    660.2660        1.0132
    660.2718        1.0139
    660.2775        1.0145
    660.2833        1.0147
    660.2891        1.0150
    660.2949        1.0157
    660.3007        1.0164
    660.3065        1.0165
    660.3123        1.0164
    660.3180        1.0161
    660.3238        1.0152
    660.3296        1.0137
    660.3354        1.0134
    660.3412        1.0152
    660.3470        1.0141
    660.3528        1.0100
    660.3585        1.0085
    660.3643        1.0090
    660.3701        1.0109
    660.3759        1.0129
    660.3817        1.0147
    660.3875        1.0175
    660.3932        1.0179
    660.3990        1.0181
    660.4048        1.0174
    660.4106        1.0155
    660.4164        1.0165
    660.4222        1.0172
    660.4280        1.0181
    660.4337        1.0199
    660.4395        1.0183
    660.4453        1.0160
    660.4511        1.0125
    660.4569        1.0095
    660.4627        1.0106
    660.4685        1.0116
    660.4742        1.0103
    660.4800        1.0092
    660.4858        1.0073
    660.4916        1.0061
    660.4974        1.0079
    660.5032        1.0095
    660.5089        1.0107
    660.5147        1.0112
    660.5205        1.0104
    660.5263        1.0084
    660.5321        1.0048
    660.5379        1.0015
    660.5437        0.9986
    660.5494        0.9976
    660.5552        0.9975
    660.5610        0.9995
    660.5668        1.0035
    660.5726        1.0060
    660.5784        1.0078
    660.5842        1.0094
    660.5899        1.0103
    660.5957        1.0143
    660.6015        1.0207
    660.6073        1.0203
    660.6131        1.0165
    660.6189        1.0172
    660.6246        1.0186
    660.6304        1.0178
    660.6362        1.0177
    660.6420        1.0168
    660.6478        1.0152
    660.6536        1.0146
    660.6594        1.0142
    660.6651        1.0137
    660.6709        1.0125
    660.6767        1.0112
    660.6825        1.0106
    660.6883        1.0101
    660.6941        1.0107
    660.6999        1.0143
    660.7056        1.0172
    660.7114        1.0189
    660.7172        1.0198
    660.7230        1.0173
    660.7288        1.0145
    660.7346        1.0139
    660.7403        1.0153
    660.7461        1.0178
    660.7519        1.0190
    660.7577        1.0178
    660.7635        1.0167
    660.7693        1.0170
    660.7751        1.0182
    660.7808        1.0197
    660.7866        1.0204
    660.7924        1.0201
    660.7982        1.0227
    660.8040        1.0273
    660.8098        1.0259
    660.8156        1.0220
    660.8213        1.0213
    660.8271        1.0218
    660.8329        1.0198
    660.8387        1.0165
    660.8445        1.0155
    660.8503        1.0154
    660.8560        1.0168
    660.8618        1.0184
    660.8676        1.0174
    660.8734        1.0168
    660.8792        1.0184
    660.8850        1.0191
    660.8908        1.0186
    660.8965        1.0188
    660.9023        1.0187
    660.9081        1.0184
    660.9139        1.0175
    660.9197        1.0157
    660.9255        1.0136
    660.9313        1.0127
    660.9370        1.0144
    660.9428        1.0158
    660.9486        1.0147
    660.9544        1.0146
    660.9602        1.0167
    660.9660        1.0168
    660.9717        1.0148
    660.9775        1.0142
    660.9833        1.0152
    660.9891        1.0150
    660.9949        1.0127
    661.0007        1.0121
    661.0065        1.0126
    661.0122        1.0121
    661.0180        1.0113
    661.0238        1.0138
    661.0296        1.0175
    661.0354        1.0173
    661.0412        1.0155
    661.0470        1.0175
    661.0527        1.0206
    661.0585        1.0208
    661.0643        1.0201
    661.0701        1.0173
    661.0759        1.0143
    661.0817        1.0140
    661.0874        1.0142
    661.0932        1.0145
    661.0990        1.0147
    661.1048        1.0146
    661.1106        1.0146
    661.1164        1.0147
    661.1222        1.0156
    661.1279        1.0176
    661.1337        1.0196
    661.1395        1.0213
    661.1453        1.0190
    661.1511        1.0131
    661.1569        1.0090
    661.1627        1.0063
    661.1684        1.0056
    661.1742        1.0058
    661.1800        1.0053
    661.1858        1.0046
    661.1916        1.0060
    661.1974        1.0085
    661.2031        1.0104
    661.2089        1.0125
    661.2147        1.0089
    661.2205        1.0028
    661.2263        0.9995
    661.2321        0.9974
    661.2379        0.9949
    661.2436        0.9925
    661.2494        0.9911
    661.2552        0.9899
    661.2610        0.9931
    661.2668        0.9987
    661.2726        1.0030
    661.2784        1.0064
    661.2841        1.0123
    661.2899        1.0163
    661.2957        1.0142
    661.3015        1.0121
    661.3073        1.0119
    661.3131        1.0117
    661.3188        1.0121
    661.3246        1.0121
    661.3304        1.0110
    661.3362        1.0113
    661.3420        1.0124
    661.3478        1.0134
    661.3536        1.0155
    661.3593        1.0147
    661.3651        1.0102
    661.3709        1.0111
    661.3767        1.0149
    661.3825        1.0142
    661.3883        1.0130
    661.3941        1.0142
    661.3998        1.0151
    661.4056        1.0148
    661.4114        1.0144
    661.4172        1.0123
    661.4230        1.0097
    661.4288        1.0086
    661.4345        1.0079
    661.4403        1.0086
    661.4461        1.0101
    661.4519        1.0112
    661.4577        1.0123
    661.4635        1.0146
    661.4693        1.0165
    661.4750        1.0160
    661.4808        1.0148
    661.4866        1.0137
    661.4924        1.0131
    661.4982        1.0125
    661.5040        1.0123
    661.5098        1.0121
    661.5155        1.0113
    661.5213        1.0103
    661.5271        1.0104
    661.5329        1.0116
    661.5387        1.0109
    661.5445        1.0088
    661.5502        1.0083
    661.5560        1.0081
    661.5618        1.0076
    661.5676        1.0073
    661.5734        1.0074
    661.5792        1.0074
    661.5850        1.0086
    661.5907        1.0102
    661.5965        1.0097
    661.6023        1.0092
    661.6081        1.0086
    661.6139        1.0078
    661.6197        1.0085
    661.6255        1.0095
    661.6312        1.0089
    661.6370        1.0074
    661.6428        1.0067
    661.6486        1.0067
    661.6544        1.0058
    661.6602        1.0056
    661.6659        1.0067
    661.6717        1.0081
    661.6775        1.0104
    661.6833        1.0107
    661.6891        1.0089
    661.6949        1.0078
    661.7007        1.0071
    661.7064        1.0061
    661.7122        1.0050
    661.7180        1.0039
    661.7238        1.0021
    661.7296        1.0011
    661.7354        1.0012
    661.7412        1.0010
    661.7469        1.0008
    661.7527        1.0003
    661.7585        0.9990
    661.7643        1.0012
    661.7701        1.0040
    661.7759        1.0038
    661.7816        1.0035
    661.7874        1.0054
    661.7932        1.0075
    661.7990        1.0069
    661.8048        1.0052
    661.8106        1.0042
    661.8164        1.0046
    661.8221        1.0060
    661.8279        1.0064
    661.8337        1.0065
    661.8395        1.0063
    661.8453        1.0049
    661.8511        1.0046
    661.8569        1.0064
    661.8626        1.0066
    661.8684        1.0043
    661.8742        1.0034
    661.8800        1.0039
    661.8858        1.0024
    661.8916        0.9995
    661.8973        1.0009
    661.9031        1.0043
    661.9089        1.0033
    661.9147        1.0011
    661.9205        1.0031
    661.9263        1.0058
    661.9321        1.0071
    661.9378        1.0079
    661.9436        1.0068
    661.9494        1.0053
    661.9552        1.0034
    661.9610        1.0014
    661.9668        0.9998
    661.9726        0.9991
    661.9783        1.0014
    661.9841        1.0031
    661.9899        1.0004
    661.9957        0.9985
    662.0015        1.0004
    662.0073        1.0021
    662.0130        1.0024
    662.0188        1.0031
    662.0246        1.0033
    662.0304        1.0032
    662.0362        1.0039
    662.0420        1.0046
    662.0478        1.0048
    662.0535        1.0047
    662.0593        1.0051
    662.0651        1.0036
    662.0709        1.0010
    662.0767        1.0012
    662.0825        1.0023
    662.0883        1.0022
    662.0940        1.0015
    662.0998        1.0031
    662.1056        1.0046
    662.1114        1.0034
    662.1172        1.0022
    662.1230        1.0001
    662.1287        0.9978
    662.1345        0.9972
    662.1403        0.9973
    662.1461        0.9975
    662.1519        0.9984
    662.1577        0.9998
    662.1635        0.9998
    662.1692        0.9992
    662.1750        1.0002
    662.1808        1.0020
    662.1866        1.0012
    662.1924        0.9982
    662.1982        0.9973
    662.2040        0.9980
    662.2097        1.0000
    662.2155        1.0032
    662.2213        1.0023
    662.2271        0.9984
    662.2329        0.9993
    662.2387        1.0033
    662.2444        1.0021
    662.2502        0.9976
    662.2560        0.9959
    662.2618        0.9954
    662.2676        0.9966
    662.2734        0.9987
    662.2792        0.9991
    662.2849        0.9988
    662.2907        0.9989
    662.2965        0.9995
    662.3023        1.0013
    662.3081        1.0026
    662.3139        1.0018
    662.3197        1.0005
    662.3254        0.9996
    662.3312        0.9994
    662.3370        0.9989
    662.3428        0.9989
    662.3486        1.0000
    662.3544        1.0011
    662.3601        1.0012
    662.3659        0.9989
    662.3717        0.9971
    662.3775        0.9982
    662.3833        0.9989
    662.3891        1.0005
    662.3949        1.0032
    662.4006        1.0042
    662.4064        1.0045
    662.4122        1.0033
    662.4180        1.0011
    662.4238        0.9989
    662.4296        0.9976
    662.4354        0.9976
    662.4411        0.9977
    662.4469        0.9983
    662.4527        0.9978
    662.4585        0.9961
    662.4643        0.9963
    662.4701        0.9993
    662.4758        1.0006
    662.4816        0.9987
    662.4874        0.9978
    662.4932        0.9986
    662.4990        0.9997
    662.5048        1.0003
    662.5106        0.9986
    662.5163        0.9954
    662.5221        0.9944
    662.5279        0.9946
    662.5337        0.9963
    662.5395        0.9992
    662.5453        0.9991
    662.5511        0.9968
    662.5568        0.9981
    662.5626        1.0010
    662.5684        1.0015
    662.5742        1.0011
    662.5800        0.9985
    662.5858        0.9963
    662.5915        0.9977
    662.5973        0.9989
    662.6031        0.9973
    662.6089        0.9953
    662.6147        0.9929
    662.6205        0.9901
    662.6263        0.9880
    662.6320        0.9868
    662.6378        0.9868
    662.6436        0.9872
    662.6494        0.9870
    662.6552        0.9873
    662.6610        0.9879
    662.6668        0.9881
    662.6725        0.9879
    662.6783        0.9889
    662.6841        0.9915
    662.6899        0.9925
    662.6957        0.9924
    662.7015        0.9936
    662.7072        0.9947
    662.7130        0.9948
    662.7188        0.9944
    662.7246        0.9926
    662.7304        0.9913
    662.7362        0.9920
    662.7420        0.9926
    662.7477        0.9924
    662.7535        0.9929
    662.7593        0.9929
    662.7651        0.9925
    662.7709        0.9941
    662.7767        0.9951
    662.7825        0.9933
    662.7882        0.9904
    662.7940        0.9879
    662.7998        0.9862
    662.8056        0.9847
    662.8114        0.9864
    662.8172        0.9901
    662.8229        0.9909
    662.8287        0.9899
    662.8345        0.9909
    662.8403        0.9933
    662.8461        0.9942
    662.8519        0.9948
    662.8577        0.9938
    662.8634        0.9922
    662.8692        0.9924
    662.8750        0.9927
    662.8808        0.9897
    662.8866        0.9872
    662.8924        0.9897
    662.8982        0.9919
    662.9039        0.9901
    662.9097        0.9886
    662.9155        0.9894
    662.9213        0.9902
    662.9271        0.9892
    662.9329        0.9895
    662.9386        0.9924
    662.9444        0.9952
    662.9502        0.9966
    662.9560        0.9967
    662.9618        0.9967
    662.9676        0.9973
    662.9734        0.9989
    662.9791        0.9984
    662.9849        0.9966
    662.9907        0.9950
    662.9965        0.9936
    663.0023        0.9939
    663.0081        0.9949
    663.0139        0.9947
    663.0196        0.9937
    663.0254        0.9939
    663.0312        0.9947
    663.0370        0.9942
    663.0428        0.9938
    663.0486        0.9946
    663.0543        0.9948
    663.0601        0.9930
    663.0659        0.9929
    663.0717        0.9967
    663.0775        0.9973
    663.0833        0.9933
    663.0891        0.9917
    663.0948        0.9932
    663.1006        0.9933
    663.1064        0.9921
    663.1122        0.9911
    663.1180        0.9902
    663.1238        0.9921
    663.1296        0.9945
    663.1353        0.9947
    663.1411        0.9949
    663.1469        0.9953
    663.1527        0.9953
    663.1585        0.9956
    663.1643        0.9964
    663.1700        0.9965
    663.1758        0.9961
    663.1816        0.9959
    663.1874        0.9955
    663.1932        0.9941
    663.1990        0.9915
    663.2048        0.9889
    663.2105        0.9889
    663.2163        0.9910
    663.2221        0.9913
    663.2279        0.9903
    663.2337        0.9894
    663.2395        0.9894
    663.2453        0.9900
    663.2510        0.9901
    663.2568        0.9909
    663.2626        0.9923
    663.2684        0.9927
    663.2742        0.9926
    663.2800        0.9911
    663.2857        0.9894
    663.2915        0.9894
    663.2973        0.9900
    663.3031        0.9890
    663.3089        0.9873
    663.3147        0.9861
    663.3205        0.9860
    663.3262        0.9866
    663.3320        0.9874
    663.3378        0.9881
    663.3436        0.9906
    663.3494        0.9956
    663.3552        0.9972
    663.3610        0.9941
    663.3667        0.9931
    663.3725        0.9949
    663.3783        0.9960
    663.3841        0.9964
    663.3899        0.9958
    663.3957        0.9946
    663.4014        0.9939
    663.4072        0.9938
    663.4130        0.9929
    663.4188        0.9917
    663.4246        0.9930
    663.4304        0.9946
    663.4362        0.9954
    663.4419        0.9958
    663.4477        0.9959
    663.4535        0.9956
    663.4593        0.9930
    663.4651        0.9912
    663.4709        0.9907
    663.4767        0.9892
    663.4824        0.9885
    663.4882        0.9888
    663.4940        0.9896
    663.4998        0.9916
    663.5056        0.9943
    663.5114        0.9946
    663.5171        0.9930
    663.5229        0.9913
    663.5287        0.9907
    663.5345        0.9900
    663.5403        0.9883
    663.5461        0.9893
    663.5519        0.9909
    663.5576        0.9896
    663.5634        0.9876
    663.5692        0.9860
    663.5750        0.9848
    663.5808        0.9860
    663.5866        0.9874
    663.5924        0.9886
    663.5981        0.9902
    663.6039        0.9916
    663.6097        0.9912
    663.6155        0.9895
    663.6213        0.9893
    663.6271        0.9909
    663.6328        0.9910
    663.6386        0.9893
    663.6444        0.9877
    663.6502        0.9862
    663.6560        0.9870
    663.6618        0.9890
    663.6676        0.9873
    663.6733        0.9844
    663.6791        0.9867
    663.6849        0.9899
    663.6907        0.9873
    663.6965        0.9844
    663.7023        0.9877
    663.7081        0.9913
    663.7138        0.9895
    663.7196        0.9874
    663.7254        0.9870
    663.7312        0.9859
    663.7370        0.9853
    663.7428        0.9859
    663.7485        0.9856
    663.7543        0.9854
    663.7601        0.9871
    663.7659        0.9877
    663.7717        0.9874
    663.7775        0.9867
    663.7833        0.9855
    663.7890        0.9884
    663.7948        0.9925
    663.8006        0.9907
    663.8064        0.9878
    663.8122        0.9865
    663.8180        0.9854
    663.8238        0.9844
    663.8295        0.9834
    663.8353        0.9839
    663.8411        0.9847
    663.8469        0.9850
    663.8527        0.9849
    663.8585        0.9843
    663.8642        0.9853
    663.8700        0.9889
    663.8758        0.9908
    663.8816        0.9897
    663.8874        0.9886
    663.8932        0.9878
    663.8990        0.9883
    663.9047        0.9901
    663.9105        0.9896
    663.9163        0.9874
    663.9221        0.9872
    663.9279        0.9877
    663.9337        0.9894
    663.9395        0.9913
    663.9452        0.9927
    663.9510        0.9941
    663.9568        0.9928
    663.9626        0.9906
    663.9684        0.9897
    663.9742        0.9901
    663.9799        0.9905
    663.9857        0.9902
    663.9915        0.9896
    663.9973        0.9894
    664.0031        0.9902
    664.0089        0.9909
    664.0147        0.9914
    664.0204        0.9915
    664.0262        0.9906
    664.0320        0.9915
    664.0378        0.9947
    664.0436        0.9947
    664.0494        0.9924
    664.0552        0.9923
    664.0609        0.9925
    664.0667        0.9911
    664.0725        0.9896
    664.0783        0.9896
    664.0841        0.9900
    664.0899        0.9884
    664.0956        0.9869
    664.1014        0.9891
    664.1072        0.9911
    664.1130        0.9905
    664.1188        0.9907
    664.1246        0.9926
    664.1304        0.9926
    664.1361        0.9906
    664.1419        0.9890
    664.1477        0.9874
    664.1535        0.9889
    664.1593        0.9923
    664.1651        0.9929
    664.1709        0.9931
    664.1766        0.9929
    664.1824        0.9905
    664.1882        0.9914
    664.1940        0.9946
    664.1998        0.9916
    664.2056        0.9864
    664.2113        0.9848
    664.2171        0.9841
    664.2229        0.9830
    664.2287        0.9825
    664.2345        0.9851
    664.2403        0.9884
    664.2461        0.9895
    664.2518        0.9893
    664.2576        0.9887
    664.2634        0.9877
    664.2692        0.9864
    664.2750        0.9862
    664.2808        0.9870
    664.2866        0.9858
    664.2923        0.9838
    664.2981        0.9811
    664.3039        0.9767
    664.3097        0.9793
    664.3155        0.9851
    664.3213        0.9878
    664.3270        0.9891
    664.3328        0.9917
    664.3386        0.9942
    664.3444        0.9928
    664.3502        0.9918
    664.3560        0.9943
    664.3618        0.9954
    664.3675        0.9941
    664.3733        0.9915
    664.3791        0.9871
    664.3849        0.9850
    664.3907        0.9849
    664.3965        0.9839
    664.4023        0.9817
    664.4080        0.9837
    664.4138        0.9876
    664.4196        0.9887
    664.4254        0.9899
    664.4312        0.9912
    664.4370        0.9919
    664.4427        0.9918
    664.4485        0.9916
    664.4543        0.9916
    664.4601        0.9915
    664.4659        0.9901
    664.4717        0.9882
    664.4775        0.9867
    664.4832        0.9864
    664.4890        0.9876
    664.4948        0.9884
    664.5006        0.9883
    664.5064        0.9881
    664.5122        0.9876
    664.5180        0.9860
    664.5237        0.9838
    664.5295        0.9833
    664.5353        0.9840
    664.5411        0.9855
    664.5469        0.9869
    664.5527        0.9873
    664.5584        0.9887
    664.5642        0.9895
    664.5700        0.9891
    664.5758        0.9895
    664.5816        0.9894
    664.5874        0.9873
    664.5932        0.9849
    664.5989        0.9830
    664.6047        0.9818
    664.6105        0.9815
    664.6163        0.9816
    664.6221        0.9811
    664.6279        0.9801
    664.6337        0.9791
    664.6394        0.9819
    664.6452        0.9870
    664.6510        0.9866
    664.6568        0.9837
    664.6626        0.9842
    664.6684        0.9857
    664.6741        0.9847
    664.6799        0.9826
    664.6857        0.9841
    664.6915        0.9866
    664.6973        0.9873
    664.7031        0.9870
    664.7089        0.9863
    664.7146        0.9851
    664.7204        0.9833
    664.7262        0.9828
    664.7320        0.9834
    664.7378        0.9855
    664.7436        0.9891
    664.7494        0.9899
    664.7551        0.9882
    664.7609        0.9865
    664.7667        0.9853
    664.7725        0.9881
    664.7783        0.9923
    664.7841        0.9925
    664.7898        0.9911
    664.7956        0.9890
    664.8014        0.9873
    664.8072        0.9868
    664.8130        0.9871
    664.8188        0.9879
    664.8246        0.9880
    664.8303        0.9873
    664.8361        0.9865
    664.8419        0.9862
    664.8477        0.9870
    664.8535        0.9880
    664.8593        0.9876
    664.8651        0.9867
    664.8708        0.9851
    664.8766        0.9828
    664.8824        0.9813
    664.8882        0.9807
    664.8940        0.9806
    664.8998        0.9802
    664.9055        0.9856
    664.9113        0.9920
    664.9171        0.9930
    664.9229        0.9929
    664.9287        0.9924
    664.9345        0.9918
    664.9403        0.9914
    664.9460        0.9918
    664.9518        0.9939
    664.9576        0.9956
    664.9634        0.9945
    664.9692        0.9945
    664.9750        0.9970
    664.9808        0.9970
    664.9865        0.9953
    664.9923        0.9952
    664.9981        0.9950
    665.0039        0.9938
    665.0097        0.9931
    665.0155        0.9940
    665.0212        0.9951
    665.0270        0.9960
    665.0328        0.9961
    665.0386        0.9936
    665.0444        0.9919
    665.0502        0.9941
    665.0560        0.9962
    665.0617        0.9969
    665.0675        0.9974
    665.0733        0.9979
    665.0791        0.9980
    665.0849        0.9991
    665.0907        0.9992
    665.0965        0.9973
    665.1022        0.9966
    665.1080        0.9970
    665.1138        0.9988
    665.1196        1.0011
    665.1254        1.0045
    665.1312        1.0076
    665.1369        1.0052
    665.1427        1.0014
    665.1485        0.9987
    665.1543        0.9980
    665.1601        0.9995
    665.1659        1.0007
    665.1717        1.0013
    665.1774        1.0009
    665.1832        0.9986
    665.1890        0.9969
    665.1948        0.9966
    665.2006        0.9968
    665.2064        0.9975
    665.2122        0.9995
    665.2179        1.0024
    665.2237        1.0033
    665.2295        1.0034
    665.2353        1.0031
    665.2411        1.0024
    665.2469        0.9996
    665.2526        0.9968
    665.2584        0.9960
    665.2642        0.9962
    665.2700        0.9979
    665.2758        1.0000
    665.2816        1.0020
    665.2874        1.0028
    665.2931        1.0014
    665.2989        1.0009
    665.3047        1.0024
    665.3105        1.0035
    665.3163        1.0039
    665.3221        1.0012
    665.3279        0.9968
    665.3336        0.9964
    665.3394        0.9971
    665.3452        0.9977
    665.3510        0.9987
    665.3568        0.9991
    665.3626        0.9999
    665.3683        0.9997
    665.3741        0.9992
    665.3799        1.0001
    665.3857        1.0007
    665.3915        1.0006
    665.3973        1.0005
    665.4031        1.0007
    665.4088        1.0016
    665.4146        1.0032
    665.4204        1.0038
    665.4262        1.0035
    665.4320        1.0024
    665.4378        1.0018
    665.4436        1.0000
    665.4493        0.9972
    665.4551        0.9965
    665.4609        0.9960
    665.4667        0.9959
    665.4725        0.9965
    665.4783        0.9972
    665.4840        0.9976
    665.4898        0.9972
    665.4956        0.9977
    665.5014        1.0007
    665.5072        1.0019
    665.5130        1.0000
    665.5188        0.9991
    665.5245        0.9996
    665.5303        0.9992
    665.5361        0.9976
    665.5419        0.9941
    665.5477        0.9900
    665.5535        0.9907
    665.5593        0.9926
    665.5650        0.9933
    665.5708        0.9940
    665.5766        0.9978
    665.5824        1.0012
    665.5882        1.0029
    665.5940        1.0041
    665.5997        1.0033
    665.6055        1.0011
    665.6113        0.9983
    665.6171        0.9967
    665.6229        0.9960
    665.6287        0.9983
    665.6345        1.0025
    665.6402        1.0033
    665.6460        1.0031
    665.6518        1.0028
    665.6576        1.0013
    665.6634        1.0014
    665.6692        1.0025
    665.6750        1.0033
    665.6807        1.0038
    665.6865        1.0035
    665.6923        1.0024
    665.6981        0.9987
    665.7039        0.9967
    665.7097        0.9993
    665.7154        1.0007
    665.7212        0.9995
    665.7270        0.9994
    665.7328        1.0008
    665.7386        1.0025
    665.7444        1.0039
    665.7502        1.0035
    665.7559        1.0026
    665.7617        1.0004
    665.7675        0.9976
    665.7733        0.9973
    665.7791        0.9979
    665.7849        0.9975
    665.7907        0.9972
    665.7964        0.9984
    665.8022        0.9998
    665.8080        0.9997
    665.8138        0.9975
    665.8196        0.9945
    665.8254        0.9934
    665.8311        0.9933
    665.8369        0.9930
    665.8427        0.9928
    665.8485        0.9922
    665.8543        0.9906
    665.8601        0.9934
    665.8659        0.9993
    665.8716        1.0124
    665.8774        1.0233
    665.8832        0.6272
    665.8890        0.1474
