    652.4058        0.0821
    652.4171       -0.0902
    652.4285        0.3234
    652.4399        1.0241
    652.4513        0.9225
    652.4626        1.0009
    652.4740        1.0012
    652.4854        1.0664
    652.4968        1.0761
    652.5082        1.0119
    652.5195        0.9896
    652.5309        0.9945
    652.5423        1.0217
    652.5537        1.0227
    652.5650        0.9879
    652.5764        0.9909
    652.5878        1.0048
    652.5992        1.0056
    652.6105        1.0157
    652.6219        1.0286
    652.6333        0.9961
    652.6447        0.9792
    652.6561        0.9886
    652.6674        1.0072
    652.6788        1.0457
    652.6902        1.0419
    652.7016        1.0102
    652.7129        1.0218
    652.7243        1.0387
    652.7357        1.0156
    652.7471        0.9950
    652.7584        0.9899
    652.7698        1.0213
    652.7812        1.0111
    652.7926        0.9731
    652.8040        0.9733
    652.8153        0.9702
    652.8267        0.9763
    652.8381        0.9713
    652.8495        0.9567
    652.8608        0.9560
    652.8722        0.9785
    652.8836        0.9831
    652.8950        0.9785
    652.9063        1.0387
    652.9177        1.1061
    652.9291        1.1034
    652.9405        1.0736
    652.9519        1.0487
    652.9632        1.0502
    652.9746        1.0688
    652.9860        1.0768
    652.9974        1.1069
    653.0087        1.0943
    653.0201        1.0515
    653.0315        1.0484
    653.0429        1.0331
    653.0542        1.0000
    653.0656        0.9993
    653.0770        0.9967
    653.0884        0.9749
    653.0998        0.9715
    653.1111        0.9806
    653.1225        0.9783
    653.1339        0.9814
    653.1453        0.9953
    653.1566        1.0019
    653.1680        1.0128
    653.1794        1.0138
    653.1908        1.0144
    653.2021        1.0005
    653.2135        0.9708
    653.2249        0.9819
    653.2363        0.9729
    653.2477        0.9526
    653.2590        0.9416
    653.2704        0.9314
    653.2818        0.9541
    653.2932        0.9809
    653.3045        0.9906
    653.3159        0.9928
    653.3273        0.9775
    653.3387        0.9616
    653.3500        0.9846
    653.3614        1.0090
    653.3728        1.0091
    653.3842        1.0272
    653.3956        1.0479
    653.4069        1.0355
    653.4183        1.0221
    653.4297        1.0077
    653.4411        0.9826
    653.4524        0.9760
    653.4638        0.9635
    653.4752        0.9676
    653.4866        0.9821
    653.4979        0.9828
    653.5093        0.9696
    653.5207        0.9603
    653.5321        0.9955
    653.5435        0.9979
    653.5548        0.9465
    653.5662        0.9552
    653.5776        0.9945
    653.5890        0.9792
    653.6003        0.9615
    653.6117        0.9582
    653.6231        0.9668
    653.6345        0.9850
    653.6458        0.9604
    653.6572        0.9352
    653.6686        0.9447
    653.6800        0.9502
    653.6914        0.9754
    653.7027        0.9689
    653.7141        0.9456
    653.7255        0.9656
    653.7369        0.9740
    653.7482        0.9620
    653.7596        0.9728
    653.7710        0.9794
    653.7824        0.9815
    653.7938        0.9788
    653.8051        0.9731
    653.8165        0.9616
    653.8279        0.9671
    653.8393        0.9794
    653.8506        0.9515
    653.8620        0.9565
    653.8734        0.9925
    653.8848        0.9777
    653.8961        0.9516
    653.9075        0.9894
    653.9189        0.9995
    653.9303        0.9786
    653.9417        0.9916
    653.9530        1.0066
    653.9644        0.9855
    653.9758        0.9791
    653.9872        1.0017
    653.9985        1.0092
    654.0099        1.0218
    654.0213        1.0449
    654.0327        1.0538
    654.0440        1.0422
    654.0554        1.0354
    654.0668        1.0300
    654.0782        1.0008
    654.0896        0.9709
    654.1009        0.9846
    654.1123        0.9885
    654.1237        0.9681
    654.1351        0.9811
    654.1464        0.9629
    654.1578        0.9483
    654.1692        0.9833
    654.1806        1.0025
    654.1919        0.9979
    654.2033        0.9984
    654.2147        1.0222
    654.2261        1.0176
    654.2375        0.9851
    654.2488        0.9935
    654.2602        0.9945
    654.2716        0.9743
    654.2830        1.0071
    654.2943        1.0318
    654.3057        1.0022
    654.3171        0.9912
    654.3285        0.9877
    654.3398        0.9923
    654.3512        1.0006
    654.3626        0.9712
    654.3740        0.9222
    654.3854        0.8765
    654.3967        0.8574
    654.4081        0.8879
    654.4195        0.9513
    654.4309        0.9931
    654.4422        1.0182
    654.4536        1.0173
    654.4650        1.0020
    654.4764        1.0179
    654.4877        1.0310
    654.4991        1.0186
    654.5105        1.0095
    654.5219        1.0158
    654.5333        1.0210
    654.5446        1.0252
    654.5560        1.0503
    654.5674        1.0586
    654.5788        1.0461
    654.5901        1.0431
    654.6015        1.0285
    654.6129        1.0238
    654.6243        1.0462
    654.6356        1.0734
    654.6470        1.0642
    654.6584        1.0281
    654.6698        1.0075
    654.6812        1.0121
    654.6925        1.0176
    654.7039        1.0439
    654.7153        1.0294
    654.7267        0.9931
    654.7380        0.9898
    654.7494        0.9477
    654.7608        0.9318
    654.7722        0.9707
    654.7835        0.9804
    654.7949        0.9840
    654.8063        1.0270
    654.8177        1.0230
    654.8291        0.9769
    654.8404        0.9604
    654.8518        0.9680
    654.8632        0.9656
    654.8746        0.9612
    654.8859        1.0196
    654.8973        1.0774
    654.9087        1.0883
    654.9201        1.0853
    654.9314        1.0344
    654.9428        1.0098
    654.9542        1.0436
    654.9656        1.0634
    654.9770        1.0484
    654.9883        1.0410
    654.9997        1.0593
    655.0111        1.0639
    655.0225        1.0655
    655.0338        1.0961
    655.0452        1.1239
    655.0566        1.1118
    655.0680        1.1283
    655.0793        1.1299
    655.0907        1.0908
    655.1021        1.0787
    655.1135        1.0573
    655.1249        1.0646
    655.1362        1.1042
    655.1476        1.1174
    655.1590        1.0883
    655.1704        1.0566
    655.1817        1.0851
    655.1931        1.1224
    655.2045        1.1088
    655.2159        1.0622
    655.2272        1.0409
    655.2386        1.0078
    655.2500        0.9940
    655.2614        1.0317
    655.2728        1.0231
    655.2841        1.0433
    655.2955        1.1072
    655.3069        1.1342
    655.3183        1.1411
    655.3296        1.0984
    655.3410        1.0905
    655.3524        1.1070
    655.3638        1.1191
    655.3751        1.1405
    655.3865        1.1005
    655.3979        1.0844
    655.4093        1.1453
    655.4207        1.1837
    655.4320        1.1766
    655.4434        1.1747
    655.4548        1.1869
    655.4662        1.1932
    655.4775        1.1882
    655.4889        1.2271
    655.5003        1.2638
    655.5117        1.2518
    655.5230        1.2750
    655.5344        1.3059
    655.5458        1.3057
    655.5572        1.2905
    655.5686        1.3137
    655.5799        1.3664
    655.5913        1.3718
    655.6027        1.3678
    655.6141        1.3998
    655.6254        1.4255
    655.6368        1.4261
    655.6482        1.4789
    655.6596        1.5103
    655.6709        1.5191
    655.6823        1.5558
    655.6937        1.5485
    655.7051        1.5439
    655.7165        1.5783
    655.7278        1.6424
    655.7392        1.7012
    655.7506        1.7415
    655.7620        1.7540
    655.7733        1.7528
    655.7847        1.7923
    655.7961        1.8618
    655.8075        1.9254
    655.8188        1.9927
    655.8302        2.0292
    655.8416        2.0687
    655.8530        2.1748
    655.8644        2.2739
    655.8757        2.3116
    655.8871        2.3881
    655.8985        2.4905
    655.9099        2.5870
    655.9212        2.7211
    655.9326        2.8552
    655.9440        2.9937
    655.9554        3.0922
    655.9667        3.2035
    655.9781        3.3542
    655.9895        3.4810
    656.0009        3.5679
    656.0123        3.6605
    656.0236        3.7897
    656.0350        3.9435
    656.0464        4.1625
    656.0578        4.3902
    656.0691        4.5804
    656.0805        4.7940
    656.0919        5.0340
    656.1033        5.2919
    656.1146        5.4962
    656.1260        5.6911
    656.1374        5.8794
    656.1488        6.0045
    656.1602        6.1641
    656.1715        6.2526
    656.1829        6.3283
    656.1943        6.4284
    656.2057        6.4218
    656.2170        6.4043
    656.2284        6.4076
    656.2398        6.3580
    656.2512        6.2973
    656.2625        6.2286
    656.2739        6.1292
    656.2853        6.0717
    656.2967        6.0086
    656.3081        5.9698
    656.3194        6.0078
    656.3308        6.0533
    656.3422        6.1077
    656.3536        6.1838
    656.3649        6.1881
    656.3763        6.0561
    656.3877        5.8005
    656.3991        5.5120
    656.4104        5.3111
    656.4218        5.1545
    656.4332        4.9827
    656.4446        4.8222
    656.4560        4.7299
    656.4673        4.6307
    656.4787        4.4759
    656.4901        4.3218
    656.5015        4.1728
    656.5128        4.0377
    656.5242        3.8419
    656.5356        3.6282
    656.5470        3.4519
    656.5583        3.2587
    656.5697        3.0770
    656.5811        2.9121
    656.5925        2.7741
    656.6039        2.6618
    656.6152        2.5456
    656.6266        2.4346
    656.6380        2.3303
    656.6494        2.2370
    656.6607        2.1581
    656.6721        2.0602
    656.6835        1.9913
    656.6949        1.9457
    656.7063        1.8631
    656.7176        1.8123
    656.7290        1.7599
    656.7404        1.7120
    656.7518        1.6993
    656.7631        1.6954
    656.7745        1.7036
    656.7859        1.6295
    656.7973        1.5469
    656.8086        1.5353
    656.8200        1.5278
    656.8314        1.4916
    656.8428        1.4619
    656.8542        1.4316
    656.8655        1.3779
    656.8769        1.3808
    656.8883        1.3925
    656.8997        1.3754
    656.9110        1.3346
    656.9224        1.3172
    656.9338        1.3331
    656.9452        1.3378
    656.9565        1.3394
    656.9679        1.2986
    656.9793        1.2856
    656.9907        1.3004
    657.0021        1.2431
    657.0134        1.2148
    657.0248        1.2370
    657.0362        1.2130
    657.0476        1.1634
    657.0589        1.1679
    657.0703        1.2103
    657.0817        1.2200
    657.0931        1.1913
    657.1044        1.1792
    657.1158        1.2059
    657.1272        1.1727
    657.1386        1.1292
    657.1500        1.1258
    657.1613        1.0854
    657.1727        1.0383
    657.1841        1.0185
    657.1955        1.0327
    657.2068        1.0841
    657.2182        1.0973
    657.2296        1.0724
    657.2410        1.1098
    657.2523        1.1380
    657.2637        1.1101
    657.2751        1.0919
    657.2865        1.1010
    657.2979        1.0941
    657.3092        1.0736
    657.3206        1.0889
    657.3320        1.0951
    657.3434        1.0805
    657.3547        1.0668
    657.3661        1.0505
    657.3775        1.0402
    657.3889        1.0502
    657.4002        1.0658
    657.4116        1.0655
    657.4230        1.0630
    657.4344        1.0240
    657.4458        0.9855
    657.4571        0.9646
    657.4685        0.9375
    657.4799        0.9676
    657.4913        0.9937
    657.5026        1.0057
    657.5140        1.0234
    657.5254        1.0299
    657.5368        1.0345
    657.5481        1.0151
    657.5595        1.0278
    657.5709        1.0569
    657.5823        1.0411
    657.5937        1.0357
    657.6050        1.0548
    657.6164        1.0467
    657.6278        1.0203
    657.6392        1.0368
    657.6505        1.0669
    657.6619        1.0661
    657.6733        1.0561
    657.6847        1.0521
    657.6960        1.0345
    657.7074        1.0276
    657.7188        1.0395
    657.7302        1.0197
    657.7416        1.0179
    657.7529        1.0291
    657.7643        1.0145
    657.7757        1.0180
    657.7871        1.0215
    657.7984        0.9842
    657.8098        0.9838
    657.8212        1.0220
    657.8326        1.0054
    657.8439        0.9556
    657.8553        0.9643
    657.8667        1.0025
    657.8781        0.9878
    657.8895        0.9761
    657.9008        0.9776
    657.9122        0.9749
    657.9236        0.9797
    657.9350        0.9742
    657.9463        0.9803
    657.9577        0.9845
    657.9691        0.9815
    657.9805        1.0182
    657.9918        1.0228
    658.0032        0.9689
    658.0146        0.9772
    658.0260        1.0228
    658.0374        0.9899
    658.0487        0.9604
    658.0601        0.9812
    658.0715        0.9803
    658.0829        0.9578
    658.0942        0.9538
    658.1056        0.9720
    658.1170        0.9627
    658.1284        0.9570
    658.1397        0.9621
    658.1511        0.9460
    658.1625        0.9563
    658.1739        0.9569
    658.1853        0.9364
    658.1966        0.9522
    658.2080        0.9678
    658.2194        0.9732
    658.2308        0.9827
    658.2421        1.0090
    658.2535        1.0175
    658.2649        1.0116
    658.2763        1.0115
    658.2876        0.9935
    658.2990        0.9888
    658.3104        0.9806
    658.3218        0.9758
    658.3332        0.9949
    658.3445        1.0024
    658.3559        0.9968
    658.3673        0.9849
    658.3787        0.9879
    658.3900        1.0104
    658.4014        1.0054
    658.4128        1.0020
    658.4242        1.0178
    658.4355        0.9878
    658.4469        0.9807
    658.4583        0.9959
    658.4697        0.9843
    658.4811        0.9916
    658.4924        1.0070
    658.5038        1.0266
    658.5152        1.0130
    658.5266        0.9912
    658.5379        0.9948
    658.5493        0.9727
    658.5607        0.9528
    658.5721        0.9743
    658.5834        1.0141
    658.5948        1.0301
    658.6062        1.0321
    658.6176        1.0069
    658.6290        0.9903
    658.6403        0.9945
    658.6517        1.0070
    658.6631        1.0255
    658.6745        0.9950
    658.6858        0.9927
    658.6972        1.0108
    658.7086        0.9995
    658.7200        1.0084
    658.7313        1.0174
    658.7427        1.0057
    658.7541        0.9852
    658.7655        0.9924
    658.7769        1.0224
    658.7882        1.0257
    658.7996        1.0297
    658.8110        1.0417
    658.8224        1.0246
    658.8337        1.0145
    658.8451        0.9997
    658.8565        0.9879
    658.8679        1.0065
    658.8792        1.0162
    658.8906        1.0320
    658.9020        1.0565
    658.9134        1.0498
    658.9248        1.0201
    658.9361        1.0059
    658.9475        1.0271
    658.9589        1.0347
    658.9703        1.0020
    658.9816        1.0060
    658.9930        1.0444
    659.0044        1.0220
    659.0158        0.9842
    659.0271        0.9942
    659.0385        1.0100
    659.0499        1.0069
    659.0613        0.9971
    659.0727        0.9823
    659.0840        1.0015
    659.0954        1.0544
    659.1068        1.0548
    659.1182        1.0346
    659.1295        1.0286
    659.1409        1.0354
    659.1523        1.0575
    659.1637        1.0378
    659.1750        1.0110
    659.1864        1.0187
    659.1978        1.0228
    659.2092        1.0190
    659.2206        0.9916
    659.2319        0.9905
    659.2433        1.0170
    659.2547        1.0006
    659.2661        0.9854
    659.2774        1.0036
    659.2888        1.0357
    659.3002        1.0511
    659.3116        1.0312
    659.3229        1.0108
    659.3343        1.0147
    659.3457        1.0213
    659.3571        1.0134
    659.3685        1.0116
    659.3798        1.0258
    659.3912        1.0175
    659.4026        1.0172
    659.4140        1.0224
    659.4253        1.0001
    659.4367        0.9978
    659.4481        1.0039
    659.4595        0.9964
    659.4708        1.0207
    659.4822        1.0252
    659.4936        1.0100
    659.5050        1.0331
    659.5164        1.0557
    659.5277        1.0824
    659.5391        1.0758
    659.5505        1.0242
    659.5619        1.0067
    659.5732        1.0296
    659.5846        1.0382
    659.5960        0.9904
    659.6074        0.9509
    659.6188        0.9814
    659.6301        1.0174
    659.6415        1.0010
    659.6529        0.9626
    659.6643        0.9739
    659.6756        0.9698
    659.6870        0.9619
    659.6984        0.9831
    659.7098        0.9458
    659.7211        0.9241
    659.7325        0.9730
    659.7439        1.0003
    659.7553        1.0152
    659.7667        1.0547
    659.7780        1.0649
    659.7894        1.0367
    659.8008        1.0251
    659.8122        1.0411
    659.8235        1.0360
    659.8349        1.0319
    659.8463        1.0275
    659.8577        0.9989
    659.8690        0.9686
    659.8804        0.9490
    659.8918        0.9515
    659.9032        0.9760
    659.9146        1.0228
    659.9259        1.0460
    659.9373        1.0305
    659.9487        1.0137
    659.9601        1.0110
    659.9714        1.0140
    659.9828        1.0374
    659.9942        1.0510
    660.0056        1.0162
    660.0169        0.9950
    660.0283        1.0003
    660.0397        1.0238
    660.0511        1.0444
    660.0625        1.0171
    660.0738        0.9832
    660.0852        0.9592
    660.0966        0.9465
    660.1080        0.9511
    660.1193        0.9723
    660.1307        1.0065
    660.1421        1.0073
    660.1535        0.9911
    660.1648        1.0046
    660.1762        1.0165
    660.1876        1.0061
    660.1990        0.9767
    660.2104        0.9711
    660.2217        0.9866
    660.2331        0.9831
    660.2445        1.0158
    660.2559        1.0335
    660.2672        1.0177
    660.2786        1.0322
    660.2900        1.0123
    660.3014        0.9782
    660.3127        1.0016
    660.3241        1.0314
    660.3355        1.0227
    660.3469        1.0312
    660.3583        1.0533
    660.3696        1.0378
    660.3810        0.9985
    660.3924        0.9962
    660.4038        1.0157
    660.4151        0.9809
    660.4265        0.9641
    660.4379        0.9983
    660.4493        1.0194
    660.4606        1.0144
    660.4720        0.9939
    660.4834        0.9839
    660.4948        0.9927
    660.5062        0.9991
    660.5175        0.9638
    660.5289        0.9704
    660.5403        1.0136
    660.5517        0.9962
    660.5630        0.9933
    660.5744        0.9833
    660.5858        0.9425
    660.5972        0.9748
    660.6085        0.9904
    660.6199        0.9572
    660.6313        0.9699
    660.6427        1.0028
    660.6541        1.0022
    660.6654        0.9821
    660.6768        0.9978
    660.6882        0.9956
    660.6996        0.9981
    660.7109        1.0217
    660.7223        1.0267
    660.7337        1.0260
    660.7451        1.0172
    660.7564        0.9900
    660.7678        0.9607
    660.7792        0.9762
    660.7906        0.9837
    660.8020        0.9659
    660.8133        0.9740
    660.8247        1.0036
    660.8361        0.9812
    660.8475        0.9613
    660.8588        1.0274
    660.8702        1.0569
    660.8816        1.0368
    660.8930        1.0414
    660.9043        1.0291
    660.9157        1.0233
    660.9271        1.0356
    660.9385        1.0125
    660.9499        0.9961
    660.9612        1.0069
    660.9726        1.0045
