    650.3772        0.9921
    650.3813        0.9986
    650.3855        1.0019
    650.3896        1.0004
    650.3938        0.9985
    650.3979        1.0002
    650.4021        1.0044
    650.4062        1.0078
    650.4104        1.0092
    650.4145        1.0092
    650.4186        1.0076
    650.4228        1.0055
    650.4269        1.0064
    650.4311        1.0127
    650.4352        1.0220
    650.4394        1.0294
    650.4435        1.0326
    650.4477        1.0339
    650.4518        1.0378
    650.4560        1.0449
    650.4601        1.0490
    650.4643        1.0432
    650.4684        1.0287
    650.4725        1.0120
    650.4767        0.9974
    650.4808        0.9853
    650.4850        0.9763
    650.4891        0.9716
    650.4933        0.9705
    650.4974        0.9699
    650.5016        0.9668
    650.5057        0.9621
    650.5099        0.9623
    650.5140        0.9723
    650.5181        0.9866
    650.5223        0.9935
    650.5264        0.9888
    650.5306        0.9796
    650.5347        0.9754
    650.5389        0.9800
    650.5430        0.9929
    650.5472        1.0104
    650.5513        1.0249
    650.5555        1.0279
    650.5596        1.0173
    650.5638        0.9998
    650.5679        0.9841
    650.5720        0.9756
    650.5762        0.9774
    650.5803        0.9899
    650.5845        1.0086
    650.5886        1.0231
    650.5928        1.0244
    650.5969        1.0118
    650.6011        0.9918
    650.6052        0.9730
    650.6094        0.9619
    650.6135        0.9594
    650.6177        0.9631
    650.6218        0.9696
    650.6259        0.9757
    650.6301        0.9792
    650.6342        0.9795
    650.6384        0.9788
    650.6425        0.9807
    650.6467        0.9874
    650.6508        0.9970
    650.6550        1.0037
    650.6591        1.0038
    650.6633        1.0000
    650.6674        0.9977
    650.6715        0.9988
    650.6757        1.0029
    650.6798        1.0108
    650.6840        1.0220
    650.6881        1.0302
    650.6923        1.0279
    650.6964        1.0147
    650.7006        0.9993
    650.7047        0.9933
    650.7089        1.0012
    650.7130        1.0152
    650.7172        1.0227
    650.7213        1.0199
    650.7254        1.0138
    650.7296        1.0126
    650.7337        1.0189
    650.7379        1.0303
    650.7420        1.0412
    650.7462        1.0458
    650.7503        1.0395
    650.7545        1.0220
    650.7586        0.9978
    650.7628        0.9755
    650.7669        0.9621
    650.7710        0.9585
    650.7752        0.9592
    650.7793        0.9606
    650.7835        0.9633
    650.7876        0.9676
    650.7918        0.9709
    650.7959        0.9705
    650.8001        0.9678
    650.8042        0.9662
    650.8084        0.9676
    650.8125        0.9712
    650.8167        0.9734
    650.8208        0.9717
    650.8249        0.9657
    650.8291        0.9558
    650.8332        0.9433
    650.8374        0.9328
    650.8415        0.9314
    650.8457        0.9401
    650.8498        0.9492
    650.8540        0.9514
    650.8581        0.9515
    650.8623        0.9578
    650.8664        0.9703
    650.8706        0.9819
    650.8747        0.9868
    650.8788        0.9846
    650.8830        0.9791
    650.8871        0.9744
    650.8913        0.9715
    650.8954        0.9693
    650.8996        0.9671
    650.9037        0.9659
    650.9079        0.9676
    650.9120        0.9730
    650.9162        0.9811
    650.9203        0.9905
    650.9244        1.0013
    650.9286        1.0139
    650.9327        1.0262
    650.9369        1.0320
    650.9410        1.0250
    650.9452        1.0055
    650.9493        0.9843
    650.9535        0.9739
    650.9576        0.9754
    650.9618        0.9803
    650.9659        0.9844
    650.9701        0.9907
    650.9742        1.0007
    650.9783        1.0103
    650.9825        1.0152
    650.9866        1.0140
    650.9908        1.0069
    650.9949        0.9957
    650.9991        0.9864
    651.0032        0.9863
    651.0074        0.9960
    651.0115        1.0080
    651.0157        1.0148
    651.0198        1.0148
    651.0240        1.0109
    651.0281        1.0062
    651.0322        1.0020
    651.0364        0.9985
    651.0405        0.9962
    651.0447        0.9960
    651.0488        0.9975
    651.0530        0.9987
    651.0571        0.9984
    651.0613        0.9984
    651.0654        1.0007
    651.0696        1.0054
    651.0737        1.0106
    651.0778        1.0138
    651.0820        1.0132
    651.0861        1.0085
    651.0903        1.0012
    651.0944        0.9943
    651.0986        0.9888
    651.1027        0.9827
    651.1069        0.9746
    651.1110        0.9671
    651.1152        0.9643
    651.1193        0.9677
    651.1235        0.9757
    651.1276        0.9855
    651.1317        0.9947
    651.1359        1.0014
    651.1400        1.0046
    651.1442        1.0040
    651.1483        1.0002
    651.1525        0.9940
    651.1566        0.9889
    651.1608        0.9910
    651.1649        1.0024
    651.1691        1.0163
    651.1732        1.0237
    651.1773        1.0229
    651.1815        1.0196
    651.1856        1.0186
    651.1898        1.0206
    651.1939        1.0248
    651.1981        1.0299
    651.2022        1.0338
    651.2064        1.0334
    651.2105        1.0268
    651.2147        1.0148
    651.2188        1.0011
    651.2230        0.9908
    651.2271        0.9863
    651.2312        0.9871
    651.2354        0.9907
    651.2395        0.9940
    651.2437        0.9944
    651.2478        0.9914
    651.2520        0.9893
    651.2561        0.9935
    651.2603        1.0035
    651.2644        1.0123
    651.2686        1.0137
    651.2727        1.0081
    651.2769        1.0005
    651.2810        0.9961
    651.2851        0.9976
    651.2893        1.0043
    651.2934        1.0114
    651.2976        1.0128
    651.3017        1.0072
    651.3059        0.9994
    651.3100        0.9947
    651.3142        0.9939
    651.3183        0.9942
    651.3225        0.9933
    651.3266        0.9903
    651.3307        0.9854
    651.3349        0.9782
    651.3390        0.9692
    651.3432        0.9621
    651.3473        0.9640
    651.3515        0.9780
    651.3556        0.9982
    651.3598        1.0133
    651.3639        1.0146
    651.3681        1.0026
    651.3722        0.9873
    651.3764        0.9797
    651.3805        0.9832
    651.3846        0.9940
    651.3888        1.0064
    651.3929        1.0168
    651.3971        1.0246
    651.4012        1.0297
    651.4054        1.0310
    651.4095        1.0283
    651.4137        1.0249
    651.4178        1.0252
    651.4220        1.0298
    651.4261        1.0341
    651.4303        1.0309
    651.4344        1.0168
    651.4385        0.9964
    651.4427        0.9780
    651.4468        0.9661
    651.4510        0.9598
    651.4551        0.9561
    651.4593        0.9529
    651.4634        0.9490
    651.4676        0.9454
    651.4717        0.9453
    651.4759        0.9524
    651.4800        0.9680
    651.4841        0.9888
    651.4883        1.0092
    651.4924        1.0248
    651.4966        1.0362
    651.5007        1.0471
    651.5049        1.0589
    651.5090        1.0676
    651.5132        1.0668
    651.5173        1.0531
    651.5215        1.0313
    651.5256        1.0118
    651.5298        1.0019
    651.5339        1.0017
    651.5380        1.0059
    651.5422        1.0092
    651.5463        1.0102
    651.5505        1.0103
    651.5546        1.0099
    651.5588        1.0079
    651.5629        1.0045
    651.5671        1.0018
    651.5712        1.0003
    651.5754        0.9973
    651.5795        0.9914
    651.5836        0.9856
    651.5878        0.9836
    651.5919        0.9864
    651.5961        0.9923
    651.6002        0.9991
    651.6044        1.0053
    651.6085        1.0091
    651.6127        1.0065
    651.6168        0.9928
    651.6210        0.9681
    651.6251        0.9406
    651.6293        0.9198
    651.6334        0.9096
    651.6375        0.9080
    651.6417        0.9107
    651.6458        0.9128
    651.6500        0.9108
    651.6541        0.9058
    651.6583        0.9034
    651.6624        0.9085
    651.6666        0.9203
    651.6707        0.9341
    651.6749        0.9452
    651.6790        0.9515
    651.6832        0.9532
    651.6873        0.9515
    651.6914        0.9487
    651.6956        0.9484
    651.6997        0.9547
    651.7039        0.9683
    651.7080        0.9841
    651.7122        0.9964
    651.7163        1.0046
    651.7205        1.0125
    651.7246        1.0222
    651.7288        1.0317
    651.7329        1.0376
    651.7370        1.0391
    651.7412        1.0414
    651.7453        1.0497
    651.7495        1.0631
    651.7536        1.0760
    651.7578        1.0842
    651.7619        1.0865
    651.7661        1.0819
    651.7702        1.0705
    651.7744        1.0552
    651.7785        1.0412
    651.7827        1.0312
    651.7868        1.0246
    651.7909        1.0192
    651.7951        1.0147
    651.7992        1.0123
    651.8034        1.0124
    651.8075        1.0124
    651.8117        1.0093
    651.8158        1.0044
    651.8200        1.0030
    651.8241        1.0067
    651.8283        1.0118
    651.8324        1.0136
    651.8366        1.0113
    651.8407        1.0081
    651.8448        1.0087
    651.8490        1.0146
    651.8531        1.0245
    651.8573        1.0365
    651.8614        1.0497
    651.8656        1.0625
    651.8697        1.0712
    651.8739        1.0724
    651.8780        1.0648
    651.8822        1.0516
    651.8863        1.0384
    651.8904        1.0295
    651.8946        1.0253
    651.8987        1.0228
    651.9029        1.0184
    651.9070        1.0087
    651.9112        0.9927
    651.9153        0.9741
    651.9195        0.9604
    651.9236        0.9565
    651.9278        0.9619
    651.9319        0.9728
    651.9361        0.9856
    651.9402        0.9976
    651.9443        1.0059
    651.9485        1.0091
    651.9526        1.0079
    651.9568        1.0034
    651.9609        0.9952
    651.9651        0.9835
    651.9692        0.9713
    651.9734        0.9634
    651.9775        0.9634
    651.9817        0.9710
    651.9858        0.9814
    651.9899        0.9898
    651.9941        0.9944
    651.9982        0.9966
    652.0024        0.9988
    652.0065        1.0029
    652.0107        1.0085
    652.0148        1.0128
    652.0190        1.0120
    652.0231        1.0061
    652.0273        1.0010
    652.0314        1.0032
    652.0356        1.0136
    652.0397        1.0271
    652.0438        1.0376
    652.0480        1.0412
    652.0521        1.0374
    652.0563        1.0274
    652.0604        1.0135
    652.0646        0.9988
    652.0687        0.9876
    652.0729        0.9823
    652.0770        0.9816
    652.0812        0.9833
    652.0853        0.9872
    652.0895        0.9945
    652.0936        1.0033
    652.0977        1.0099
    652.1019        1.0135
    652.1060        1.0157
    652.1102        1.0171
    652.1143        1.0171
    652.1185        1.0152
    652.1226        1.0139
    652.1268        1.0175
    652.1309        1.0280
    652.1351        1.0406
    652.1392        1.0479
    652.1433        1.0474
    652.1475        1.0424
    652.1516        1.0366
    652.1558        1.0306
    652.1599        1.0234
    652.1641        1.0144
    652.1682        1.0048
    652.1724        0.9968
    652.1765        0.9927
    652.1807        0.9936
    652.1848        0.9979
    652.1890        1.0025
    652.1931        1.0058
    652.1972        1.0084
    652.2014        1.0113
    652.2055        1.0139
    652.2097        1.0137
    652.2138        1.0081
    652.2180        0.9969
    652.2221        0.9831
    652.2263        0.9708
    652.2304        0.9635
    652.2346        0.9628
    652.2387        0.9682
    652.2429        0.9746
    652.2470        0.9749
    652.2511        0.9666
    652.2553        0.9560
    652.2594        0.9522
    652.2636        0.9602
    652.2677        0.9754
    652.2719        0.9876
    652.2760        0.9912
    652.2802        0.9901
    652.2843        0.9905
    652.2885        0.9937
    652.2926        0.9965
    652.2967        0.9958
    652.3009        0.9913
    652.3050        0.9863
    652.3092        0.9843
    652.3133        0.9862
    652.3175        0.9882
    652.3216        0.9850
    652.3258        0.9752
    652.3299        0.9647
    652.3341        0.9612
    652.3382        0.9675
    652.3424        0.9803
    652.3465        0.9934
    652.3506        1.0016
    652.3548        1.0031
    652.3589        0.9989
    652.3631        0.9914
    652.3672        0.9820
    652.3714        0.9708
    652.3755        0.9587
    652.3797        0.9483
    652.3838        0.9441
    652.3880        0.9494
    652.3921        0.9620
    652.3962        0.9732
    652.4004        0.9749
    652.4045        0.9663
    652.4087        0.9543
    652.4128        0.9467
    652.4170        0.9454
    652.4211        0.9447
    652.4253        0.9395
    652.4294        0.9329
    652.4336        0.9325
    652.4377        0.9418
    652.4419        0.9592
    652.4460        0.9808
    652.4501        1.0026
    652.4543        1.0207
    652.4584        1.0313
    652.4626        1.0328
    652.4667        1.0274
    652.4709        1.0209
    652.4750        1.0172
    652.4792        1.0145
    652.4833        1.0093
    652.4875        1.0024
    652.4916        0.9991
    652.4958        1.0028
    652.4999        1.0148
    652.5040        1.0351
    652.5082        1.0590
    652.5123        1.0755
    652.5165        1.0743
    652.5206        1.0570
    652.5248        1.0350
    652.5289        1.0182
    652.5331        1.0076
    652.5372        0.9980
    652.5414        0.9860
    652.5455        0.9750
    652.5496        0.9717
    652.5538        0.9769
    652.5579        0.9842
    652.5621        0.9867
    652.5662        0.9828
    652.5704        0.9764
    652.5745        0.9729
    652.5787        0.9736
    652.5828        0.9761
    652.5870        0.9778
    652.5911        0.9785
    652.5953        0.9787
    652.5994        0.9790
    652.6035        0.9800
    652.6077        0.9828
    652.6118        0.9876
    652.6160        0.9937
    652.6201        0.9986
    652.6243        1.0000
    652.6284        0.9962
    652.6326        0.9883
    652.6367        0.9807
    652.6409        0.9782
    652.6450        0.9823
    652.6491        0.9896
    652.6533        0.9959
    652.6574        0.9994
    652.6616        1.0001
    652.6657        0.9983
    652.6699        0.9941
    652.6740        0.9872
    652.6782        0.9786
    652.6823        0.9706
    652.6865        0.9670
    652.6906        0.9707
    652.6948        0.9803
    652.6989        0.9900
    652.7030        0.9953
    652.7072        0.9962
    652.7113        0.9963
    652.7155        0.9991
    652.7196        1.0050
    652.7238        1.0114
    652.7279        1.0159
    652.7321        1.0186
    652.7362        1.0213
    652.7404        1.0255
    652.7445        1.0293
    652.7487        1.0301
    652.7528        1.0285
    652.7569        1.0297
    652.7611        1.0351
    652.7652        1.0393
    652.7694        1.0380
    652.7735        1.0337
    652.7777        1.0292
    652.7818        1.0213
    652.7860        1.0061
    652.7901        0.9860
    652.7943        0.9681
    652.7984        0.9584
    652.8025        0.9587
    652.8067        0.9666
    652.8108        0.9784
    652.8150        0.9918
    652.8191        1.0055
    652.8233        1.0174
    652.8274        1.0263
    652.8316        1.0329
    652.8357        1.0388
    652.8399        1.0438
    652.8440        1.0449
    652.8482        1.0381
    652.8523        1.0251
    652.8564        1.0155
    652.8606        1.0152
    652.8647        1.0179
    652.8689        1.0151
    652.8730        1.0077
    652.8772        1.0023
    652.8813        1.0014
    652.8855        1.0027
    652.8896        1.0030
    652.8938        1.0013
    652.8979        0.9982
    652.9021        0.9941
    652.9062        0.9893
    652.9103        0.9848
    652.9145        0.9839
    652.9186        0.9882
    652.9228        0.9947
    652.9269        0.9984
    652.9311        0.9968
    652.9352        0.9909
    652.9394        0.9828
    652.9435        0.9749
    652.9477        0.9699
    652.9518        0.9697
    652.9559        0.9748
    652.9601        0.9843
    652.9642        0.9966
    652.9684        1.0083
    652.9725        1.0148
    652.9767        1.0126
    652.9808        1.0025
    652.9850        0.9900
    652.9891        0.9815
    652.9933        0.9804
    652.9974        0.9844
    653.0016        0.9891
    653.0057        0.9925
    653.0098        0.9947
    653.0140        0.9959
    653.0181        0.9959
    653.0223        0.9958
    653.0264        0.9978
    653.0306        1.0026
    653.0347        1.0076
    653.0389        1.0094
    653.0430        1.0074
    653.0472        1.0057
    653.0513        1.0082
    653.0554        1.0124
    653.0596        1.0136
    653.0637        1.0137
    653.0679        1.0187
    653.0720        1.0294
    653.0762        1.0408
    653.0803        1.0479
    653.0845        1.0494
    653.0886        1.0455
    653.0928        1.0367
    653.0969        1.0247
    653.1011        1.0136
    653.1052        1.0085
    653.1093        1.0113
    653.1135        1.0177
    653.1176        1.0215
    653.1218        1.0221
    653.1259        1.0239
    653.1301        1.0288
    653.1342        1.0330
    653.1384        1.0321
    653.1425        1.0256
    653.1467        1.0177
    653.1508        1.0129
    653.1550        1.0106
    653.1591        1.0075
    653.1632        1.0034
    653.1674        1.0010
    653.1715        1.0004
    653.1757        1.0003
    653.1798        1.0035
    653.1840        1.0141
    653.1881        1.0281
    653.1923        1.0336
    653.1964        1.0244
    653.2006        1.0059
    653.2047        0.9883
    653.2088        0.9777
    653.2130        0.9732
    653.2171        0.9698
    653.2213        0.9632
    653.2254        0.9528
    653.2296        0.9414
    653.2337        0.9327
    653.2379        0.9294
    653.2420        0.9314
    653.2462        0.9362
    653.2503        0.9408
    653.2545        0.9436
    653.2586        0.9461
    653.2627        0.9513
    653.2669        0.9620
    653.2710        0.9787
    653.2752        0.9984
    653.2793        1.0156
    653.2835        1.0243
    653.2876        1.0216
    653.2918        1.0099
    653.2959        0.9972
    653.3001        0.9915
    653.3042        0.9945
    653.3084        1.0011
    653.3125        1.0065
    653.3166        1.0106
    653.3208        1.0145
    653.3249        1.0178
    653.3291        1.0216
    653.3332        1.0285
    653.3374        1.0373
    653.3415        1.0427
    653.3457        1.0417
    653.3498        1.0371
    653.3540        1.0309
    653.3581        1.0215
    653.3622        1.0083
    653.3664        0.9951
    653.3705        0.9843
    653.3747        0.9731
    653.3788        0.9576
    653.3830        0.9383
    653.3871        0.9224
    653.3913        0.9195
    653.3954        0.9333
    653.3996        0.9573
    653.4037        0.9798
    653.4079        0.9927
    653.4120        0.9966
    653.4161        0.9984
    653.4203        1.0013
    653.4244        1.0011
    653.4286        0.9949
    653.4327        0.9876
    653.4369        0.9862
    653.4410        0.9922
    653.4452        1.0017
    653.4493        1.0097
    653.4535        1.0130
    653.4576        1.0110
    653.4617        1.0050
    653.4659        0.9974
    653.4700        0.9919
    653.4742        0.9929
    653.4783        1.0031
    653.4825        1.0210
    653.4866        1.0418
    653.4908        1.0594
    653.4949        1.0685
    653.4991        1.0666
    653.5032        1.0568
    653.5074        1.0460
    653.5115        1.0370
    653.5156        1.0255
    653.5198        1.0089
    653.5239        0.9928
    653.5281        0.9840
    653.5322        0.9821
    653.5364        0.9820
    653.5405        0.9806
    653.5447        0.9798
    653.5488        0.9838
    653.5530        0.9934
    653.5571        1.0032
    653.5613        1.0077
    653.5654        1.0077
    653.5695        1.0066
    653.5737        1.0053
    653.5778        1.0016
    653.5820        0.9945
    653.5861        0.9879
    653.5903        0.9894
    653.5944        1.0027
    653.5986        1.0217
    653.6027        1.0344
    653.6069        1.0321
    653.6110        1.0176
    653.6151        1.0035
    653.6193        1.0003
    653.6234        1.0061
    653.6276        1.0115
    653.6317        1.0110
    653.6359        1.0064
    653.6400        1.0042
    653.6442        1.0062
    653.6483        1.0065
    653.6525        1.0011
    653.6566        0.9954
    653.6608        0.9964
    653.6649        1.0023
    653.6690        1.0056
    653.6732        1.0019
    653.6773        0.9925
    653.6815        0.9820
    653.6856        0.9743
    653.6898        0.9702
    653.6939        0.9688
    653.6981        0.9699
    653.7022        0.9736
    653.7064        0.9792
    653.7105        0.9850
    653.7147        0.9894
    653.7188        0.9931
    653.7229        0.9988
    653.7271        1.0063
    653.7312        1.0115
    653.7354        1.0105
    653.7395        1.0054
    653.7437        1.0001
    653.7478        0.9958
    653.7520        0.9917
    653.7561        0.9889
    653.7603        0.9905
    653.7644        0.9990
    653.7685        1.0129
    653.7727        1.0266
    653.7768        1.0347
    653.7810        1.0358
    653.7851        1.0312
    653.7893        1.0224
    653.7934        1.0102
    653.7976        0.9965
    653.8017        0.9853
    653.8059        0.9823
    653.8100        0.9915
    653.8142        1.0117
    653.8183        1.0350
    653.8224        1.0504
    653.8266        1.0508
    653.8307        1.0391
    653.8349        1.0256
    653.8390        1.0204
    653.8432        1.0275
    653.8473        1.0418
    653.8515        1.0539
    653.8556        1.0559
    653.8598        1.0467
    653.8639        1.0318
    653.8680        1.0187
    653.8722        1.0121
    653.8763        1.0125
    653.8805        1.0179
    653.8846        1.0253
    653.8888        1.0318
    653.8929        1.0358
    653.8971        1.0377
    653.9012        1.0391
    653.9054        1.0408
    653.9095        1.0427
    653.9137        1.0443
    653.9178        1.0442
    653.9219        1.0411
    653.9261        1.0348
    653.9302        1.0278
    653.9344        1.0225
    653.9385        1.0190
    653.9427        1.0154
    653.9468        1.0117
    653.9510        1.0085
    653.9551        1.0066
    653.9593        1.0059
    653.9634        1.0061
    653.9676        1.0064
    653.9717        1.0058
    653.9758        1.0058
    653.9800        1.0098
    653.9841        1.0183
    653.9883        1.0250
    653.9924        1.0248
    653.9966        1.0217
    654.0007        1.0215
    654.0049        1.0217
    654.0090        1.0179
    654.0132        1.0142
    654.0173        1.0184
    654.0214        1.0308
    654.0256        1.0442
    654.0297        1.0520
    654.0339        1.0516
    654.0380        1.0432
    654.0422        1.0302
    654.0463        1.0183
    654.0505        1.0129
    654.0546        1.0153
    654.0588        1.0238
    654.0629        1.0360
    654.0671        1.0489
    654.0712        1.0574
    654.0753        1.0566
    654.0795        1.0456
    654.0836        1.0296
    654.0878        1.0171
    654.0919        1.0144
    654.0961        1.0211
    654.1002        1.0320
    654.1044        1.0421
    654.1085        1.0480
    654.1127        1.0472
    654.1168        1.0405
    654.1210        1.0328
    654.1251        1.0300
    654.1292        1.0331
    654.1334        1.0371
    654.1375        1.0346
    654.1417        1.0227
    654.1458        1.0065
    654.1500        0.9956
    654.1541        0.9961
    654.1583        1.0058
    654.1624        1.0167
    654.1666        1.0220
    654.1707        1.0221
    654.1748        1.0209
    654.1790        1.0180
    654.1831        1.0094
    654.1873        0.9939
    654.1914        0.9766
    654.1956        0.9665
    654.1997        0.9698
    654.2039        0.9846
    654.2080        1.0039
    654.2122        1.0213
    654.2163        1.0321
    654.2205        1.0325
    654.2246        1.0234
    654.2287        1.0127
    654.2329        1.0089
    654.2370        1.0131
    654.2412        1.0203
    654.2453        1.0265
    654.2495        1.0304
    654.2536        1.0312
    654.2578        1.0300
    654.2619        1.0308
    654.2661        1.0351
    654.2702        1.0373
    654.2743        1.0305
    654.2785        1.0160
    654.2826        1.0017
    654.2868        0.9943
    654.2909        0.9963
    654.2951        1.0073
    654.2992        1.0249
    654.3034        1.0440
    654.3075        1.0593
    654.3117        1.0670
    654.3158        1.0659
    654.3200        1.0571
    654.3241        1.0441
    654.3282        1.0326
    654.3324        1.0281
    654.3365        1.0321
    654.3407        1.0418
    654.3448        1.0521
    654.3490        1.0569
    654.3531        1.0505
    654.3573        1.0328
    654.3614        1.0109
    654.3656        0.9939
    654.3697        0.9842
    654.3739        0.9771
    654.3780        0.9667
    654.3821        0.9528
    654.3863        0.9424
    654.3904        0.9430
    654.3946        0.9542
    654.3987        0.9694
    654.4029        0.9828
    654.4070        0.9916
    654.4112        0.9954
    654.4153        0.9954
    654.4195        0.9956
    654.4236        1.0007
    654.4277        1.0124
    654.4319        1.0280
    654.4360        1.0409
    654.4402        1.0458
    654.4443        1.0428
    654.4485        1.0372
    654.4526        1.0347
    654.4568        1.0368
    654.4609        1.0404
    654.4651        1.0423
    654.4692        1.0435
    654.4734        1.0457
    654.4775        1.0469
    654.4816        1.0421
    654.4858        1.0300
    654.4899        1.0139
    654.4941        1.0004
    654.4982        0.9952
    654.5024        1.0007
    654.5065        1.0146
    654.5107        1.0313
    654.5148        1.0441
    654.5190        1.0485
    654.5231        1.0449
    654.5273        1.0392
    654.5314        1.0376
    654.5355        1.0418
    654.5397        1.0485
    654.5438        1.0534
    654.5480        1.0538
    654.5521        1.0506
    654.5563        1.0454
    654.5604        1.0388
    654.5646        1.0317
    654.5687        1.0265
    654.5729        1.0252
    654.5770        1.0259
    654.5811        1.0271
    654.5853        1.0298
    654.5894        1.0350
    654.5936        1.0389
    654.5977        1.0369
    654.6019        1.0288
    654.6060        1.0200
    654.6102        1.0161
    654.6143        1.0177
    654.6185        1.0195
    654.6226        1.0171
    654.6268        1.0130
    654.6309        1.0128
    654.6350        1.0175
    654.6392        1.0241
    654.6433        1.0289
    654.6475        1.0295
    654.6516        1.0244
    654.6558        1.0159
    654.6599        1.0106
    654.6641        1.0136
    654.6682        1.0236
    654.6724        1.0343
    654.6765        1.0410
    654.6806        1.0424
    654.6848        1.0399
    654.6889        1.0365
    654.6931        1.0346
    654.6972        1.0350
    654.7014        1.0352
    654.7055        1.0327
    654.7097        1.0275
    654.7138        1.0211
    654.7180        1.0153
    654.7221        1.0112
    654.7263        1.0104
    654.7304        1.0129
    654.7345        1.0169
    654.7387        1.0202
    654.7428        1.0222
    654.7470        1.0243
    654.7511        1.0282
    654.7553        1.0357
    654.7594        1.0468
    654.7636        1.0570
    654.7677        1.0579
    654.7719        1.0457
    654.7760        1.0254
    654.7802        1.0054
    654.7843        0.9884
    654.7884        0.9747
    654.7926        0.9669
    654.7967        0.9677
    654.8009        0.9758
    654.8050        0.9881
    654.8092        1.0021
    654.8133        1.0152
    654.8175        1.0241
    654.8216        1.0267
    654.8258        1.0246
    654.8299        1.0188
    654.8340        1.0070
    654.8382        0.9882
    654.8423        0.9679
    654.8465        0.9549
    654.8506        0.9545
    654.8548        0.9655
    654.8589        0.9810
    654.8631        0.9946
    654.8672        1.0047
    654.8714        1.0112
    654.8755        1.0133
    654.8797        1.0110
    654.8838        1.0089
    654.8879        1.0121
    654.8921        1.0216
    654.8962        1.0325
    654.9004        1.0382
    654.9045        1.0371
    654.9087        1.0344
    654.9128        1.0341
    654.9170        1.0340
    654.9211        1.0321
    654.9253        1.0321
    654.9294        1.0381
    654.9336        1.0476
    654.9377        1.0559
    654.9418        1.0614
    654.9460        1.0643
    654.9501        1.0634
    654.9543        1.0581
    654.9584        1.0511
    654.9626        1.0473
    654.9667        1.0497
    654.9709        1.0574
    654.9750        1.0659
    654.9792        1.0706
    654.9833        1.0710
    654.9874        1.0697
    654.9916        1.0705
    654.9957        1.0745
    654.9999        1.0795
    655.0040        1.0819
    655.0082        1.0803
    655.0123        1.0760
    655.0165        1.0712
    655.0206        1.0651
    655.0248        1.0551
    655.0289        1.0422
    655.0331        1.0338
    655.0372        1.0385
    655.0413        1.0570
    655.0455        1.0804
    655.0496        1.0961
    655.0538        1.0991
    655.0579        1.0948
    655.0621        1.0895
    655.0662        1.0821
    655.0704        1.0708
    655.0745        1.0588
    655.0787        1.0521
    655.0828        1.0534
    655.0869        1.0596
    655.0911        1.0652
    655.0952        1.0682
    655.0994        1.0716
    655.1035        1.0766
    655.1077        1.0802
    655.1118        1.0804
    655.1160        1.0806
    655.1201        1.0854
    655.1243        1.0951
    655.1284        1.1043
    655.1326        1.1059
    655.1367        1.0972
    655.1408        1.0823
    655.1450        1.0695
    655.1491        1.0663
    655.1533        1.0749
    655.1574        1.0910
    655.1616        1.1063
    655.1657        1.1129
    655.1699        1.1086
    655.1740        1.0977
    655.1782        1.0872
    655.1823        1.0815
    655.1865        1.0808
    655.1906        1.0817
    655.1947        1.0816
    655.1989        1.0794
    655.2030        1.0755
    655.2072        1.0689
    655.2113        1.0585
    655.2155        1.0458
    655.2196        1.0369
    655.2238        1.0375
    655.2279        1.0442
    655.2321        1.0464
    655.2362        1.0390
    655.2403        1.0277
    655.2445        1.0199
    655.2486        1.0170
    655.2528        1.0154
    655.2569        1.0125
    655.2611        1.0106
    655.2652        1.0144
    655.2694        1.0253
    655.2735        1.0400
    655.2777        1.0535
    655.2818        1.0633
    655.2860        1.0703
    655.2901        1.0759
    655.2942        1.0792
    655.2984        1.0781
    655.3025        1.0732
    655.3067        1.0685
    655.3108        1.0682
    655.3150        1.0737
    655.3191        1.0832
    655.3233        1.0947
    655.3274        1.1084
    655.3316        1.1235
    655.3357        1.1349
    655.3398        1.1368
    655.3440        1.1312
    655.3481        1.1261
    655.3523        1.1268
    655.3564        1.1314
    655.3606        1.1341
    655.3647        1.1311
    655.3689        1.1232
    655.3730        1.1153
    655.3772        1.1114
    655.3813        1.1113
    655.3855        1.1101
    655.3896        1.1037
    655.3937        1.0938
    655.3979        1.0859
    655.4020        1.0829
    655.4062        1.0849
    655.4103        1.0918
    655.4145        1.1026
    655.4186        1.1120
    655.4228        1.1147
    655.4269        1.1129
    655.4311        1.1128
    655.4352        1.1169
    655.4394        1.1236
    655.4435        1.1318
    655.4476        1.1401
    655.4518        1.1443
    655.4559        1.1412
    655.4601        1.1339
    655.4642        1.1294
    655.4684        1.1309
    655.4725        1.1370
    655.4767        1.1458
    655.4808        1.1566
    655.4850        1.1687
    655.4891        1.1808
    655.4932        1.1920
    655.4974        1.2031
    655.5015        1.2161
    655.5057        1.2301
    655.5098        1.2392
    655.5140        1.2383
    655.5181        1.2295
    655.5223        1.2177
    655.5264        1.2052
    655.5306        1.1940
    655.5347        1.1908
    655.5389        1.2004
    655.5430        1.2186
    655.5471        1.2365
    655.5513        1.2494
    655.5554        1.2580
    655.5596        1.2641
    655.5637        1.2680
    655.5679        1.2685
    655.5720        1.2643
    655.5762        1.2561
    655.5803        1.2478
    655.5845        1.2454
    655.5886        1.2515
    655.5928        1.2637
    655.5969        1.2772
    655.6010        1.2903
    655.6052        1.3028
    655.6093        1.3142
    655.6135        1.3228
    655.6176        1.3281
    655.6218        1.3308
    655.6259        1.3324
    655.6301        1.3336
    655.6342        1.3347
    655.6384        1.3369
    655.6425        1.3432
    655.6466        1.3552
    655.6508        1.3696
    655.6549        1.3805
    655.6591        1.3824
    655.6632        1.3738
    655.6674        1.3585
    655.6715        1.3443
    655.6757        1.3392
    655.6798        1.3467
    655.6840        1.3636
    655.6881        1.3827
    655.6923        1.3970
    655.6964        1.4028
    655.7005        1.4016
    655.7047        1.3996
    655.7088        1.4043
    655.7130        1.4180
    655.7171        1.4362
    655.7213        1.4539
    655.7254        1.4703
    655.7296        1.4859
    655.7337        1.4991
    655.7379        1.5088
    655.7420        1.5169
    655.7461        1.5277
    655.7503        1.5441
    655.7544        1.5655
    655.7586        1.5884
    655.7627        1.6104
    655.7669        1.6311
    655.7710        1.6503
    655.7752        1.6660
    655.7793        1.6752
    655.7835        1.6777
    655.7876        1.6791
    655.7918        1.6869
    655.7959        1.7019
    655.8000        1.7159
    655.8042        1.7213
    655.8083        1.7205
    655.8125        1.7255
    655.8166        1.7477
    655.8208        1.7844
    655.8249        1.8221
    655.8291        1.8513
    655.8332        1.8745
    655.8374        1.8972
    655.8415        1.9205
    655.8457        1.9443
    655.8498        1.9681
    655.8539        1.9896
    655.8581        2.0062
    655.8622        2.0212
    655.8664        2.0420
    655.8705        2.0717
    655.8747        2.1072
    655.8788        2.1451
    655.8830        2.1842
    655.8871        2.2223
    655.8913        2.2563
    655.8954        2.2872
    655.8995        2.3200
    655.9037        2.3574
    655.9078        2.3986
    655.9120        2.4409
    655.9161        2.4827
    655.9203        2.5227
    655.9244        2.5602
    655.9286        2.5949
    655.9327        2.6281
    655.9369        2.6618
    655.9410        2.6980
    655.9452        2.7363
    655.9493        2.7748
    655.9534        2.8127
    655.9576        2.8536
    655.9617        2.9067
    655.9659        2.9787
    655.9700        3.0654
    655.9742        3.1542
    655.9783        3.2331
    655.9825        3.2968
    655.9866        3.3472
    655.9908        3.3917
    655.9949        3.4392
    655.9991        3.4916
    656.0032        3.5423
    656.0073        3.5861
    656.0115        3.6303
    656.0156        3.6887
    656.0198        3.7689
    656.0239        3.8685
    656.0281        3.9801
    656.0322        4.0973
    656.0364        4.2152
    656.0405        4.3259
    656.0447        4.4195
    656.0488        4.4967
    656.0529        4.5742
    656.0571        4.6662
    656.0612        4.7687
    656.0654        4.8744
    656.0695        4.9900
    656.0737        5.1212
    656.0778        5.2550
    656.0820        5.3722
    656.0861        5.4694
    656.0903        5.5574
    656.0944        5.6493
    656.0986        5.7528
    656.1027        5.8700
    656.1068        5.9983
    656.1110        6.1340
    656.1151        6.2767
    656.1193        6.4265
    656.1234        6.5760
    656.1276        6.7119
    656.1317        6.8350
    656.1359        6.9638
    656.1400        7.1024
    656.1442        7.2230
    656.1483        7.3002
    656.1524        7.3451
    656.1566        7.3936
    656.1607        7.4740
    656.1649        7.5879
    656.1690        7.7135
    656.1732        7.8267
    656.1773        7.9197
    656.1815        8.0010
    656.1856        8.0838
    656.1898        8.1727
    656.1939        8.2619
    656.1981        8.3464
    656.2022        8.4296
    656.2063        8.5180
    656.2105        8.6124
    656.2146        8.7073
    656.2188        8.7985
    656.2229        8.8919
    656.2271        8.9993
    656.2312        9.1233
    656.2354        9.2543
    656.2395        9.3871
    656.2437        9.5285
    656.2478        9.6859
    656.2520        9.8553
    656.2561       10.0216
    656.2602       10.1668
    656.2644       10.2803
    656.2685       10.3684
    656.2727       10.4539
    656.2768       10.5573
    656.2810       10.6742
    656.2851       10.7819
    656.2893       10.8690
    656.2934       10.9434
    656.2976       11.0133
    656.3017       11.0752
    656.3058       11.1206
    656.3100       11.1425
    656.3141       11.1362
    656.3183       11.1072
    656.3224       11.0769
    656.3266       11.0659
    656.3307       11.0692
    656.3349       11.0584
    656.3390       11.0085
    656.3432       10.9165
    656.3473       10.7991
    656.3515       10.6762
    656.3556       10.5575
    656.3597       10.4472
    656.3639       10.3524
    656.3680       10.2736
    656.3722       10.1927
    656.3763       10.0857
    656.3805        9.9432
    656.3846        9.7668
    656.3888        9.5580
    656.3929        9.3290
    656.3971        9.1143
    656.4012        8.9457
    656.4054        8.8206
    656.4095        8.7108
    656.4136        8.5945
    656.4178        8.4738
    656.4219        8.3685
    656.4261        8.2984
    656.4302        8.2687
    656.4344        8.2705
    656.4385        8.2874
    656.4427        8.2967
    656.4468        8.2731
    656.4510        8.2026
    656.4551        8.0921
    656.4592        7.9617
    656.4634        7.8298
    656.4675        7.7066
    656.4717        7.5957
    656.4758        7.4974
    656.4800        7.4118
    656.4841        7.3413
    656.4883        7.2866
    656.4924        7.2378
    656.4966        7.1729
    656.5007        7.0731
    656.5049        6.9382
    656.5090        6.7853
    656.5131        6.6351
    656.5173        6.4956
    656.5214        6.3621
    656.5256        6.2343
    656.5297        6.1212
    656.5339        6.0227
    656.5380        5.9222
    656.5422        5.8107
    656.5463        5.7005
    656.5505        5.6049
    656.5546        5.5188
    656.5587        5.4270
    656.5629        5.3212
    656.5670        5.2069
    656.5712        5.0955
    656.5753        4.9902
    656.5795        4.8834
    656.5836        4.7677
    656.5878        4.6462
    656.5919        4.5300
    656.5961        4.4280
    656.6002        4.3389
    656.6044        4.2525
    656.6085        4.1603
    656.6126        4.0618
    656.6168        3.9626
    656.6209        3.8691
    656.6251        3.7849
    656.6292        3.7090
    656.6334        3.6373
    656.6375        3.5672
    656.6417        3.5009
    656.6458        3.4402
    656.6500        3.3806
    656.6541        3.3147
    656.6583        3.2431
    656.6624        3.1738
    656.6665        3.1130
    656.6707        3.0590
    656.6748        3.0066
    656.6790        2.9535
    656.6831        2.9037
    656.6873        2.8608
    656.6914        2.8218
    656.6956        2.7813
    656.6997        2.7400
    656.7039        2.7027
    656.7080        2.6700
    656.7121        2.6383
    656.7163        2.6044
    656.7204        2.5680
    656.7246        2.5293
    656.7287        2.4877
    656.7329        2.4414
    656.7370        2.3894
    656.7412        2.3345
    656.7453        2.2839
    656.7495        2.2467
    656.7536        2.2247
    656.7578        2.2080
    656.7619        2.1826
    656.7660        2.1429
    656.7702        2.0944
    656.7743        2.0487
    656.7785        2.0141
    656.7826        1.9909
    656.7868        1.9748
    656.7909        1.9615
    656.7951        1.9465
    656.7992        1.9250
    656.8034        1.8983
    656.8075        1.8754
    656.8117        1.8643
    656.8158        1.8637
    656.8199        1.8665
    656.8241        1.8673
    656.8282        1.8654
    656.8324        1.8612
    656.8365        1.8515
    656.8407        1.8292
    656.8448        1.7927
    656.8490        1.7501
    656.8531        1.7110
    656.8573        1.6793
    656.8614        1.6534
    656.8655        1.6302
    656.8697        1.6079
    656.8738        1.5873
    656.8780        1.5722
    656.8821        1.5676
    656.8863        1.5743
    656.8904        1.5866
    656.8946        1.5941
    656.8987        1.5881
    656.9029        1.5680
    656.9070        1.5403
    656.9112        1.5114
    656.9153        1.4840
    656.9194        1.4595
    656.9236        1.4400
    656.9277        1.4269
    656.9319        1.4200
    656.9360        1.4172
    656.9402        1.4162
    656.9443        1.4154
    656.9485        1.4135
    656.9526        1.4094
    656.9568        1.4021
    656.9609        1.3910
    656.9650        1.3767
    656.9692        1.3616
    656.9733        1.3479
    656.9775        1.3364
    656.9816        1.3267
    656.9858        1.3186
    656.9899        1.3136
    656.9941        1.3143
    656.9982        1.3207
    657.0024        1.3282
    657.0065        1.3301
    657.0107        1.3225
    657.0148        1.3070
    657.0189        1.2896
    657.0231        1.2779
    657.0272        1.2767
    657.0314        1.2833
    657.0355        1.2880
    657.0397        1.2825
    657.0438        1.2680
    657.0480        1.2518
    657.0521        1.2400
    657.0563        1.2354
    657.0604        1.2384
    657.0646        1.2463
    657.0687        1.2530
    657.0728        1.2538
    657.0770        1.2483
    657.0811        1.2397
    657.0853        1.2302
    657.0894        1.2204
    657.0936        1.2098
    657.0977        1.1991
    657.1019        1.1910
    657.1060        1.1885
    657.1102        1.1928
    657.1143        1.2002
    657.1184        1.2044
    657.1226        1.2013
    657.1267        1.1931
    657.1309        1.1860
    657.1350        1.1844
    657.1392        1.1855
    657.1433        1.1823
    657.1475        1.1730
    657.1516        1.1630
    657.1558        1.1574
    657.1599        1.1552
    657.1641        1.1530
    657.1682        1.1491
    657.1723        1.1428
    657.1765        1.1337
    657.1806        1.1232
    657.1848        1.1136
    657.1889        1.1055
    657.1931        1.0977
    657.1972        1.0907
    657.2014        1.0866
    657.2055        1.0856
    657.2097        1.0843
    657.2138        1.0794
    657.2180        1.0720
    657.2221        1.0681
    657.2262        1.0731
    657.2304        1.0854
    657.2345        1.0992
    657.2387        1.1109
    657.2428        1.1206
    657.2470        1.1284
    657.2511        1.1330
    657.2553        1.1350
    657.2594        1.1363
    657.2636        1.1385
    657.2677        1.1409
    657.2718        1.1424
    657.2760        1.1429
    657.2801        1.1441
    657.2843        1.1465
    657.2884        1.1468
    657.2926        1.1404
    657.2967        1.1256
    657.3009        1.1062
    657.3050        1.0904
    657.3092        1.0856
    657.3133        1.0935
    657.3175        1.1088
    657.3216        1.1223
    657.3257        1.1284
    657.3299        1.1283
    657.3340        1.1257
    657.3382        1.1224
    657.3423        1.1195
    657.3465        1.1184
    657.3506        1.1179
    657.3548        1.1135
    657.3589        1.1019
    657.3631        1.0867
    657.3672        1.0757
    657.3713        1.0743
    657.3755        1.0805
    657.3796        1.0863
    657.3838        1.0861
    657.3879        1.0811
    657.3921        1.0768
    657.3962        1.0773
    657.4004        1.0828
    657.4045        1.0905
    657.4087        1.0982
    657.4128        1.1046
    657.4170        1.1084
    657.4211        1.1087
    657.4252        1.1072
    657.4294        1.1059
    657.4335        1.1022
    657.4377        1.0928
    657.4418        1.0807
    657.4460        1.0726
    657.4501        1.0685
    657.4543        1.0613
    657.4584        1.0471
    657.4626        1.0288
    657.4667        1.0108
    657.4709        0.9976
    657.4750        0.9956
    657.4791        1.0082
    657.4833        1.0294
    657.4874        1.0464
    657.4916        1.0499
    657.4957        1.0415
    657.4999        1.0318
    657.5040        1.0294
    657.5082        1.0324
    657.5123        1.0353
    657.5165        1.0388
    657.5206        1.0473
    657.5247        1.0593
    657.5289        1.0683
    657.5330        1.0705
    657.5372        1.0674
    657.5413        1.0641
    657.5455        1.0635
    657.5496        1.0635
    657.5538        1.0599
    657.5579        1.0516
    657.5621        1.0428
    657.5662        1.0404
    657.5704        1.0476
    657.5745        1.0596
    657.5786        1.0674
    657.5828        1.0658
    657.5869        1.0579
    657.5911        1.0521
    657.5952        1.0520
    657.5994        1.0526
    657.6035        1.0504
    657.6077        1.0490
    657.6118        1.0530
    657.6160        1.0611
    657.6201        1.0689
    657.6243        1.0737
    657.6284        1.0767
    657.6325        1.0799
    657.6367        1.0827
    657.6408        1.0826
    657.6450        1.0787
    657.6491        1.0736
    657.6533        1.0702
    657.6574        1.0690
    657.6616        1.0685
    657.6657        1.0667
    657.6699        1.0622
    657.6740        1.0551
    657.6781        1.0470
    657.6823        1.0407
    657.6864        1.0388
    657.6906        1.0416
    657.6947        1.0470
    657.6989        1.0527
    657.7030        1.0581
    657.7072        1.0631
    657.7113        1.0647
    657.7155        1.0601
    657.7196        1.0503
    657.7238        1.0405
    657.7279        1.0358
    657.7320        1.0388
    657.7362        1.0482
    657.7403        1.0603
    657.7445        1.0711
    657.7486        1.0778
    657.7528        1.0795
    657.7569        1.0763
    657.7611        1.0689
    657.7652        1.0595
    657.7694        1.0518
    657.7735        1.0478
    657.7776        1.0459
    657.7818        1.0440
    657.7859        1.0430
    657.7901        1.0437
    657.7942        1.0452
    657.7984        1.0453
    657.8025        1.0437
    657.8067        1.0404
    657.8108        1.0353
    657.8150        1.0293
    657.8191        1.0248
    657.8233        1.0239
    657.8274        1.0266
    657.8315        1.0303
    657.8357        1.0316
    657.8398        1.0277
    657.8440        1.0190
    657.8481        1.0107
    657.8523        1.0093
    657.8564        1.0158
    657.8606        1.0243
    657.8647        1.0283
    657.8689        1.0262
    657.8730        1.0229
    657.8772        1.0248
    657.8813        1.0339
    657.8854        1.0454
    657.8896        1.0512
    657.8937        1.0475
    657.8979        1.0390
    657.9020        1.0331
    657.9062        1.0307
    657.9103        1.0279
    657.9145        1.0243
    657.9186        1.0245
    657.9228        1.0312
    657.9269        1.0418
    657.9310        1.0504
    657.9352        1.0526
    657.9393        1.0481
    657.9435        1.0397
    657.9476        1.0305
    657.9518        1.0222
    657.9559        1.0156
    657.9601        1.0116
    657.9642        1.0122
    657.9684        1.0191
    657.9725        1.0324
    657.9767        1.0480
    657.9808        1.0597
    657.9849        1.0646
    657.9891        1.0657
    657.9932        1.0666
    657.9974        1.0662
    658.0015        1.0620
    658.0057        1.0533
    658.0098        1.0398
    658.0140        1.0210
    658.0181        1.0015
    658.0223        0.9908
    658.0264        0.9945
    658.0305        1.0081
    658.0347        1.0220
    658.0388        1.0301
    658.0430        1.0304
    658.0471        1.0249
    658.0513        1.0174
    658.0554        1.0116
    658.0596        1.0086
    658.0637        1.0060
    658.0679        1.0008
    658.0720        0.9941
    658.0762        0.9926
    658.0803        1.0032
    658.0844        1.0233
    658.0886        1.0423
    658.0927        1.0507
    658.0969        1.0475
    658.1010        1.0385
    658.1052        1.0312
    658.1093        1.0295
    658.1135        1.0318
    658.1176        1.0335
    658.1218        1.0305
    658.1259        1.0222
    658.1301        1.0112
    658.1342        1.0015
    658.1383        0.9978
    658.1425        1.0043
    658.1466        1.0199
    658.1508        1.0364
    658.1549        1.0451
    658.1591        1.0446
    658.1632        1.0382
    658.1674        1.0280
    658.1715        1.0164
    658.1757        1.0085
    658.1798        1.0079
    658.1839        1.0122
    658.1881        1.0151
    658.1922        1.0129
    658.1964        1.0087
    658.2005        1.0092
    658.2047        1.0171
    658.2088        1.0270
    658.2130        1.0337
    658.2171        1.0379
    658.2213        1.0419
    658.2254        1.0448
    658.2296        1.0426
    658.2337        1.0326
    658.2378        1.0154
    658.2420        0.9955
    658.2461        0.9790
    658.2503        0.9709
    658.2544        0.9739
    658.2586        0.9873
    658.2627        1.0066
    658.2669        1.0237
    658.2710        1.0304
    658.2752        1.0242
    658.2793        1.0133
    658.2835        1.0098
    658.2876        1.0175
    658.2917        1.0300
    658.2959        1.0382
    658.3000        1.0387
    658.3042        1.0344
    658.3083        1.0313
    658.3125        1.0330
    658.3166        1.0393
    658.3208        1.0474
    658.3249        1.0541
    658.3291        1.0576
    658.3332        1.0581
    658.3373        1.0561
    658.3415        1.0530
    658.3456        1.0496
    658.3498        1.0449
    658.3539        1.0362
    658.3581        1.0226
    658.3622        1.0078
    658.3664        0.9976
    658.3705        0.9952
    658.3747        0.9978
    658.3788        0.9991
    658.3830        0.9956
    658.3871        0.9908
    658.3912        0.9908
    658.3954        0.9978
    658.3995        1.0084
    658.4037        1.0159
    658.4078        1.0175
    658.4120        1.0156
    658.4161        1.0146
    658.4203        1.0165
    658.4244        1.0209
    658.4286        1.0266
    658.4327        1.0338
    658.4368        1.0422
    658.4410        1.0496
    658.4451        1.0539
    658.4493        1.0558
    658.4534        1.0590
    658.4576        1.0649
    658.4617        1.0706
    658.4659        1.0715
    658.4700        1.0646
    658.4742        1.0497
    658.4783        1.0293
    658.4825        1.0075
    658.4866        0.9891
    658.4907        0.9788
    658.4949        0.9791
    658.4990        0.9889
    658.5032        1.0031
    658.5073        1.0141
    658.5115        1.0173
    658.5156        1.0140
    658.5198        1.0106
    658.5239        1.0120
    658.5281        1.0164
    658.5322        1.0156
    658.5364        1.0052
    658.5405        0.9918
    658.5446        0.9852
    658.5488        0.9877
    658.5529        0.9953
    658.5571        1.0037
    658.5612        1.0110
    658.5654        1.0165
    658.5695        1.0187
    658.5737        1.0158
    658.5778        1.0100
    658.5820        1.0073
    658.5861        1.0110
    658.5902        1.0184
    658.5944        1.0257
    658.5985        1.0320
    658.6027        1.0375
    658.6068        1.0416
    658.6110        1.0436
    658.6151        1.0443
    658.6193        1.0440
    658.6234        1.0418
    658.6276        1.0356
    658.6317        1.0259
    658.6359        1.0180
    658.6400        1.0163
    658.6441        1.0187
    658.6483        1.0185
    658.6524        1.0133
    658.6566        1.0063
    658.6607        1.0006
    658.6649        0.9966
    658.6690        0.9937
    658.6732        0.9911
    658.6773        0.9884
    658.6815        0.9843
    658.6856        0.9783
    658.6898        0.9724
    658.6939        0.9716
    658.6980        0.9791
    658.7022        0.9924
    658.7063        1.0058
    658.7105        1.0153
    658.7146        1.0208
    658.7188        1.0246
    658.7229        1.0279
    658.7271        1.0311
    658.7312        1.0343
    658.7354        1.0381
    658.7395        1.0405
    658.7436        1.0379
    658.7478        1.0314
    658.7519        1.0277
    658.7561        1.0301
    658.7602        1.0336
    658.7644        1.0329
    658.7685        1.0289
    658.7727        1.0250
    658.7768        1.0237
    658.7810        1.0263
    658.7851        1.0339
    658.7893        1.0446
    658.7934        1.0541
    658.7975        1.0581
    658.8017        1.0546
    658.8058        1.0440
    658.8100        1.0288
    658.8141        1.0148
    658.8183        1.0086
    658.8224        1.0144
    658.8266        1.0303
    658.8307        1.0477
    658.8349        1.0580
    658.8390        1.0585
    658.8431        1.0527
    658.8473        1.0454
    658.8514        1.0380
    658.8556        1.0294
    658.8597        1.0204
    658.8639        1.0169
    658.8680        1.0248
    658.8722        1.0436
    658.8763        1.0643
    658.8805        1.0745
    658.8846        1.0679
    658.8888        1.0490
    658.8929        1.0285
    658.8970        1.0148
    658.9012        1.0095
    658.9053        1.0088
    658.9095        1.0087
    658.9136        1.0091
    658.9178        1.0126
    658.9219        1.0207
    658.9261        1.0323
    658.9302        1.0434
    658.9344        1.0499
    658.9385        1.0501
    658.9427        1.0463
    658.9468        1.0421
    658.9509        1.0391
    658.9551        1.0360
    658.9592        1.0319
    658.9634        1.0283
    658.9675        1.0272
    658.9717        1.0280
    658.9758        1.0276
    658.9800        1.0232
    658.9841        1.0156
    658.9883        1.0081
    658.9924        1.0017
    658.9965        0.9962
    659.0007        0.9923
    659.0048        0.9927
    659.0090        0.9990
    659.0131        1.0089
    659.0173        1.0170
    659.0214        1.0196
    659.0256        1.0181
    659.0297        1.0166
    659.0339        1.0174
    659.0380        1.0202
    659.0422        1.0232
    659.0463        1.0237
    659.0504        1.0207
    659.0546        1.0165
    659.0587        1.0158
    659.0629        1.0192
    659.0670        1.0220
    659.0712        1.0218
    659.0753        1.0227
    659.0795        1.0300
    659.0836        1.0428
    659.0878        1.0539
    659.0919        1.0565
    659.0961        1.0506
    659.1002        1.0412
    659.1043        1.0310
    659.1085        1.0203
    659.1126        1.0131
    659.1168        1.0156
    659.1209        1.0275
    659.1251        1.0403
    659.1292        1.0458
    659.1334        1.0413
    659.1375        1.0293
    659.1417        1.0142
    659.1458        1.0003
    659.1499        0.9917
    659.1541        0.9916
    659.1582        1.0012
    659.1624        1.0176
    659.1665        1.0353
    659.1707        1.0491
    659.1748        1.0539
    659.1790        1.0465
    659.1831        1.0295
    659.1873        1.0116
    659.1914        1.0015
    659.1956        1.0007
    659.1997        1.0054
    659.2038        1.0113
    659.2080        1.0165
    659.2121        1.0204
    659.2163        1.0235
    659.2204        1.0260
    659.2246        1.0263
    659.2287        1.0224
    659.2329        1.0142
    659.2370        1.0055
    659.2412        1.0026
    659.2453        1.0091
    659.2494        1.0229
    659.2536        1.0357
    659.2577        1.0390
    659.2619        1.0302
    659.2660        1.0148
    659.2702        1.0008
    659.2743        0.9907
    659.2785        0.9837
    659.2826        0.9808
    659.2868        0.9841
    659.2909        0.9906
    659.2951        0.9933
    659.2992        0.9887
    659.3033        0.9802
    659.3075        0.9746
    659.3116        0.9763
    659.3158        0.9845
    659.3199        0.9945
    659.3241        1.0024
    659.3282        1.0069
    659.3324        1.0094
    659.3365        1.0118
    659.3407        1.0148
    659.3448        1.0168
    659.3490        1.0148
    659.3531        1.0079
    659.3572        0.9995
    659.3614        0.9940
    659.3655        0.9945
    659.3697        1.0010
    659.3738        1.0117
    659.3780        1.0231
    659.3821        1.0301
    659.3863        1.0280
    659.3904        1.0163
    659.3946        1.0019
    659.3987        0.9941
    659.4028        0.9954
    659.4070        0.9995
    659.4111        0.9993
    659.4153        0.9929
    659.4194        0.9823
    659.4236        0.9715
    659.4277        0.9657
    659.4319        0.9683
    659.4360        0.9781
    659.4402        0.9908
    659.4443        1.0022
    659.4485        1.0118
    659.4526        1.0210
    659.4567        1.0300
    659.4609        1.0354
    659.4650        1.0333
    659.4692        1.0236
    659.4733        1.0103
    659.4775        0.9990
    659.4816        0.9946
    659.4858        0.9986
    659.4899        1.0072
    659.4941        1.0124
    659.4982        1.0088
    659.5024        0.9978
    659.5065        0.9855
    659.5106        0.9772
    659.5148        0.9750
    659.5189        0.9784
    659.5231        0.9851
    659.5272        0.9925
    659.5314        0.9984
    659.5355        1.0021
    659.5397        1.0048
    659.5438        1.0080
    659.5480        1.0099
    659.5521        1.0074
    659.5562        1.0005
    659.5604        0.9936
    659.5645        0.9919
    659.5687        0.9965
    659.5728        1.0025
    659.5770        1.0038
    659.5811        0.9985
    659.5853        0.9896
    659.5894        0.9810
    659.5936        0.9761
    659.5977        0.9776
    659.6019        0.9853
    659.6060        0.9942
    659.6101        0.9991
    659.6143        1.0000
    659.6184        1.0029
    659.6226        1.0147
    659.6267        1.0349
    659.6309        1.0536
    659.6350        1.0611
    659.6392        1.0570
    659.6433        1.0480
    659.6475        1.0402
    659.6516        1.0352
    659.6557        1.0299
    659.6599        1.0229
    659.6640        1.0162
    659.6682        1.0142
    659.6723        1.0182
    659.6765        1.0248
    659.6806        1.0285
    659.6848        1.0274
    659.6889        1.0241
    659.6931        1.0219
    659.6972        1.0212
    659.7014        1.0196
    659.7055        1.0148
    659.7096        1.0069
    659.7138        0.9980
    659.7179        0.9906
    659.7221        0.9858
    659.7262        0.9826
    659.7304        0.9804
    659.7345        0.9805
    659.7387        0.9837
    659.7428        0.9886
    659.7470        0.9928
    659.7511        0.9954
    659.7553        0.9969
    659.7594        0.9973
    659.7635        0.9971
    659.7677        0.9976
    659.7718        1.0004
    659.7760        1.0062
    659.7801        1.0148
    659.7843        1.0250
    659.7884        1.0350
    659.7926        1.0430
    659.7967        1.0459
    659.8009        1.0411
    659.8050        1.0293
    659.8091        1.0150
    659.8133        1.0039
    659.8174        0.9992
    659.8216        1.0008
    659.8257        1.0071
    659.8299        1.0160
    659.8340        1.0248
    659.8382        1.0285
    659.8423        1.0238
    659.8465        1.0142
    659.8506        1.0069
    659.8548        1.0062
    659.8589        1.0110
    659.8630        1.0171
    659.8672        1.0208
    659.8713        1.0208
    659.8755        1.0181
    659.8796        1.0143
    659.8838        1.0106
    659.8879        1.0072
    659.8921        1.0038
    659.8962        1.0009
    659.9004        0.9994
    659.9045        0.9999
    659.9087        1.0012
    659.9128        1.0006
    659.9169        0.9949
    659.9211        0.9836
    659.9252        0.9706
    659.9294        0.9630
    659.9335        0.9660
    659.9377        0.9791
    659.9418        0.9959
    659.9460        1.0093
    659.9501        1.0158
    659.9543        1.0165
    659.9584        1.0135
    659.9625        1.0078
    659.9667        1.0000
    659.9708        0.9916
    659.9750        0.9841
    659.9791        0.9793
    659.9833        0.9787
    659.9874        0.9829
    659.9916        0.9906
    659.9957        0.9986
    659.9999        1.0027
    660.0040        1.0004
    660.0082        0.9926
    660.0123        0.9816
    660.0164        0.9690
    660.0206        0.9575
    660.0247        0.9518
    660.0289        0.9566
    660.0330        0.9719
    660.0372        0.9925
    660.0413        1.0103
    660.0455        1.0197
    660.0496        1.0195
    660.0538        1.0120
    660.0579        1.0006
    660.0620        0.9901
    660.0662        0.9851
    660.0703        0.9861
    660.0745        0.9889
    660.0786        0.9877
    660.0828        0.9801
    660.0869        0.9693
    660.0911        0.9610
    660.0952        0.9588
    660.0994        0.9626
    660.1035        0.9710
    660.1077        0.9820
    660.1118        0.9909
    660.1159        0.9929
    660.1201        0.9873
    660.1242        0.9806
    660.1284        0.9829
    660.1325        0.9980
    660.1367        1.0163
    660.1408        1.0240
    660.1450        1.0156
    660.1491        0.9962
    660.1533        0.9767
    660.1574        0.9670
    660.1616        0.9695
    660.1657        0.9783
    660.1698        0.9836
    660.1740        0.9820
    660.1781        0.9790
    660.1823        0.9807
    660.1864        0.9876
    660.1906        0.9966
    660.1947        1.0048
    660.1989        1.0111
    660.2030        1.0147
    660.2072        1.0154
    660.2113        1.0139
    660.2154        1.0124
    660.2196        1.0125
    660.2237        1.0141
    660.2279        1.0165
    660.2320        1.0197
    660.2362        1.0230
    660.2403        1.0239
    660.2445        1.0198
    660.2486        1.0111
    660.2528        1.0010
    660.2569        0.9920
    660.2611        0.9853
    660.2652        0.9816
    660.2693        0.9814
    660.2735        0.9849
    660.2776        0.9897
    660.2818        0.9920
    660.2859        0.9905
    660.2901        0.9879
    660.2942        0.9866
    660.2984        0.9858
    660.3025        0.9846
    660.3067        0.9836
    660.3108        0.9833
    660.3149        0.9831
    660.3191        0.9837
    660.3232        0.9873
    660.3274        0.9946
    660.3315        1.0034
    660.3357        1.0111
    660.3398        1.0162
    660.3440        1.0174
    660.3481        1.0136
    660.3523        1.0039
    660.3564        0.9896
    660.3606        0.9738
    660.3647        0.9612
    660.3688        0.9550
    660.3730        0.9567
    660.3771        0.9659
    660.3813        0.9790
    660.3854        0.9909
    660.3896        0.9976
    660.3937        0.9992
    660.3979        0.9986
    660.4020        0.9986
    660.4062        1.0006
    660.4103        1.0047
    660.4145        1.0101
    660.4186        1.0146
    660.4227        1.0149
    660.4269        1.0082
    660.4310        0.9962
    660.4352        0.9847
    660.4393        0.9789
    660.4435        0.9798
    660.4476        0.9854
    660.4518        0.9926
    660.4559        0.9981
    660.4601        0.9990
    660.4642        0.9942
    660.4683        0.9861
    660.4725        0.9797
    660.4766        0.9778
    660.4808        0.9783
    660.4849        0.9781
    660.4891        0.9783
    660.4932        0.9811
    660.4974        0.9847
    660.5015        0.9864
    660.5057        0.9862
    660.5098        0.9845
    660.5140        0.9801
    660.5181        0.9749
    660.5222        0.9760
    660.5264        0.9859
    660.5305        0.9983
    660.5347        1.0052
    660.5388        1.0059
    660.5430        1.0047
    660.5471        1.0050
    660.5513        1.0057
    660.5554        1.0037
    660.5596        0.9981
    660.5637        0.9916
    660.5679        0.9886
    660.5720        0.9914
    660.5761        0.9980
    660.5803        1.0043
    660.5844        1.0069
    660.5886        1.0055
    660.5927        1.0020
    660.5969        0.9995
    660.6010        1.0005
    660.6052        1.0047
    660.6093        1.0084
    660.6135        1.0080
    660.6176        1.0031
    660.6217        0.9975
    660.6259        0.9958
    660.6300        0.9995
    660.6342        1.0049
    660.6383        1.0026
    660.6425        0.9688
    660.6466        0.8588
    660.6508        0.6427
    660.6549        0.3726
