    650.5859        1.0629
    650.5942        1.0609
    650.6025        1.0651
    650.6108        1.0684
    650.6191        1.0651
    650.6273        1.0611
    650.6356        1.0586
    650.6439        1.0569
    650.6522        1.0622
    650.6605        1.0691
    650.6688        1.0619
    650.6771        1.0510
    650.6854        1.0521
    650.6937        1.0562
    650.7020        1.0573
    650.7103        1.0583
    650.7186        1.0594
    650.7268        1.0595
    650.7351        1.0551
    650.7434        1.0496
    650.7517        1.0490
    650.7600        1.0495
    650.7683        1.0539
    650.7766        1.0613
    650.7849        1.0629
    650.7932        1.0607
    650.8015        1.0572
    650.8098        1.0539
    650.8181        1.0514
    650.8263        1.0497
    650.8346        1.0446
    650.8429        1.0365
    650.8512        1.0309
    650.8595        1.0269
    650.8678        1.0261
    650.8761        1.0283
    650.8844        1.0333
    650.8927        1.0403
    650.9010        1.0446
    650.9093        1.0454
    650.9176        1.0483
    650.9258        1.0555
    650.9341        1.0552
    650.9424        1.0428
    650.9507        1.0387
    650.9590        1.0508
    650.9673        1.0580
    650.9756        1.0524
    650.9839        1.0499
    650.9922        1.0572
    651.0005        1.0625
    651.0088        1.0604
    651.0171        1.0577
    651.0253        1.0569
    651.0336        1.0566
    651.0419        1.0583
    651.0502        1.0586
    651.0585        1.0498
    651.0668        1.0416
    651.0751        1.0462
    651.0834        1.0537
    651.0917        1.0614
    651.1000        1.0679
    651.1083        1.0652
    651.1166        1.0614
    651.1249        1.0579
    651.1331        1.0531
    651.1414        1.0494
    651.1497        1.0459
    651.1580        1.0465
    651.1663        1.0499
    651.1746        1.0448
    651.1829        1.0378
    651.1912        1.0342
    651.1995        1.0286
    651.2078        1.0246
    651.2161        1.0217
    651.2244        1.0251
    651.2326        1.0289
    651.2409        1.0351
    651.2492        1.0454
    651.2575        1.0524
    651.2658        1.0574
    651.2741        1.0601
    651.2824        1.0617
    651.2907        1.0597
    651.2990        1.0556
    651.3073        1.0560
    651.3156        1.0592
    651.3239        1.0559
    651.3321        1.0488
    651.3404        1.0469
    651.3487        1.0483
    651.3570        1.0460
    651.3653        1.0410
    651.3736        1.0396
    651.3819        1.0396
    651.3902        1.0383
    651.3985        1.0382
    651.4068        1.0371
    651.4151        1.0327
    651.4234        1.0301
    651.4316        1.0320
    651.4399        1.0254
    651.4482        1.0064
    651.4565        0.9862
    651.4648        0.9668
    651.4731        0.9577
    651.4814        0.9650
    651.4897        0.9787
    651.4980        0.9984
    651.5063        1.0178
    651.5146        1.0326
    651.5229        1.0413
    651.5312        1.0394
    651.5394        1.0369
    651.5477        1.0373
    651.5560        1.0350
    651.5643        1.0236
    651.5726        1.0120
    651.5809        1.0129
    651.5892        1.0172
    651.5975        1.0174
    651.6058        1.0163
    651.6141        1.0140
    651.6224        1.0097
    651.6307        0.9892
    651.6389        0.9632
    651.6472        0.9397
    651.6555        0.9182
    651.6638        0.9191
    651.6721        0.9258
    651.6804        0.9448
    651.6887        0.9684
    651.6970        0.9791
    651.7053        0.9860
    651.7136        0.9952
    651.7219        1.0047
    651.7302        1.0132
    651.7384        1.0235
    651.7467        1.0332
    651.7550        1.0420
    651.7633        1.0420
    651.7716        1.0381
    651.7799        1.0297
    651.7882        1.0212
    651.7965        1.0212
    651.8048        1.0222
    651.8131        1.0261
    651.8214        1.0334
    651.8297        1.0359
    651.8379        1.0361
    651.8462        1.0368
    651.8545        1.0373
    651.8628        1.0351
    651.8711        1.0315
    651.8794        1.0306
    651.8877        1.0321
    651.8960        1.0278
    651.9043        1.0186
    651.9126        1.0136
    651.9209        1.0135
    651.9292        1.0073
    651.9375        0.9939
    651.9457        0.9921
    651.9540        1.0007
    651.9623        1.0108
    651.9706        1.0224
    651.9789        1.0296
    651.9872        1.0315
    651.9955        1.0346
    652.0038        1.0389
    652.0121        1.0419
    652.0204        1.0465
    652.0287        1.0487
    652.0370        1.0436
    652.0452        1.0392
    652.0535        1.0412
    652.0618        1.0432
    652.0701        1.0400
    652.0784        1.0389
    652.0867        1.0464
    652.0950        1.0529
    652.1033        1.0514
    652.1116        1.0477
    652.1199        1.0436
    652.1282        1.0406
    652.1365        1.0429
    652.1447        1.0452
    652.1530        1.0435
    652.1613        1.0417
    652.1696        1.0385
    652.1779        1.0345
    652.1862        1.0333
    652.1945        1.0322
    652.2028        1.0279
    652.2111        1.0236
    652.2194        1.0275
    652.2277        1.0353
    652.2360        1.0412
    652.2442        1.0445
    652.2525        1.0472
    652.2608        1.0498
    652.2691        1.0497
    652.2774        1.0494
    652.2857        1.0462
    652.2940        1.0428
    652.3023        1.0456
    652.3106        1.0487
    652.3189        1.0444
    652.3272        1.0376
    652.3355        1.0313
    652.3438        1.0275
    652.3520        1.0198
    652.3603        1.0086
    652.3686        0.9974
    652.3769        0.9869
    652.3852        0.9881
    652.3935        0.9892
    652.4018        1.0001
    652.4101        1.0167
    652.4184        1.0239
    652.4267        1.0284
    652.4350        1.0360
    652.4433        1.0449
    652.4515        1.0480
    652.4598        1.0492
    652.4681        1.0443
    652.4764        1.0371
    652.4847        1.0378
    652.4930        1.0406
    652.5013        1.0406
    652.5096        1.0408
    652.5179        1.0365
    652.5262        1.0311
    652.5345        1.0302
    652.5428        1.0296
    652.5510        1.0288
    652.5593        1.0293
    652.5676        1.0281
    652.5759        1.0243
    652.5842        1.0261
    652.5925        1.0324
    652.6008        1.0404
    652.6091        1.0481
    652.6174        1.0496
    652.6257        1.0491
    652.6340        1.0471
    652.6423        1.0428
    652.6505        1.0400
    652.6588        1.0400
    652.6671        1.0415
    652.6754        1.0422
    652.6837        1.0437
    652.6920        1.0468
    652.7003        1.0453
    652.7086        1.0390
    652.7169        1.0368
    652.7252        1.0388
    652.7335        1.0410
    652.7418        1.0431
    652.7501        1.0387
    652.7583        1.0278
    652.7666        1.0231
    652.7749        1.0260
    652.7832        1.0297
    652.7915        1.0323
    652.7998        1.0327
    652.8081        1.0321
    652.8164        1.0346
    652.8247        1.0413
    652.8330        1.0425
    652.8413        1.0333
    652.8496        1.0277
    652.8578        1.0312
    652.8661        1.0356
    652.8744        1.0395
    652.8827        1.0421
    652.8910        1.0422
    652.8993        1.0410
    652.9076        1.0382
    652.9159        1.0361
    652.9242        1.0369
    652.9325        1.0385
    652.9408        1.0405
    652.9491        1.0402
    652.9573        1.0328
    652.9656        1.0277
    652.9739        1.0350
    652.9822        1.0408
    652.9905        1.0341
    652.9988        1.0283
    653.0071        1.0323
    653.0154        1.0366
    653.0237        1.0377
    653.0320        1.0374
    653.0403        1.0300
    653.0486        1.0219
    653.0568        1.0195
    653.0651        1.0179
    653.0734        1.0189
    653.0817        1.0227
    653.0900        1.0307
    653.0983        1.0390
    653.1066        1.0445
    653.1149        1.0479
    653.1232        1.0440
    653.1315        1.0395
    653.1398        1.0392
    653.1481        1.0397
    653.1564        1.0391
    653.1646        1.0378
    653.1729        1.0331
    653.1812        1.0275
    653.1895        1.0292
    653.1978        1.0333
    653.2061        1.0240
    653.2144        1.0105
    653.2227        0.9947
    653.2310        0.9783
    653.2393        0.9769
    653.2476        0.9785
    653.2559        0.9918
    653.2641        1.0094
    653.2724        1.0214
    653.2807        1.0321
    653.2890        1.0392
    653.2973        1.0456
    653.3056        1.0481
    653.3139        1.0492
    653.3222        1.0483
    653.3305        1.0477
    653.3388        1.0450
    653.3471        1.0405
    653.3554        1.0366
    653.3636        1.0359
    653.3719        1.0321
    653.3802        1.0241
    653.3885        1.0141
    653.3968        1.0046
    653.4051        1.0040
    653.4134        1.0029
    653.4217        1.0098
    653.4300        1.0238
    653.4383        1.0236
    653.4466        1.0193
    653.4549        1.0195
    653.4631        1.0173
    653.4714        1.0177
    653.4797        1.0214
    653.4880        1.0240
    653.4963        1.0254
    653.5046        1.0285
    653.5129        1.0321
    653.5212        1.0304
    653.5295        1.0285
    653.5378        1.0279
    653.5461        1.0275
    653.5544        1.0280
    653.5627        1.0253
    653.5709        1.0270
    653.5792        1.0363
    653.5875        1.0367
    653.5958        1.0292
    653.6041        1.0252
    653.6124        1.0229
    653.6207        1.0324
    653.6290        1.0491
    653.6373        1.0492
    653.6456        1.0414
    653.6539        1.0343
    653.6622        1.0259
    653.6704        1.0217
    653.6787        1.0219
    653.6870        1.0249
    653.6953        1.0279
    653.7036        1.0283
    653.7119        1.0263
    653.7202        1.0284
    653.7285        1.0362
    653.7368        1.0379
    653.7451        1.0315
    653.7534        1.0343
    653.7617        1.0465
    653.7699        1.0462
    653.7782        1.0358
    653.7865        1.0337
    653.7948        1.0378
    653.8031        1.0397
    653.8114        1.0403
    653.8197        1.0369
    653.8280        1.0301
    653.8363        1.0253
    653.8446        1.0226
    653.8529        1.0235
    653.8612        1.0253
    653.8694        1.0271
    653.8777        1.0304
    653.8860        1.0332
    653.8943        1.0357
    653.9026        1.0365
    653.9109        1.0356
    653.9192        1.0329
    653.9275        1.0285
    653.9358        1.0264
    653.9441        1.0267
    653.9524        1.0258
    653.9607        1.0223
    653.9690        1.0238
    653.9772        1.0330
    653.9855        1.0358
    653.9938        1.0296
    654.0021        1.0260
    654.0104        1.0258
    654.0187        1.0271
    654.0270        1.0313
    654.0353        1.0298
    654.0436        1.0219
    654.0519        1.0187
    654.0602        1.0207
    654.0685        1.0194
    654.0767        1.0131
    654.0850        1.0150
    654.0933        1.0274
    654.1016        1.0338
    654.1099        1.0325
    654.1182        1.0324
    654.1265        1.0340
    654.1348        1.0319
    654.1431        1.0256
    654.1514        1.0233
    654.1597        1.0253
    654.1680        1.0274
    654.1762        1.0309
    654.1845        1.0294
    654.1928        1.0199
    654.2011        1.0112
    654.2094        1.0066
    654.2177        1.0027
    654.2260        0.9977
    654.2343        0.9973
    654.2426        1.0021
    654.2509        1.0057
    654.2592        1.0101
    654.2675        1.0141
    654.2757        1.0131
    654.2840        1.0125
    654.2923        1.0158
    654.3006        1.0172
    654.3089        1.0155
    654.3172        1.0163
    654.3255        1.0188
    654.3338        1.0176
    654.3421        1.0144
    654.3504        1.0072
    654.3587        0.9930
    654.3670        0.9772
    654.3753        0.9619
    654.3835        0.9502
    654.3918        0.9408
    654.4001        0.9425
    654.4084        0.9600
    654.4167        0.9792
    654.4250        0.9982
    654.4333        1.0119
    654.4416        1.0152
    654.4499        1.0144
    654.4582        1.0126
    654.4665        1.0152
    654.4748        1.0229
    654.4830        1.0267
    654.4913        1.0253
    654.4996        1.0240
    654.5079        1.0238
    654.5162        1.0204
    654.5245        1.0119
    654.5328        1.0068
    654.5411        1.0091
    654.5494        1.0099
    654.5577        1.0069
    654.5660        1.0027
    654.5743        0.9974
    654.5825        0.9958
    654.5908        0.9998
    654.5991        1.0045
    654.6074        1.0081
    654.6157        1.0109
    654.6240        1.0130
    654.6323        1.0156
    654.6406        1.0190
    654.6489        1.0201
    654.6572        1.0173
    654.6655        1.0114
    654.6738        1.0021
    654.6820        0.9993
    654.6903        1.0070
    654.6986        1.0111
    654.7069        1.0072
    654.7152        1.0016
    654.7235        0.9951
    654.7318        0.9930
    654.7401        0.9975
    654.7484        0.9976
    654.7567        0.9903
    654.7650        0.9833
    654.7733        0.9783
    654.7816        0.9765
    654.7898        0.9778
    654.7981        0.9805
    654.8064        0.9840
    654.8147        0.9872
    654.8230        0.9915
    654.8313        0.9873
    654.8396        0.9700
    654.8479        0.9532
    654.8562        0.9380
    654.8645        0.9333
    654.8728        0.9445
    654.8811        0.9588
    654.8893        0.9748
    654.8976        0.9852
    654.9059        0.9851
    654.9142        0.9843
    654.9225        0.9855
    654.9308        0.9881
    654.9391        0.9930
    654.9474        0.9955
    654.9557        0.9920
    654.9640        0.9892
    654.9723        0.9919
    654.9806        0.9925
    654.9888        0.9871
    654.9971        0.9836
    655.0054        0.9833
    655.0137        0.9833
    655.0220        0.9846
    655.0303        0.9877
    655.0386        0.9924
    655.0469        0.9953
    655.0552        0.9940
    655.0635        0.9907
    655.0718        0.9879
    655.0801        0.9866
    655.0883        0.9861
    655.0966        0.9852
    655.1049        0.9839
    655.1132        0.9839
    655.1215        0.9852
    655.1298        0.9861
    655.1381        0.9857
    655.1464        0.9841
    655.1547        0.9833
    655.1630        0.9825
    655.1713        0.9802
    655.1796        0.9795
    655.1879        0.9804
    655.1961        0.9793
    655.2044        0.9767
    655.2127        0.9748
    655.2210        0.9744
    655.2293        0.9681
    655.2376        0.9551
    655.2459        0.9381
    655.2542        0.9172
    655.2625        0.9063
    655.2708        0.9048
    655.2791        0.9168
    655.2874        0.9430
    655.2956        0.9631
    655.3039        0.9740
    655.3122        0.9804
    655.3205        0.9847
    655.3288        0.9853
    655.3371        0.9832
    655.3454        0.9790
    655.3537        0.9725
    655.3620        0.9675
    655.3703        0.9642
    655.3786        0.9637
    655.3869        0.9642
    655.3951        0.9686
    655.4034        0.9786
    655.4117        0.9852
    655.4200        0.9863
    655.4283        0.9897
    655.4366        0.9981
    655.4449        1.0016
    655.4532        0.9990
    655.4615        0.9974
    655.4698        0.9978
    655.4781        0.9997
    655.4864        1.0026
    655.4946        1.0039
    655.5029        1.0033
    655.5112        1.0043
    655.5195        1.0068
    655.5278        1.0120
    655.5361        1.0196
    655.5444        1.0231
    655.5527        1.0230
    655.5610        1.0226
    655.5693        1.0223
    655.5776        1.0259
    655.5859        1.0320
    655.5941        1.0388
    655.6024        1.0443
    655.6107        1.0482
    655.6190        1.0544
    655.6273        1.0605
    655.6356        1.0649
    655.6439        1.0695
    655.6522        1.0726
    655.6605        1.0759
    655.6688        1.0818
    655.6771        1.0840
    655.6854        1.0831
    655.6937        1.0819
    655.7019        1.0814
    655.7102        1.0870
    655.7185        1.0940
    655.7268        1.1097
    655.7351        1.1282
    655.7434        1.1499
    655.7517        1.1772
    655.7600        1.1901
    655.7683        1.1943
    655.7766        1.2042
    655.7849        1.2167
    655.7932        1.2233
    655.8014        1.2269
    655.8097        1.2418
    655.8180        1.2607
    655.8263        1.2886
    655.8346        1.3212
    655.8429        1.3379
    655.8512        1.3495
    655.8595        1.3663
    655.8678        1.3830
    655.8761        1.4074
    655.8844        1.4351
    655.8927        1.4519
    655.9009        1.4672
    655.9092        1.4970
    655.9175        1.5302
    655.9258        1.5510
    655.9341        1.5664
    655.9424        1.5797
    655.9507        1.5946
    655.9590        1.6179
    655.9673        1.6444
    655.9756        1.6556
    655.9839        1.6608
    655.9922        1.6826
    656.0004        1.7098
    656.0087        1.7180
    656.0170        1.7244
    656.0253        1.7230
    656.0336        1.7178
    656.0419        1.7240
    656.0502        1.7310
    656.0585        1.7404
    656.0668        1.7523
    656.0751        1.7628
    656.0834        1.7740
    656.0917        1.7731
    656.1000        1.7659
    656.1082        1.7705
    656.1165        1.7798
    656.1248        1.7770
    656.1331        1.7731
    656.1414        1.7674
    656.1497        1.7589
    656.1580        1.7487
    656.1663        1.7384
    656.1746        1.7204
    656.1829        1.7005
    656.1912        1.6836
    656.1995        1.6645
    656.2077        1.6265
    656.2160        1.5865
    656.2243        1.5626
    656.2326        1.5413
    656.2409        1.5143
    656.2492        1.4866
    656.2575        1.4661
    656.2658        1.4484
    656.2741        1.4294
    656.2824        1.4099
    656.2907        1.4026
    656.2990        1.3999
    656.3072        1.3904
    656.3155        1.3812
    656.3238        1.3848
    656.3321        1.3914
    656.3404        1.3971
    656.3487        1.4062
    656.3570        1.4260
    656.3653        1.4458
    656.3736        1.4587
    656.3819        1.4657
    656.3902        1.4597
    656.3985        1.4567
    656.4067        1.4672
    656.4150        1.4878
    656.4233        1.5277
    656.4316        1.5717
    656.4399        1.6116
    656.4482        1.6480
    656.4565        1.6819
    656.4648        1.7098
    656.4731        1.7272
    656.4814        1.7414
    656.4897        1.7537
    656.4980        1.7657
    656.5063        1.7799
    656.5145        1.7910
    656.5228        1.7938
    656.5311        1.7924
    656.5394        1.7913
    656.5477        1.7958
    656.5560        1.8076
    656.5643        1.8119
    656.5726        1.8031
    656.5809        1.7923
    656.5892        1.7825
    656.5975        1.7760
    656.6058        1.7742
    656.6140        1.7652
    656.6223        1.7485
    656.6306        1.7279
    656.6389        1.7040
    656.6472        1.6859
    656.6555        1.6735
    656.6638        1.6601
    656.6721        1.6455
    656.6804        1.6277
    656.6887        1.6072
    656.6970        1.5914
    656.7053        1.5796
    656.7135        1.5577
    656.7218        1.5290
    656.7301        1.5004
    656.7384        1.4695
    656.7467        1.4500
    656.7550        1.4413
    656.7633        1.4181
    656.7716        1.3841
    656.7799        1.3611
    656.7882        1.3429
    656.7965        1.3259
    656.8048        1.3098
    656.8130        1.2958
    656.8213        1.2846
    656.8296        1.2712
    656.8379        1.2554
    656.8462        1.2385
    656.8545        1.2213
    656.8628        1.1984
    656.8711        1.1742
    656.8794        1.1595
    656.8877        1.1444
    656.8960        1.1413
    656.9043        1.1469
    656.9126        1.1399
    656.9208        1.1272
    656.9291        1.1175
    656.9374        1.1081
    656.9457        1.0999
    656.9540        1.0925
    656.9623        1.0823
    656.9706        1.0707
    656.9789        1.0643
    656.9872        1.0603
    656.9955        1.0616
    657.0038        1.0633
    657.0121        1.0544
    657.0203        1.0436
    657.0286        1.0387
    657.0369        1.0356
    657.0452        1.0323
    657.0535        1.0290
    657.0618        1.0250
    657.0701        1.0210
    657.0784        1.0159
    657.0867        1.0101
    657.0950        1.0070
    657.1033        1.0046
    657.1116        1.0009
    657.1198        0.9976
    657.1281        0.9985
    657.1364        0.9992
    657.1447        0.9950
    657.1530        0.9915
    657.1613        0.9947
    657.1696        0.9982
    657.1779        0.9920
    657.1862        0.9769
    657.1945        0.9484
    657.2028        0.9272
    657.2111        0.9313
    657.2193        0.9413
    657.2276        0.9542
    657.2359        0.9672
    657.2442        0.9743
    657.2525        0.9769
    657.2608        0.9774
    657.2691        0.9777
    657.2774        0.9753
    657.2857        0.9724
    657.2940        0.9725
    657.3023        0.9726
    657.3106        0.9707
    657.3189        0.9672
    657.3271        0.9626
    657.3354        0.9625
    657.3437        0.9679
    657.3520        0.9716
    657.3603        0.9713
    657.3686        0.9707
    657.3769        0.9722
    657.3852        0.9726
    657.3935        0.9720
    657.4018        0.9696
    657.4101        0.9647
    657.4184        0.9628
    657.4266        0.9633
    657.4349        0.9663
    657.4432        0.9722
    657.4515        0.9687
    657.4598        0.9607
    657.4681        0.9413
    657.4764        0.9121
    657.4847        0.9005
    657.4930        0.8975
    657.5013        0.9124
    657.5096        0.9375
    657.5179        0.9554
    657.5261        0.9701
    657.5344        0.9743
    657.5427        0.9749
    657.5510        0.9765
    657.5593        0.9785
    657.5676        0.9748
    657.5759        0.9683
    657.5842        0.9699
    657.5925        0.9743
    657.6008        0.9710
    657.6091        0.9661
    657.6174        0.9687
    657.6256        0.9735
    657.6339        0.9787
    657.6422        0.9833
    657.6505        0.9840
    657.6588        0.9834
    657.6671        0.9753
    657.6754        0.9670
    657.6837        0.9793
    657.6920        0.9942
    657.7003        0.9954
    657.7086        0.9944
    657.7169        0.9936
    657.7252        0.9915
    657.7334        0.9838
    657.7417        0.9771
    657.7500        0.9828
    657.7583        0.9910
    657.7666        0.9946
    657.7749        0.9938
    657.7832        0.9844
    657.7915        0.9766
    657.7998        0.9772
    657.8081        0.9796
    657.8164        0.9827
    657.8247        0.9849
    657.8329        0.9821
    657.8412        0.9798
    657.8495        0.9830
    657.8578        0.9861
    657.8661        0.9856
    657.8744        0.9830
    657.8827        0.9794
    657.8910        0.9781
    657.8993        0.9798
    657.9076        0.9823
    657.9159        0.9850
    657.9242        0.9865
    657.9324        0.9867
    657.9407        0.9876
    657.9490        0.9883
    657.9573        0.9885
    657.9656        0.9902
    657.9739        0.9907
    657.9822        0.9884
    657.9905        0.9880
    657.9988        0.9900
    658.0071        0.9893
    658.0154        0.9863
    658.0237        0.9824
    658.0319        0.9778
    658.0402        0.9768
    658.0485        0.9792
    658.0568        0.9833
    658.0651        0.9865
    658.0734        0.9781
    658.0817        0.9629
    658.0900        0.9684
    658.0983        0.9839
    658.1066        0.9904
    658.1149        0.9946
    658.1232        0.9965
    658.1315        0.9973
    658.1397        0.9942
    658.1480        0.9903
    658.1563        0.9986
    658.1646        1.0077
    658.1729        1.0017
    658.1812        0.9939
    658.1895        0.9949
    658.1978        0.9987
    658.2061        1.0009
    658.2144        1.0015
    658.2227        0.9956
    658.2310        0.9886
    658.2392        0.9897
    658.2475        0.9921
    658.2558        0.9918
    658.2641        0.9927
    658.2724        0.9974
    658.2807        1.0028
    658.2890        1.0052
    658.2973        1.0024
    658.3056        0.9935
    658.3139        0.9856
    658.3222        0.9835
    658.3305        0.9840
    658.3387        0.9831
    658.3470        0.9848
    658.3553        0.9919
    658.3636        0.9952
    658.3719        0.9937
    658.3802        0.9953
    658.3885        0.9999
    658.3968        1.0015
    658.4051        0.9989
    658.4134        0.9959
    658.4217        0.9944
    658.4300        0.9980
    658.4382        1.0054
    658.4465        1.0061
    658.4548        1.0011
    658.4631        0.9973
    658.4714        0.9968
    658.4797        0.9979
    658.4880        0.9958
    658.4963        0.9970
    658.5046        1.0035
    658.5129        1.0046
    658.5212        1.0005
    658.5295        0.9998
    658.5378        1.0019
    658.5460        1.0016
    658.5543        0.9992
    658.5626        0.9958
    658.5709        0.9934
    658.5792        0.9873
    658.5875        0.9793
    658.5958        0.9873
    658.6041        0.9993
    658.6124        0.9972
    658.6207        0.9917
    658.6290        0.9867
    658.6373        0.9818
    658.6455        0.9771
    658.6538        0.9727
    658.6621        0.9734
    658.6704        0.9780
    658.6787        0.9928
    658.6870        1.0058
    658.6953        1.0045
    658.7036        1.0025
    658.7119        1.0050
    658.7202        1.0059
    658.7285        1.0039
    658.7368        1.0021
    658.7450        1.0006
    658.7533        1.0002
    658.7616        1.0035
    658.7699        1.0044
    658.7782        0.9996
    658.7865        0.9961
    658.7948        0.9961
    658.8031        0.9975
    658.8114        0.9998
    658.8197        1.0007
    658.8280        1.0001
    658.8363        0.9989
    658.8445        0.9960
    658.8528        0.9946
    658.8611        0.9963
    658.8694        0.9968
    658.8777        0.9947
    658.8860        0.9968
    658.8943        1.0009
    658.9026        1.0021
    658.9109        1.0035
    658.9192        1.0027
    658.9275        1.0010
    658.9358        1.0033
    658.9441        1.0072
    658.9523        1.0049
    658.9606        1.0006
    658.9689        1.0020
    658.9772        1.0025
    658.9855        1.0048
    658.9938        1.0103
    659.0021        1.0048
    659.0104        0.9964
    659.0187        1.0019
    659.0270        1.0087
    659.0353        1.0051
    659.0436        1.0013
    659.0518        1.0023
    659.0601        1.0037
    659.0684        1.0044
    659.0767        1.0034
    659.0850        0.9986
    659.0933        0.9970
    659.1016        1.0024
    659.1099        1.0055
    659.1182        1.0037
    659.1265        1.0025
    659.1348        1.0015
    659.1431        1.0003
    659.1513        1.0014
    659.1596        1.0061
    659.1679        1.0135
    659.1762        1.0177
    659.1845        1.0189
    659.1928        1.0178
    659.2011        1.0133
    659.2094        1.0094
    659.2177        1.0063
    659.2260        1.0049
    659.2343        1.0046
    659.2426        1.0045
    659.2508        1.0047
    659.2591        1.0029
    659.2674        1.0009
    659.2757        0.9972
    659.2840        0.9918
    659.2923        0.9916
    659.3006        0.9909
    659.3089        0.9970
    659.3172        1.0105
    659.3255        1.0096
    659.3338        1.0019
    659.3421        0.9999
    659.3504        0.9982
    659.3586        1.0015
    659.3669        1.0063
    659.3752        1.0060
    659.3835        1.0049
    659.3918        1.0041
    659.4001        1.0035
    659.4084        1.0015
    659.4167        0.9994
    659.4250        0.9945
    659.4333        0.9875
    659.4416        0.9868
    659.4499        0.9902
    659.4581        0.9930
    659.4664        0.9943
    659.4747        0.9954
    659.4830        0.9978
    659.4913        1.0029
    659.4996        1.0066
    659.5079        1.0056
    659.5162        1.0051
    659.5245        1.0072
    659.5328        1.0074
    659.5411        1.0048
    659.5494        1.0046
    659.5576        1.0068
    659.5659        1.0067
    659.5742        1.0046
    659.5825        1.0066
    659.5908        1.0130
    659.5991        1.0155
    659.6074        1.0150
    659.6157        1.0108
    659.6240        1.0029
    659.6323        1.0010
    659.6406        1.0030
    659.6489        1.0048
    659.6571        1.0066
    659.6654        1.0075
    659.6737        1.0075
    659.6820        1.0015
    659.6903        0.9934
    659.6986        0.9963
    659.7069        1.0009
    659.7152        1.0042
    659.7235        1.0085
    659.7318        1.0070
    659.7401        1.0047
    659.7484        1.0047
    659.7567        1.0053
    659.7649        1.0061
    659.7732        1.0049
    659.7815        1.0042
    659.7898        1.0048
    659.7981        1.0034
    659.8064        1.0009
    659.8147        0.9971
    659.8230        0.9977
    659.8313        1.0091
    659.8396        1.0153
    659.8479        1.0085
    659.8562        1.0028
    659.8644        1.0029
    659.8727        1.0042
    659.8810        1.0044
    659.8893        1.0023
    659.8976        0.9991
    659.9059        0.9988
    659.9142        1.0011
    659.9225        0.9974
    659.9308        0.9904
    659.9391        0.9890
    659.9474        0.9887
    659.9557        0.9903
    659.9639        0.9943
    659.9722        0.9988
    659.9805        1.0039
    659.9888        0.9970
    659.9971        0.9853
    660.0054        0.9901
    660.0137        0.9995
    660.0220        1.0039
    660.0303        1.0058
    660.0386        1.0029
    660.0469        1.0006
    660.0552        0.9960
    660.0634        0.9916
    660.0717        0.9955
    660.0800        1.0004
    660.0883        1.0049
    660.0966        1.0092
    660.1049        1.0110
    660.1132        1.0102
    660.1215        1.0033
    660.1298        0.9982
    660.1381        1.0000
    660.1464        1.0038
    660.1547        1.0094
    660.1630        1.0102
    660.1712        1.0006
    660.1795        0.9966
    660.1878        1.0042
    660.1961        1.0067
    660.2044        1.0014
    660.2127        1.0004
    660.2210        1.0037
    660.2293        1.0018
    660.2376        0.9966
    660.2459        0.9960
    660.2542        0.9963
    660.2625        0.9962
    660.2707        0.9991
    660.2790        0.9995
    660.2873        0.9967
    660.2956        0.9945
    660.3039        0.9939
    660.3122        0.9987
    660.3205        1.0032
    660.3288        1.0031
    660.3371        1.0030
    660.3454        1.0072
    660.3537        1.0118
    660.3620        1.0069
    660.3702        1.0005
    660.3785        1.0043
    660.3868        1.0088
    660.3951        1.0039
    660.4034        0.9984
    660.4117        0.9976
    660.4200        0.9995
    660.4283        1.0074
    660.4366        1.0119
    660.4449        1.0063
    660.4532        1.0028
    660.4615        1.0049
    660.4697        1.0041
    660.4780        0.9985
    660.4863        0.9955
    660.4946        0.9964
    660.5029        0.9976
    660.5112        0.9985
    660.5195        0.9986
    660.5278        0.9975
    660.5361        0.9957
    660.5444        0.9946
    660.5527        0.9904
    660.5610        0.9839
    660.5692        0.9911
    660.5775        1.0028
    660.5858        1.0055
    660.5941        1.0069
    660.6024        1.0077
    660.6107        1.0078
    660.6190        1.0010
    660.6273        0.9931
    660.6356        0.9975
    660.6439        1.0044
    660.6522        1.0042
    660.6605        1.0019
    660.6688        0.9988
    660.6770        0.9963
    660.6853        0.9954
    660.6936        0.9945
    660.7019        0.9928
    660.7102        0.9923
    660.7185        0.9960
    660.7268        0.9975
    660.7351        0.9931
    660.7434        0.9901
    660.7517        0.9915
    660.7600        0.9940
    660.7683        0.9959
    660.7765        0.9996
    660.7848        1.0046
    660.7931        1.0058
    660.8014        1.0038
    660.8097        1.0046
    660.8180        1.0093
    660.8263        1.0071
    660.8346        0.9997
    660.8429        1.0020
    660.8512        1.0088
    660.8595        1.0045
    660.8678        0.9987
    660.8760        0.9982
    660.8843        0.9961
    660.8926        0.9913
    660.9009        0.9874
    660.9092        0.9905
    660.9175        0.9946
    660.9258        0.9986
    660.9341        1.0040
    660.9424        1.0082
    660.9507        1.0096
    660.9590        1.0039
    660.9673        0.9995
    660.9755        1.0000
    660.9838        0.9988
    660.9921        0.9979
    661.0004        0.9962
    661.0087        0.9903
    661.0170        0.9905
    661.0253        0.9973
    661.0336        0.9989
    661.0419        0.9956
    661.0502        0.9960
    661.0585        0.9991
    661.0668        1.0034
    661.0751        1.0099
    661.0833        1.0095
    661.0916        1.0038
    661.0999        1.0027
    661.1082        1.0043
    661.1165        1.0029
    661.1248        1.0013
    661.1331        1.0010
    661.1414        0.9990
    661.1497        1.0015
    661.1580        1.0056
    661.1663        0.9996
    661.1746        0.9940
    661.1828        1.0014
    661.1911        1.0085
    661.1994        1.0092
    661.2077        1.0093
    661.2160        1.0078
    661.2243        1.0039
    661.2326        0.9967
    661.2409        0.9920
    661.2492        0.9928
    661.2575        0.9920
    661.2658        0.9888
    661.2741        0.9925
    661.2823        1.0028
    661.2906        1.0105
    661.2989        1.0165
    661.3072        1.0145
    661.3155        1.0066
    661.3238        1.0047
    661.3321        1.0049
    661.3404        1.0001
    661.3487        0.9965
    661.3570        0.9955
    661.3653        0.9923
    661.3736        0.9959
    661.3818        1.0015
    661.3901        1.0003
    661.3984        0.9989
    661.4067        0.9977
    661.4150        0.9948
    661.4233        0.9934
    661.4316        0.9931
    661.4399        0.9911
    661.4482        0.9915
    661.4565        1.0019
    661.4648        1.0090
    661.4731        1.0024
    661.4814        0.9986
    661.4896        1.0045
    661.4979        1.0092
    661.5062        1.0092
    661.5145        1.0075
    661.5228        1.0058
    661.5311        1.0063
    661.5394        1.0072
    661.5477        1.0083
    661.5560        1.0111
    661.5643        1.0083
    661.5726        1.0025
    661.5809        1.0010
    661.5891        1.0051
    661.5974        0.9923
