    649.9565        1.0081
    649.9795        1.0186
    650.0024        1.0102
    650.0254        0.9996
    650.0483        1.0068
    650.0713        1.0146
    650.0942        1.0006
    650.1172        1.0180
    650.1401        1.0099
    650.1631        0.9895
    650.1860        1.0011
    650.2090        1.0137
    650.2319        0.9946
    650.2549        0.9908
    650.2778        0.9950
    650.3008        0.9712
    650.3237        0.9948
    650.3467        0.9883
    650.3696        0.9924
    650.3926        0.9812
    650.4155        0.9950
    650.4385        1.0058
    650.4614        1.0018
    650.4844        1.0253
    650.5073        1.0433
    650.5303        1.0064
    650.5532        0.9906
    650.5762        1.0171
    650.5991        1.0256
    650.6221        1.0045
    650.6450        0.9900
    650.6680        0.9966
    650.6909        1.0051
    650.7139        0.9993
    650.7368        0.9985
    650.7598        1.0084
    650.7827        1.0070
    650.8057        0.9892
    650.8286        0.9846
    650.8516        1.0011
    650.8745        1.0060
    650.8975        0.9927
    650.9204        1.0040
    650.9434        0.9892
    650.9663        1.0009
    650.9893        1.0125
    651.0122        1.0148
    651.0352        1.0296
    651.0581        1.0032
    651.0811        0.9952
    651.1040        0.9854
    651.1270        0.9975
    651.1499        0.9723
    651.1729        0.9799
    651.1958        0.9919
    651.2188        1.0001
    651.2417        0.9987
    651.2647        1.0047
    651.2876        1.0158
    651.3106        0.9882
    651.3335        1.0325
    651.3565        1.0228
    651.3794        0.9856
    651.4024        0.9778
    651.4253        0.9757
    651.4483        0.9791
    651.4712        0.9982
    651.4942        0.9960
    651.5171        0.9760
    651.5401        1.0013
    651.5630        0.9906
    651.5860        0.9620
    651.6089        0.9483
    651.6319        0.9500
    651.6548        0.9699
    651.6778        0.9436
    651.7007        0.9853
    651.7237        0.9989
    651.7466        0.9907
    651.7696        0.9872
    651.7925        1.0042
    651.8155        1.0227
    651.8384        1.0101
    651.8614        1.0203
    651.8843        0.9923
    651.9073        0.9803
    651.9302        1.0077
    651.9532        1.0163
    651.9761        0.9998
    651.9991        0.9882
    652.0220        1.0067
    652.0450        1.0025
    652.0679        1.0212
    652.0909        1.0181
    652.1138        1.0018
    652.1368        1.0016
    652.1597        0.9996
    652.1827        1.0056
    652.2056        1.0135
    652.2286        1.0040
    652.2515        1.0134
    652.2745        1.0257
    652.2974        0.9869
    652.3204        0.9795
    652.3433        0.9719
    652.3663        0.9904
    652.3892        1.0245
    652.4122        1.0066
    652.4351        0.9960
    652.4581        1.0125
    652.4810        1.0124
    652.5040        0.9974
    652.5269        0.9964
    652.5499        1.0108
    652.5728        1.0376
    652.5958        1.0328
    652.6187        1.0062
    652.6417        1.0106
    652.6646        0.9940
    652.6876        1.0080
    652.7105        0.9929
    652.7335        0.9748
    652.7564        0.9904
    652.7794        1.0218
    652.8023        0.9986
    652.8253        1.0082
    652.8482        1.0169
    652.8712        1.0270
    652.8941        0.9955
    652.9171        1.0117
    652.9400        1.0112
    652.9630        1.0019
    652.9859        0.9881
    653.0089        0.9789
    653.0318        0.9958
    653.0548        0.9930
    653.0777        1.0134
    653.1007        1.0147
    653.1236        1.0088
    653.1466        0.9967
    653.1695        0.9885
    653.1925        0.9534
    653.2154        0.9743
    653.2384        0.9960
    653.2613        0.9992
    653.2843        1.0128
    653.3072        1.0092
    653.3302        1.0065
    653.3531        0.9795
    653.3761        0.9937
    653.3990        0.9927
    653.4220        0.9918
    653.4449        0.9972
    653.4679        1.0012
    653.4908        1.0121
    653.5138        1.0072
    653.5367        1.0070
    653.5597        1.0163
    653.5826        1.0080
    653.6056        1.0015
    653.6285        0.9941
    653.6515        0.9965
    653.6744        0.9936
    653.6974        0.9984
    653.7203        1.0094
    653.7433        1.0175
    653.7662        1.0031
    653.7892        0.9876
    653.8121        1.0099
    653.8351        1.0023
    653.8580        1.0157
    653.8810        1.0066
    653.9039        0.9899
    653.9269        1.0078
    653.9498        0.9982
    653.9728        1.0026
    653.9957        0.9958
    654.0187        1.0088
    654.0416        1.0036
    654.0646        1.0032
    654.0875        1.0015
    654.1105        1.0061
    654.1334        1.0115
    654.1564        0.9975
    654.1793        0.9963
    654.2023        1.0118
    654.2252        1.0207
    654.2482        1.0061
    654.2711        1.0068
    654.2941        0.9971
    654.3170        0.9924
    654.3400        0.9757
    654.3629        0.9763
    654.3859        0.9884
    654.4088        0.9942
    654.4318        0.9997
    654.4547        0.9971
    654.4777        0.9922
    654.5006        1.0153
    654.5236        1.0259
    654.5465        1.0082
    654.5695        0.9992
    654.5924        1.0015
    654.6154        1.0044
    654.6383        0.9991
    654.6613        1.0150
    654.6842        0.9976
    654.7072        0.9923
    654.7301        1.0009
    654.7531        0.9993
    654.7760        0.9906
    654.7990        0.9797
    654.8219        0.9723
    654.8449        0.9857
    654.8678        1.0087
    654.8908        1.0146
    654.9137        1.0036
    654.9367        0.9969
    654.9596        0.9905
    654.9826        1.0020
    655.0055        1.0183
    655.0285        1.0177
    655.0514        0.9902
    655.0744        1.0068
    655.0973        1.0166
    655.1203        1.0062
    655.1432        1.0029
    655.1662        0.9870
    655.1891        1.0087
    655.2121        0.9804
    655.2350        0.9814
    655.2580        1.0046
    655.2809        0.9969
    655.3039        1.0112
    655.3268        1.0198
    655.3498        1.0242
    655.3727        1.0073
    655.3957        1.0281
    655.4186        1.0266
    655.4416        1.0035
    655.4645        1.0152
    655.4875        1.0297
    655.5104        1.0566
    655.5334        1.0575
    655.5563        1.0747
    655.5793        1.0947
    655.6022        1.0917
    655.6252        1.0872
    655.6481        1.0963
    655.6711        1.1284
    655.6940        1.1394
    655.7170        1.1905
    655.7399        1.2091
    655.7629        1.2309
    655.7858        1.2643
    655.8088        1.3111
    655.8317        1.3339
    655.8547        1.3549
    655.8776        1.3702
    655.9006        1.3454
    655.9235        1.3293
    655.9465        1.2937
    655.9694        1.2576
    655.9924        1.2102
    656.0153        1.1724
    656.0383        1.1209
    656.0612        1.0678
    656.0842        0.9823
    656.1071        0.9010
    656.1301        0.8285
    656.1530        0.7380
    656.1760        0.6692
    656.1989        0.6185
    656.2219        0.5646
    656.2448        0.5623
    656.2678        0.5970
    656.2907        0.6418
    656.3137        0.7139
    656.3366        0.8092
    656.3596        0.8943
    656.3825        0.9572
    656.4055        1.0265
    656.4284        1.0914
    656.4514        1.1618
    656.4743        1.2163
    656.4973        1.2591
    656.5202        1.2910
    656.5432        1.3267
    656.5661        1.3222
    656.5891        1.3434
    656.6120        1.3590
    656.6350        1.3378
    656.6579        1.3291
    656.6809        1.3235
    656.7038        1.2672
    656.7268        1.2352
    656.7497        1.2053
    656.7727        1.1943
    656.7956        1.1394
    656.8186        1.1217
    656.8415        1.1298
    656.8645        1.0984
    656.8874        1.0939
    656.9104        1.0894
    656.9333        1.0792
    656.9563        1.0546
    656.9792        1.0565
    657.0022        1.0702
    657.0251        1.0651
    657.0481        1.0439
    657.0710        1.0258
    657.0940        1.0304
    657.1169        1.0136
    657.1399        0.9932
    657.1628        0.9885
    657.1858        0.9879
    657.2087        1.0073
    657.2317        0.9936
    657.2546        0.9994
    657.2776        1.0050
    657.3005        1.0102
    657.3235        1.0097
    657.3464        1.0114
    657.3694        0.9964
    657.3923        0.9975
    657.4153        1.0005
    657.4382        0.9605
    657.4612        0.9647
    657.4841        0.9775
    657.5071        0.9475
    657.5300        0.9831
    657.5530        1.0044
    657.5759        0.9832
    657.5989        0.9621
    657.6218        0.9645
    657.6448        0.9877
    657.6677        1.0015
    657.6907        0.9926
    657.7136        0.9750
    657.7366        0.9827
    657.7595        0.9786
    657.7825        0.9806
    657.8054        0.9787
    657.8284        0.9851
    657.8513        0.9875
    657.8743        0.9887
    657.8972        1.0009
    657.9202        0.9852
    657.9432        0.9812
    657.9661        0.9773
    657.9891        0.9748
    658.0120        0.9819
    658.0350        0.9902
    658.0579        0.9844
    658.0809        1.0074
    658.1038        0.9766
    658.1268        0.9812
    658.1497        0.9754
    658.1727        0.9729
    658.1956        0.9675
    658.2186        0.9756
    658.2415        0.9866
    658.2645        0.9743
    658.2874        0.9633
    658.3104        0.9729
    658.3333        0.9732
    658.3563        0.9881
    658.3792        0.9930
    658.4022        0.9922
    658.4251        0.9936
    658.4481        0.9795
    658.4710        0.9824
    658.4940        0.9808
    658.5169        0.9985
    658.5399        1.0294
    658.5628        1.0289
    658.5858        0.9895
    658.6087        0.9866
    658.6317        0.9970
    658.6546        0.9693
    658.6776        0.9841
    658.7005        0.9857
    658.7235        0.9828
    658.7464        0.9827
    658.7694        0.9904
    658.7923        1.0007
    658.8153        0.9883
    658.8382        1.0057
    658.8612        1.0020
    658.8841        1.0059
    658.9071        1.0010
    658.9300        0.9983
    658.9530        1.0107
    658.9759        0.9972
    658.9989        1.0140
    659.0218        1.0075
    659.0448        0.9964
    659.0677        1.0049
    659.0907        1.0163
    659.1136        1.0105
    659.1366        0.9993
    659.1595        1.0189
    659.1825        1.0113
    659.2054        1.0059
    659.2284        0.9889
    659.2513        0.9942
    659.2743        1.0007
    659.2972        1.0096
    659.3202        0.9958
    659.3431        0.9727
    659.3661        0.9964
    659.3890        0.9926
    659.4120        1.0225
    659.4349        1.0042
    659.4579        0.9823
    659.4808        0.9960
    659.5038        1.0082
    659.5267        1.0071
    659.5497        1.0043
    659.5726        1.0053
    659.5956        1.0042
    659.6185        0.9939
    659.6415        0.9884
    659.6644        0.9995
    659.6874        1.0147
    659.7103        1.0142
    659.7333        1.0031
    659.7562        1.0078
    659.7792        1.0175
    659.8021        1.0082
    659.8251        0.9901
    659.8480        0.9847
    659.8710        0.9984
    659.8939        1.0022
    659.9169        1.0064
    659.9398        1.0209
    659.9628        0.9957
    659.9857        0.9911
    660.0087        0.9716
    660.0316        1.0110
    660.0546        1.0236
    660.0775        0.9953
    660.1005        1.0031
    660.1234        0.9947
    660.1464        0.9672
    660.1693        1.0027
    660.1923        0.9905
    660.2152        0.9850
    660.2382        0.9861
    660.2611        0.9789
    660.2841        0.9859
    660.3070        1.0053
    660.3300        1.0132
    660.3529        0.9957
    660.3759        0.9831
    660.3988        0.9822
    660.4218        0.9918
    660.4447        0.9760
    660.4677        0.9641
    660.4906        0.9801
    660.5136        0.9784
    660.5365        0.9803
    660.5595        0.9776
    660.5824        0.9939
    660.6054        1.0055
    660.6283        0.9848
    660.6513        0.9840
    660.6742        0.9695
    660.6972        0.9889
    660.7201        0.9830
    660.7431        0.9890
    660.7660        0.9918
    660.7890        1.0122
    660.8119        1.0265
    660.8349        0.9991
    660.8578        0.9883
    660.8808        0.9994
    660.9037        1.0029
    660.9267        0.9799
    660.9496        0.9944
    660.9726        0.9993
    660.9955        1.0143
    661.0185        1.0052
    661.0414        0.9827
    661.0644        0.9906
    661.0873        0.9842
    661.1103        0.9949
    661.1332        0.9945
    661.1562        0.9937
    661.1791        0.9827
    661.2021        0.9829
    661.2250        0.9756
    661.2480        0.9849
    661.2709        0.9915
    661.2939        0.9854
    661.3168        0.9947
    661.3398        0.9893
    661.3627        0.9672
    661.3857        0.9825
    661.4086        0.9894
    661.4316        0.9851
    661.4545        0.9898
    661.4775        1.0006
    661.5004        1.0078
    661.5234        0.9951
    661.5463        0.9980
    661.5693        0.9888
    661.5922        0.9831
    661.6152        0.9887
    661.6381        1.0031
    661.6611        0.9960
    661.6840        0.9780
    661.7070        0.9789
    661.7299        0.9848
    661.7529        0.9734
    661.7758        0.9762
    661.7988        1.0031
    661.8217        0.9986
    661.8447        0.9988
    661.8676        0.9956
    661.8906        0.9904
    661.9135        0.9781
    661.9365        0.9847
    661.9594        0.9899
    661.9824        1.0010
    662.0053        0.9789
    662.0283        0.9778
    662.0512        0.9986
    662.0742        0.9904
    662.0971        0.9750
    662.1201        0.9885
    662.1430        0.9898
    662.1660        0.9966
    662.1889        0.9806
    662.2119        1.0114
    662.2348        1.0062
    662.2578        1.0011
    662.2807        0.9956
    662.3037        0.9942
    662.3266        0.9907
    662.3496        0.9815
    662.3725        0.9834
    662.3955        0.9939
    662.4184        0.9966
    662.4414        1.0042
    662.4643        0.9881
    662.4873        0.9939
    662.5102        0.9995
    662.5332        0.9824
    662.5561        0.9833
    662.5791        0.9790
    662.6020        0.9621
    662.6250        0.9887
    662.6479        0.9827
    662.6709        0.9915
    662.6938        1.0007
    662.7168        0.9849
    662.7397        0.9903
    662.7627        1.0046
    662.7856        1.0051
    662.8086        0.9926
    662.8315        0.9956
    662.8545        1.0080
    662.8774        0.9848
    662.9004        0.9934
    662.9233        0.9761
    662.9463        0.9776
    662.9692        0.9847
    662.9922        0.9844
    663.0151        0.9968
    663.0381        0.9790
    663.0610        0.9962
    663.0840        0.9925
    663.1069        0.9972
    663.1299        0.9856
    663.1528        0.9738
    663.1758        0.9742
    663.1987        0.9847
    663.2217        0.9837
    663.2446        0.9722
    663.2676        1.0023
    663.2905        0.9934
    663.3135        0.9903
    663.3364        0.9913
    663.3594        0.9866
    663.3823        1.0044
    663.4053        1.0008
    663.4282        0.9867
    663.4512        0.9881
    663.4741        0.9914
    663.4971        0.9876
    663.5200        0.9905
    663.5430        0.9933
    663.5659        0.9815
    663.5889        0.9984
    663.6118        0.9912
    663.6348        0.9975
    663.6577        0.9951
    663.6807        1.0064
    663.7036        0.9957
    663.7266        0.9756
    663.7495        0.9840
    663.7725        0.9829
    663.7954        0.9881
    663.8184        0.9871
    663.8413        0.9964
    663.8643        0.9890
    663.8872        0.9770
    663.9102        0.9907
    663.9331        0.9817
    663.9561        0.9824
    663.9790        1.0102
    664.0020        1.0029
    664.0249        0.9788
    664.0479        0.9784
    664.0708        0.9940
    664.0938        0.9903
    664.1167        0.9824
    664.1397        0.9906
    664.1626        0.9970
    664.1856        0.9732
    664.2085        0.9734
    664.2315        0.9655
    664.2544        0.9677
    664.2774        0.9869
    664.3003        0.9800
    664.3233        0.9789
    664.3462        0.9877
    664.3692        0.9838
    664.3921        0.9870
    664.4151        0.9822
    664.4380        0.9823
    664.4610        0.9854
    664.4839        0.9936
    664.5069        0.9772
    664.5298        0.9891
    664.5528        1.0053
    664.5757        0.9966
    664.5987        0.9878
    664.6216        0.9799
    664.6446        0.9861
    664.6675        0.9911
    664.6905        0.9922
    664.7134        1.0156
    664.7364        1.0003
    664.7593        0.9996
    664.7823        1.0123
    664.8052        0.9970
    664.8282        0.9873
    664.8511        0.9932
    664.8741        0.9922
    664.8970        1.0131
    664.9200        1.0089
    664.9429        1.0019
    664.9659        1.0023
    664.9888        0.9880
    665.0118        0.9985
    665.0347        1.0103
    665.0577        1.0028
    665.0806        1.0106
    665.1036        1.0086
    665.1265        0.9803
    665.1495        0.9791
    665.1724        0.9962
    665.1954        1.0073
    665.2183        1.0008
    665.2413        0.9975
    665.2642        1.0193
    665.2872        1.0263
    665.3101        0.9880
    665.3331        0.9826
    665.3560        0.9912
    665.3790        1.0092
    665.4019        0.9914
    665.4249        0.9837
    665.4478        0.9905
    665.4708        0.9925
    665.4937        1.0077
    665.5167        1.0101
    665.5396        0.9973
    665.5626        0.9987
    665.5855        1.0117
    665.6085        1.0112
    665.6314        0.9949
    665.6544        1.0033
    665.6773        0.9920
    665.7003        0.9863
    665.7232        0.9773
    665.7462        0.9806
    665.7691        0.9994
    665.7921        1.0004
    665.8150        1.0031
    665.8380        0.9980
    665.8609        1.0052
    665.8839        0.9932
