    649.3432        1.0278
    649.3490        1.0358
    649.3548        1.0443
    649.3606        1.0423
    649.3664        1.0407
    649.3721        1.0474
    649.3779        1.0514
    649.3837        1.0487
    649.3895        1.0460
    649.3953        1.0385
    649.4011        1.0308
    649.4068        1.0350
    649.4126        1.0430
    649.4184        1.0410
    649.4242        1.0362
    649.4300        1.0350
    649.4358        1.0317
    649.4416        1.0286
    649.4473        1.0262
    649.4531        1.0294
    649.4589        1.0342
    649.4647        1.0347
    649.4705        1.0373
    649.4763        1.0436
    649.4821        1.0519
    649.4878        1.0528
    649.4936        1.0441
    649.4994        1.0465
    649.5052        1.0613
    649.5110        1.0666
    649.5168        1.0606
    649.5225        1.0568
    649.5283        1.0585
    649.5341        1.0572
    649.5399        1.0501
    649.5457        1.0397
    649.5515        1.0270
    649.5573        1.0210
    649.5630        1.0269
    649.5688        1.0258
    649.5746        1.0042
    649.5804        0.9835
    649.5862        0.9793
    649.5920        0.9815
    649.5978        0.9983
    649.6035        1.0205
    649.6093        1.0311
    649.6151        1.0383
    649.6209        1.0468
    649.6267        1.0544
    649.6325        1.0451
    649.6382        1.0318
    649.6440        1.0293
    649.6498        1.0258
    649.6556        1.0321
    649.6614        1.0454
    649.6672        1.0414
    649.6730        1.0314
    649.6787        1.0324
    649.6845        1.0365
    649.6903        1.0431
    649.6961        1.0525
    649.7019        1.0518
    649.7077        1.0476
    649.7135        1.0441
    649.7192        1.0358
    649.7250        1.0286
    649.7308        1.0276
    649.7366        1.0241
    649.7424        1.0135
    649.7482        1.0068
    649.7539        1.0064
    649.7597        1.0137
    649.7655        1.0268
    649.7713        1.0388
    649.7771        1.0487
    649.7829        1.0526
    649.7887        1.0518
    649.7944        1.0465
    649.8002        1.0338
    649.8060        1.0300
    649.8118        1.0445
    649.8176        1.0533
    649.8234        1.0431
    649.8292        1.0367
    649.8349        1.0518
    649.8407        1.0662
    649.8465        1.0616
    649.8523        1.0543
    649.8581        1.0499
    649.8639        1.0454
    649.8696        1.0504
    649.8754        1.0574
    649.8812        1.0535
    649.8870        1.0452
    649.8928        1.0397
    649.8986        1.0379
    649.9044        1.0356
    649.9101        1.0318
    649.9159        1.0301
    649.9217        1.0299
    649.9275        1.0270
    649.9333        1.0238
    649.9391        1.0238
    649.9449        1.0235
    649.9506        1.0232
    649.9564        1.0223
    649.9622        1.0285
    649.9680        1.0367
    649.9738        1.0328
    649.9796        1.0270
    649.9853        1.0277
    649.9911        1.0263
    649.9969        1.0227
    650.0027        1.0224
    650.0085        1.0263
    650.0143        1.0323
    650.0201        1.0391
    650.0258        1.0442
    650.0316        1.0441
    650.0374        1.0407
    650.0432        1.0394
    650.0490        1.0409
    650.0548        1.0402
    650.0606        1.0368
    650.0663        1.0314
    650.0721        1.0214
    650.0779        1.0196
    650.0837        1.0371
    650.0895        1.0517
    650.0953        1.0482
    650.1010        1.0399
    650.1068        1.0303
    650.1126        1.0205
    650.1184        1.0177
    650.1242        1.0177
    650.1300        1.0157
    650.1358        1.0141
    650.1415        1.0154
    650.1473        1.0194
    650.1531        1.0285
    650.1589        1.0355
    650.1647        1.0344
    650.1705        1.0338
    650.1763        1.0251
    650.1820        1.0110
    650.1878        1.0079
    650.1936        1.0063
    650.1994        1.0024
    650.2052        1.0000
    650.2110        1.0144
    650.2167        1.0337
    650.2225        1.0304
    650.2283        1.0207
    650.2341        1.0175
    650.2399        1.0161
    650.2457        1.0154
    650.2515        1.0148
    650.2572        1.0091
    650.2630        1.0012
    650.2688        1.0096
    650.2746        1.0271
    650.2804        1.0347
    650.2862        1.0355
    650.2920        1.0306
    650.2977        1.0205
    650.3035        1.0152
    650.3093        1.0164
    650.3151        1.0200
    650.3209        1.0261
    650.3267        1.0268
    650.3324        1.0196
    650.3382        1.0136
    650.3440        1.0121
    650.3498        1.0145
    650.3556        1.0179
    650.3614        1.0160
    650.3672        1.0123
    650.3729        1.0121
    650.3787        1.0137
    650.3845        1.0166
    650.3903        1.0188
    650.3961        1.0154
    650.4019        1.0090
    650.4077        1.0072
    650.4134        1.0089
    650.4192        1.0089
    650.4250        1.0051
    650.4308        1.0001
    650.4366        1.0012
    650.4424        1.0029
    650.4481        1.0061
    650.4539        1.0145
    650.4597        1.0223
    650.4655        1.0278
    650.4713        1.0280
    650.4771        1.0272
    650.4829        1.0284
    650.4886        1.0260
    650.4944        1.0318
    650.5002        1.0438
    650.5060        1.0545
    650.5118        1.0626
    650.5176        1.0569
    650.5234        1.0508
    650.5291        1.0434
    650.5349        1.0329
    650.5407        1.0281
    650.5465        1.0257
    650.5523        1.0269
    650.5581        1.0292
    650.5638        1.0278
    650.5696        1.0241
    650.5754        1.0184
    650.5812        1.0085
    650.5870        1.0022
    650.5928        1.0033
    650.5986        1.0120
    650.6043        1.0244
    650.6101        1.0338
    650.6159        1.0404
    650.6217        1.0420
    650.6275        1.0408
    650.6333        1.0383
    650.6391        1.0316
    650.6448        1.0201
    650.6506        1.0043
    650.6564        0.9954
    650.6622        0.9982
    650.6680        1.0058
    650.6738        1.0173
    650.6795        1.0216
    650.6853        1.0142
    650.6911        1.0103
    650.6969        1.0120
    650.7027        1.0123
    650.7085        1.0094
    650.7143        1.0090
    650.7200        1.0200
    650.7258        1.0288
    650.7316        1.0304
    650.7374        1.0337
    650.7432        1.0319
    650.7490        1.0266
    650.7548        1.0238
    650.7605        1.0259
    650.7663        1.0267
    650.7721        1.0242
    650.7779        1.0158
    650.7837        1.0053
    650.7895        1.0046
    650.7952        1.0081
    650.8010        1.0179
    650.8068        1.0267
    650.8126        1.0281
    650.8184        1.0328
    650.8242        1.0279
    650.8300        1.0186
    650.8357        1.0093
    650.8415        0.9961
    650.8473        0.9867
    650.8531        0.9805
    650.8589        0.9880
    650.8647        0.9991
    650.8705        0.9975
    650.8762        0.9915
    650.8820        1.0038
    650.8878        1.0290
    650.8936        1.0429
    650.8994        1.0458
    650.9052        1.0355
    650.9109        1.0179
    650.9167        1.0131
    650.9225        1.0196
    650.9283        1.0189
    650.9341        1.0083
    650.9399        1.0027
    650.9457        1.0063
    650.9514        1.0098
    650.9572        1.0100
    650.9630        1.0121
    650.9688        1.0187
    650.9746        1.0231
    650.9804        1.0204
    650.9862        1.0186
    650.9919        1.0239
    650.9977        1.0288
    651.0035        1.0303
    651.0093        1.0258
    651.0151        1.0097
    651.0209        0.9995
    651.0266        1.0031
    651.0324        1.0065
    651.0382        1.0123
    651.0440        1.0202
    651.0498        1.0271
    651.0556        1.0321
    651.0614        1.0300
    651.0671        1.0228
    651.0729        1.0225
    651.0787        1.0288
    651.0845        1.0239
    651.0903        1.0167
    651.0961        1.0236
    651.1019        1.0334
    651.1076        1.0303
    651.1134        1.0231
    651.1192        1.0257
    651.1250        1.0296
    651.1308        1.0240
    651.1366        1.0177
    651.1423        1.0214
    651.1481        1.0270
    651.1539        1.0312
    651.1597        1.0337
    651.1655        1.0298
    651.1713        1.0252
    651.1771        1.0241
    651.1828        1.0229
    651.1886        1.0278
    651.1944        1.0373
    651.2002        1.0351
    651.2060        1.0257
    651.2118        1.0222
    651.2176        1.0210
    651.2233        1.0269
    651.2291        1.0383
    651.2349        1.0342
    651.2407        1.0219
    651.2465        1.0182
    651.2523        1.0186
    651.2580        1.0212
    651.2638        1.0233
    651.2696        1.0208
    651.2754        1.0188
    651.2812        1.0183
    651.2870        1.0159
    651.2928        1.0161
    651.2985        1.0197
    651.3043        1.0269
    651.3101        1.0378
    651.3159        1.0447
    651.3217        1.0454
    651.3275        1.0406
    651.3333        1.0310
    651.3390        1.0291
    651.3448        1.0379
    651.3506        1.0402
    651.3564        1.0301
    651.3622        1.0190
    651.3680        1.0128
    651.3737        1.0111
    651.3795        1.0138
    651.3853        1.0183
    651.3911        1.0223
    651.3969        1.0256
    651.4027        1.0311
    651.4085        1.0367
    651.4142        1.0387
    651.4200        1.0354
    651.4258        1.0235
    651.4316        1.0146
    651.4374        1.0123
    651.4432        1.0099
    651.4490        1.0080
    651.4547        1.0017
    651.4605        0.9786
    651.4663        0.9516
    651.4721        0.9443
    651.4779        0.9471
    651.4837        0.9478
    651.4894        0.9466
    651.4952        0.9542
    651.5010        0.9611
    651.5068        0.9841
    651.5126        1.0174
    651.5184        1.0329
    651.5242        1.0458
    651.5299        1.0582
    651.5357        1.0647
    651.5415        1.0650
    651.5473        1.0647
    651.5531        1.0431
    651.5589        1.0199
    651.5647        0.9996
    651.5704        0.9769
    651.5762        0.9743
    651.5820        0.9770
    651.5878        0.9768
    651.5936        0.9743
    651.5994        0.9760
    651.6051        0.9801
    651.6109        0.9841
    651.6167        0.9917
    651.6225        0.9907
    651.6283        0.9816
    651.6341        0.9654
    651.6399        0.9466
    651.6456        0.9347
    651.6514        0.9261
    651.6572        0.9138
    651.6630        0.8994
    651.6688        0.9002
    651.6746        0.9139
    651.6804        0.9324
    651.6861        0.9543
    651.6919        0.9696
    651.6977        0.9779
    651.7035        0.9834
    651.7093        0.9871
    651.7151        0.9879
    651.7208        0.9828
    651.7266        0.9849
    651.7324        1.0031
    651.7382        1.0173
    651.7440        1.0167
    651.7498        1.0136
    651.7556        1.0156
    651.7613        1.0200
    651.7671        1.0211
    651.7729        1.0174
    651.7787        1.0101
    651.7845        1.0044
    651.7903        1.0055
    651.7961        1.0083
    651.8018        1.0095
    651.8076        1.0109
    651.8134        1.0160
    651.8192        1.0245
    651.8250        1.0348
    651.8308        1.0430
    651.8365        1.0462
    651.8423        1.0505
    651.8481        1.0570
    651.8539        1.0572
    651.8597        1.0387
    651.8655        1.0223
    651.8713        1.0271
    651.8770        1.0334
    651.8828        1.0304
    651.8886        1.0245
    651.8944        1.0242
    651.9002        1.0276
    651.9060        1.0219
    651.9118        1.0133
    651.9175        1.0165
    651.9233        1.0249
    651.9291        1.0232
    651.9349        1.0133
    651.9407        1.0046
    651.9465        0.9971
    651.9522        1.0048
    651.9580        1.0194
    651.9638        1.0204
    651.9696        1.0168
    651.9754        1.0193
    651.9812        1.0240
    651.9870        1.0343
    651.9927        1.0488
    651.9985        1.0516
    652.0043        1.0478
    652.0101        1.0424
    652.0159        1.0387
    652.0217        1.0405
    652.0275        1.0412
    652.0332        1.0460
    652.0390        1.0549
    652.0448        1.0536
    652.0506        1.0441
    652.0564        1.0390
    652.0622        1.0413
    652.0679        1.0376
    652.0737        1.0280
    652.0795        1.0299
    652.0853        1.0394
    652.0911        1.0442
    652.0969        1.0462
    652.1027        1.0474
    652.1084        1.0464
    652.1142        1.0421
    652.1200        1.0363
    652.1258        1.0359
    652.1316        1.0382
    652.1374        1.0366
    652.1432        1.0330
    652.1489        1.0323
    652.1547        1.0369
    652.1605        1.0400
    652.1663        1.0345
    652.1721        1.0263
    652.1779        1.0222
    652.1836        1.0196
    652.1894        1.0169
    652.1952        1.0155
    652.2010        1.0133
    652.2068        1.0081
    652.2126        1.0009
    652.2184        1.0009
    652.2241        1.0113
    652.2299        1.0166
    652.2357        1.0113
    652.2415        1.0093
    652.2473        1.0177
    652.2531        1.0291
    652.2589        1.0391
    652.2646        1.0427
    652.2704        1.0366
    652.2762        1.0301
    652.2820        1.0221
    652.2878        1.0128
    652.2936        1.0060
    652.2993        1.0037
    652.3051        1.0115
    652.3109        1.0192
    652.3167        1.0187
    652.3225        1.0176
    652.3283        1.0212
    652.3341        1.0226
    652.3398        1.0193
    652.3456        1.0165
    652.3514        1.0137
    652.3572        1.0128
    652.3630        1.0103
    652.3688        1.0038
    652.3746        0.9979
    652.3803        0.9938
    652.3861        0.9779
    652.3919        0.9603
    652.3977        0.9646
    652.4035        0.9761
    652.4093        0.9954
    652.4150        1.0128
    652.4208        1.0204
    652.4266        1.0271
    652.4324        1.0334
    652.4382        1.0403
    652.4440        1.0365
    652.4498        1.0313
    652.4555        1.0371
    652.4613        1.0446
    652.4671        1.0396
    652.4729        1.0297
    652.4787        1.0305
    652.4845        1.0331
    652.4903        1.0299
    652.4960        1.0301
    652.5018        1.0340
    652.5076        1.0365
    652.5134        1.0390
    652.5192        1.0421
    652.5250        1.0356
    652.5307        1.0247
    652.5365        1.0177
    652.5423        1.0102
    652.5481        1.0159
    652.5539        1.0312
    652.5597        1.0390
    652.5655        1.0411
    652.5712        1.0395
    652.5770        1.0372
    652.5828        1.0375
    652.5886        1.0376
    652.5944        1.0284
    652.6002        1.0121
    652.6060        1.0085
    652.6117        1.0157
    652.6175        1.0149
    652.6233        1.0102
    652.6291        1.0110
    652.6349        1.0130
    652.6407        1.0171
    652.6464        1.0237
    652.6522        1.0344
    652.6580        1.0480
    652.6638        1.0476
    652.6696        1.0354
    652.6754        1.0253
    652.6812        1.0193
    652.6869        1.0231
    652.6927        1.0356
    652.6985        1.0405
    652.7043        1.0366
    652.7101        1.0328
    652.7159        1.0271
    652.7217        1.0227
    652.7274        1.0252
    652.7332        1.0311
    652.7390        1.0354
    652.7448        1.0341
    652.7506        1.0266
    652.7564        1.0211
    652.7621        1.0235
    652.7679        1.0271
    652.7737        1.0276
    652.7795        1.0311
    652.7853        1.0378
    652.7911        1.0376
    652.7969        1.0297
    652.8026        1.0260
    652.8084        1.0321
    652.8142        1.0357
    652.8200        1.0256
    652.8258        1.0170
    652.8316        1.0222
    652.8374        1.0277
    652.8431        1.0245
    652.8489        1.0184
    652.8547        1.0106
    652.8605        1.0063
    652.8663        1.0182
    652.8721        1.0312
    652.8778        1.0284
    652.8836        1.0248
    652.8894        1.0308
    652.8952        1.0349
    652.9010        1.0347
    652.9068        1.0332
    652.9126        1.0223
    652.9183        1.0108
    652.9241        1.0059
    652.9299        1.0037
    652.9357        1.0095
    652.9415        1.0167
    652.9473        1.0294
    652.9531        1.0436
    652.9588        1.0402
    652.9646        1.0310
    652.9704        1.0244
    652.9762        1.0213
    652.9820        1.0279
    652.9878        1.0365
    652.9935        1.0301
    652.9993        1.0167
    653.0051        1.0136
    653.0109        1.0125
    653.0167        1.0102
    653.0225        1.0102
    653.0283        1.0074
    653.0340        1.0018
    653.0398        0.9940
    653.0456        0.9885
    653.0514        0.9967
    653.0572        1.0042
    653.0630        1.0077
    653.0688        1.0161
    653.0745        1.0257
    653.0803        1.0331
    653.0861        1.0200
    653.0919        1.0039
    653.0977        1.0067
    653.1035        1.0082
    653.1092        1.0155
    653.1150        1.0279
    653.1208        1.0301
    653.1266        1.0320
    653.1324        1.0301
    653.1382        1.0255
    653.1440        1.0285
    653.1497        1.0319
    653.1555        1.0212
    653.1613        1.0080
    653.1671        1.0153
    653.1729        1.0295
    653.1787        1.0335
    653.1845        1.0329
    653.1902        1.0330
    653.1960        1.0356
    653.2018        1.0296
    653.2076        1.0188
    653.2134        1.0118
    653.2192        1.0063
    653.2249        0.9986
    653.2307        0.9904
    653.2365        0.9899
    653.2423        0.9903
    653.2481        0.9888
    653.2539        0.9893
    653.2597        0.9960
    653.2654        1.0050
    653.2712        1.0140
    653.2770        1.0245
    653.2828        1.0226
    653.2886        1.0156
    653.2944        1.0151
    653.3002        1.0138
    653.3059        1.0136
    653.3117        1.0189
    653.3175        1.0221
    653.3233        1.0207
    653.3291        1.0284
    653.3349        1.0412
    653.3406        1.0483
    653.3464        1.0509
    653.3522        1.0474
    653.3580        1.0416
    653.3638        1.0405
    653.3696        1.0442
    653.3754        1.0394
    653.3811        1.0266
    653.3869        1.0164
    653.3927        1.0101
    653.3985        0.9972
    653.4043        0.9789
    653.4101        0.9813
    653.4159        0.9975
    653.4216        1.0089
    653.4274        1.0161
    653.4332        1.0198
    653.4390        1.0247
    653.4448        1.0267
    653.4506        1.0242
    653.4563        1.0233
    653.4621        1.0210
    653.4679        1.0162
    653.4737        1.0128
    653.4795        1.0124
    653.4853        1.0165
    653.4911        1.0247
    653.4968        1.0296
    653.5026        1.0303
    653.5084        1.0324
    653.5142        1.0293
    653.5200        1.0195
    653.5258        1.0163
    653.5316        1.0211
    653.5373        1.0241
    653.5431        1.0225
    653.5489        1.0222
    653.5547        1.0260
    653.5605        1.0303
    653.5663        1.0347
    653.5720        1.0396
    653.5778        1.0443
    653.5836        1.0422
    653.5894        1.0301
    653.5952        1.0201
    653.6010        1.0177
    653.6068        1.0193
    653.6125        1.0240
    653.6183        1.0270
    653.6241        1.0253
    653.6299        1.0247
    653.6357        1.0255
    653.6415        1.0213
    653.6473        1.0151
    653.6530        1.0146
    653.6588        1.0165
    653.6646        1.0131
    653.6704        1.0037
    653.6762        0.9958
    653.6820        0.9917
    653.6877        0.9938
    653.6935        1.0050
    653.6993        1.0144
    653.7051        1.0190
    653.7109        1.0225
    653.7167        1.0242
    653.7225        1.0257
    653.7282        1.0240
    653.7340        1.0222
    653.7398        1.0252
    653.7456        1.0277
    653.7514        1.0259
    653.7572        1.0253
    653.7630        1.0309
    653.7687        1.0355
    653.7745        1.0357
    653.7803        1.0354
    653.7861        1.0354
    653.7919        1.0390
    653.7977        1.0426
    653.8034        1.0431
    653.8092        1.0462
    653.8150        1.0472
    653.8208        1.0367
    653.8266        1.0262
    653.8324        1.0205
    653.8382        1.0179
    653.8439        1.0199
    653.8497        1.0213
    653.8555        1.0259
    653.8613        1.0290
    653.8671        1.0241
    653.8729        1.0200
    653.8787        1.0206
    653.8844        1.0206
    653.8902        1.0132
    653.8960        1.0066
    653.9018        1.0133
    653.9076        1.0192
    653.9134        1.0142
    653.9191        1.0138
    653.9249        1.0219
    653.9307        1.0259
    653.9365        1.0286
    653.9423        1.0333
    653.9481        1.0291
    653.9539        1.0212
    653.9596        1.0153
    653.9654        1.0111
    653.9712        1.0218
    653.9770        1.0340
    653.9828        1.0338
    653.9886        1.0359
    653.9944        1.0406
    654.0001        1.0415
    654.0059        1.0415
    654.0117        1.0418
    654.0175        1.0500
    654.0233        1.0605
    654.0291        1.0557
    654.0348        1.0442
    654.0406        1.0269
    654.0464        1.0138
    654.0522        1.0176
    654.0580        1.0213
    654.0638        1.0299
    654.0696        1.0436
    654.0753        1.0474
    654.0811        1.0411
    654.0869        1.0253
    654.0927        1.0143
    654.0985        1.0198
    654.1043        1.0266
    654.1101        1.0237
    654.1158        1.0210
    654.1216        1.0253
    654.1274        1.0260
    654.1332        1.0224
    654.1390        1.0231
    654.1448        1.0327
    654.1505        1.0469
    654.1563        1.0474
    654.1621        1.0394
    654.1679        1.0248
    654.1737        1.0091
    654.1795        1.0116
    654.1853        1.0181
    654.1910        1.0233
    654.1968        1.0302
    654.2026        1.0355
    654.2084        1.0362
    654.2142        1.0168
    654.2200        0.9969
    654.2258        1.0066
    654.2315        1.0208
    654.2373        1.0069
    654.2431        0.9869
    654.2489        0.9893
    654.2547        1.0013
    654.2605        1.0108
    654.2662        1.0166
    654.2720        1.0182
    654.2778        1.0160
    654.2836        1.0112
    654.2894        1.0107
    654.2952        1.0178
    654.3010        1.0246
    654.3067        1.0145
    654.3125        1.0004
    654.3183        1.0050
    654.3241        1.0132
    654.3299        1.0108
    654.3357        1.0078
    654.3415        1.0151
    654.3472        1.0222
    654.3530        1.0170
    654.3588        1.0095
    654.3646        1.0010
    654.3704        0.9927
    654.3762        0.9934
    654.3819        0.9925
    654.3877        0.9779
    654.3935        0.9679
    654.3993        0.9670
    654.4051        0.9623
    654.4109        0.9750
    654.4167        0.9965
    654.4224        1.0132
    654.4282        1.0237
    654.4340        1.0191
    654.4398        1.0167
    654.4456        1.0256
    654.4514        1.0336
    654.4572        1.0372
    654.4629        1.0408
    654.4687        1.0277
    654.4745        1.0071
    654.4803        1.0097
    654.4861        1.0224
    654.4919        1.0235
    654.4976        1.0232
    654.5034        1.0231
    654.5092        1.0201
    654.5150        1.0311
    654.5208        1.0451
    654.5266        1.0325
    654.5324        1.0140
    654.5381        1.0183
    654.5439        1.0268
    654.5497        1.0204
    654.5555        1.0117
    654.5613        1.0138
    654.5671        1.0196
    654.5729        1.0223
    654.5786        1.0261
    654.5844        1.0201
    654.5902        1.0062
    654.5960        1.0094
    654.6018        1.0171
    654.6076        1.0137
    654.6133        1.0134
    654.6191        1.0288
    654.6249        1.0462
    654.6307        1.0435
    654.6365        1.0333
    654.6423        1.0327
    654.6481        1.0313
    654.6538        1.0246
    654.6596        1.0256
    654.6654        1.0268
    654.6712        1.0170
    654.6770        1.0101
    654.6828        1.0123
    654.6886        1.0173
    654.6943        1.0207
    654.7001        1.0247
    654.7059        1.0292
    654.7117        1.0390
    654.7175        1.0515
    654.7233        1.0458
    654.7290        1.0338
    654.7348        1.0402
    654.7406        1.0526
    654.7464        1.0383
    654.7522        1.0134
    654.7580        1.0043
    654.7638        1.0033
    654.7695        1.0053
    654.7753        1.0075
    654.7811        1.0051
    654.7869        0.9946
    654.7927        1.0101
    654.7985        1.0428
    654.8043        1.0358
    654.8100        1.0124
    654.8158        1.0125
    654.8216        1.0212
    654.8274        1.0180
    654.8332        1.0106
    654.8390        1.0081
    654.8447        1.0060
    654.8505        0.9980
    654.8563        0.9878
    654.8621        0.9764
    654.8679        0.9663
    654.8737        0.9728
    654.8795        0.9823
    654.8852        1.0042
    654.8910        1.0301
    654.8968        1.0351
    654.9026        1.0359
    654.9084        1.0229
    654.9142        1.0080
    654.9200        1.0117
    654.9257        1.0169
    654.9315        1.0163
    654.9373        1.0148
    654.9431        1.0249
    654.9489        1.0377
    654.9547        1.0429
    654.9604        1.0441
    654.9662        1.0464
    654.9720        1.0493
    654.9778        1.0396
    654.9836        1.0303
    654.9894        1.0264
    654.9952        1.0244
    655.0009        1.0269
    655.0067        1.0287
    655.0125        1.0391
    655.0183        1.0484
    655.0241        1.0497
    655.0299        1.0521
    655.0357        1.0468
    655.0414        1.0398
    655.0472        1.0387
    655.0530        1.0374
    655.0588        1.0420
    655.0646        1.0503
    655.0704        1.0465
    655.0761        1.0365
    655.0819        1.0336
    655.0877        1.0361
    655.0935        1.0335
    655.0993        1.0277
    655.1051        1.0294
    655.1109        1.0352
    655.1166        1.0438
    655.1224        1.0486
    655.1282        1.0475
    655.1340        1.0483
    655.1398        1.0517
    655.1456        1.0524
    655.1514        1.0459
    655.1571        1.0411
    655.1629        1.0352
    655.1687        1.0286
    655.1745        1.0393
    655.1803        1.0524
    655.1861        1.0511
    655.1918        1.0497
    655.1976        1.0508
    655.2034        1.0490
    655.2092        1.0510
    655.2150        1.0521
    655.2208        1.0384
    655.2266        1.0252
    655.2323        1.0295
    655.2381        1.0354
    655.2439        1.0227
    655.2497        1.0063
    655.2555        1.0005
    655.2613        1.0000
    655.2671        0.9972
    655.2728        0.9911
    655.2786        0.9920
    655.2844        0.9958
    655.2902        1.0065
    655.2960        1.0220
    655.3018        1.0418
    655.3075        1.0606
    655.3133        1.0662
    655.3191        1.0659
    655.3249        1.0753
    655.3307        1.0919
    655.3365        1.0969
    655.3423        1.0921
    655.3480        1.0861
    655.3538        1.0856
    655.3596        1.0959
    655.3654        1.1051
    655.3712        1.0995
    655.3770        1.0936
    655.3828        1.1058
    655.3885        1.1199
    655.3943        1.1217
    655.4001        1.1189
    655.4059        1.1171
    655.4117        1.1200
    655.4175        1.1292
    655.4232        1.1353
    655.4290        1.1300
    655.4348        1.1232
    655.4406        1.1188
    655.4464        1.1193
    655.4522        1.1345
    655.4580        1.1530
    655.4637        1.1666
    655.4695        1.1739
    655.4753        1.1715
    655.4811        1.1715
    655.4869        1.1787
    655.4927        1.1828
    655.4985        1.1853
    655.5042        1.1903
    655.5100        1.1887
    655.5158        1.1897
    655.5216        1.2081
    655.5274        1.2241
    655.5332        1.2246
    655.5389        1.2237
    655.5447        1.2326
    655.5505        1.2423
    655.5563        1.2391
    655.5621        1.2345
    655.5679        1.2381
    655.5737        1.2547
    655.5794        1.2906
    655.5852        1.3138
    655.5910        1.3040
    655.5968        1.2919
    655.6026        1.2940
    655.6084        1.3035
    655.6142        1.3147
    655.6199        1.3226
    655.6257        1.3316
    655.6315        1.3434
    655.6373        1.3530
    655.6431        1.3587
    655.6489        1.3629
    655.6546        1.3731
    655.6604        1.3896
    655.6662        1.4005
    655.6720        1.4052
    655.6778        1.4088
    655.6836        1.4077
    655.6894        1.4068
    655.6951        1.4100
    655.7009        1.4231
    655.7067        1.4507
    655.7125        1.4728
    655.7183        1.4798
    655.7241        1.4766
    655.7299        1.4680
    655.7356        1.4762
    655.7414        1.5004
    655.7472        1.5262
    655.7530        1.5599
    655.7588        1.5931
    655.7646        1.6182
    655.7703        1.6452
    655.7761        1.6706
    655.7819        1.6889
    655.7877        1.7092
    655.7935        1.7296
    655.7993        1.7469
    655.8051        1.7655
    655.8108        1.7816
    655.8166        1.7999
    655.8224        1.8251
    655.8282        1.8484
    655.8340        1.8674
    655.8398        1.8971
    655.8456        1.9361
    655.8513        1.9659
    655.8571        1.9889
    655.8629        2.0141
    655.8687        2.0381
    655.8745        2.0624
    655.8803        2.0912
    655.8860        2.1213
    655.8918        2.1499
    655.8976        2.1819
    655.9034        2.2144
    655.9092        2.2501
    655.9150        2.2889
    655.9208        2.3145
    655.9265        2.3341
    655.9323        2.3528
    655.9381        2.3694
    655.9439        2.3874
    655.9497        2.4080
    655.9555        2.4249
    655.9613        2.4388
    655.9670        2.4704
    655.9728        2.5047
    655.9786        2.5312
    655.9844        2.5626
    655.9902        2.5779
    655.9960        2.5840
    656.0017        2.5903
    656.0075        2.5936
    656.0133        2.6057
    656.0191        2.6232
    656.0249        2.6422
    656.0307        2.6645
    656.0365        2.6904
    656.0422        2.7086
    656.0480        2.7054
    656.0538        2.7031
    656.0596        2.6993
    656.0654        2.6915
    656.0712        2.6994
    656.0770        2.7158
    656.0827        2.7291
    656.0885        2.7412
    656.0943        2.7349
    656.1001        2.7183
    656.1059        2.7036
    656.1117        2.6935
    656.1174        2.6761
    656.1232        2.6542
    656.1290        2.6336
    656.1348        2.6121
    656.1406        2.5944
    656.1464        2.5752
    656.1522        2.5496
    656.1579        2.5300
    656.1637        2.5204
    656.1695        2.5064
    656.1753        2.4940
    656.1811        2.4874
    656.1869        2.4764
    656.1927        2.4637
    656.1984        2.4369
    656.2042        2.3974
    656.2100        2.3806
    656.2158        2.3798
    656.2216        2.3630
    656.2274        2.3390
    656.2331        2.3337
    656.2389        2.3314
    656.2447        2.3343
    656.2505        2.3383
    656.2563        2.3304
    656.2621        2.3266
    656.2679        2.3236
    656.2736        2.3156
    656.2794        2.3025
    656.2852        2.2957
    656.2910        2.3224
    656.2968        2.3468
    656.3026        2.3412
    656.3084        2.3302
    656.3141        2.3323
    656.3199        2.3393
    656.3257        2.3364
    656.3315        2.3355
    656.3373        2.3461
    656.3431        2.3554
    656.3488        2.3533
    656.3546        2.3505
    656.3604        2.3637
    656.3662        2.3825
    656.3720        2.4096
    656.3778        2.4425
    656.3836        2.4701
    656.3893        2.4893
    656.3951        2.4993
    656.4009        2.5089
    656.4067        2.5207
    656.4125        2.5318
    656.4183        2.5439
    656.4241        2.5610
    656.4298        2.5871
    656.4356        2.6181
    656.4414        2.6524
    656.4472        2.6957
    656.4530        2.7532
    656.4588        2.8026
    656.4645        2.8372
    656.4703        2.8713
    656.4761        2.9055
    656.4819        2.9305
    656.4877        2.9395
    656.4935        2.9467
    656.4993        2.9593
    656.5050        2.9588
    656.5108        2.9398
    656.5166        2.9304
    656.5224        2.9321
    656.5282        2.9189
    656.5340        2.8925
    656.5398        2.8746
    656.5455        2.8581
    656.5513        2.8390
    656.5571        2.8316
    656.5629        2.8325
    656.5687        2.8277
    656.5745        2.8106
    656.5802        2.7910
    656.5860        2.7712
    656.5918        2.7451
    656.5976        2.7163
    656.6034        2.6928
    656.6092        2.6664
    656.6150        2.6299
    656.6207        2.6005
    656.6265        2.5825
    656.6323        2.5598
    656.6381        2.5288
    656.6439        2.4953
    656.6497        2.4667
    656.6555        2.4391
    656.6612        2.4078
    656.6670        2.3665
    656.6728        2.3203
    656.6786        2.2819
    656.6844        2.2413
    656.6902        2.2172
    656.6959        2.2140
    656.7017        2.1857
    656.7075        2.1386
    656.7133        2.0972
    656.7191        2.0604
    656.7249        2.0363
    656.7307        2.0152
    656.7364        1.9819
    656.7422        1.9416
    656.7480        1.9089
    656.7538        1.8873
    656.7596        1.8732
    656.7654        1.8582
    656.7712        1.8308
    656.7769        1.7978
    656.7827        1.7691
    656.7885        1.7415
    656.7943        1.7326
    656.8001        1.7277
    656.8059        1.7066
    656.8116        1.6860
    656.8174        1.6759
    656.8232        1.6645
    656.8290        1.6386
    656.8348        1.6136
    656.8406        1.5889
    656.8464        1.5611
    656.8521        1.5450
    656.8579        1.5278
    656.8637        1.5009
    656.8695        1.4812
    656.8753        1.4764
    656.8811        1.4677
    656.8869        1.4564
    656.8926        1.4456
    656.8984        1.4311
    656.9042        1.4182
    656.9100        1.4155
    656.9158        1.4172
    656.9216        1.4082
    656.9273        1.3937
    656.9331        1.3769
    656.9389        1.3619
    656.9447        1.3607
    656.9505        1.3580
    656.9563        1.3485
    656.9621        1.3361
    656.9678        1.3082
    656.9736        1.2841
    656.9794        1.2807
    656.9852        1.2828
    656.9910        1.2865
    656.9968        1.2789
    657.0026        1.2548
    657.0083        1.2382
    657.0141        1.2351
    657.0199        1.2329
    657.0257        1.2247
    657.0315        1.2143
    657.0373        1.2027
    657.0430        1.1904
    657.0488        1.1832
    657.0546        1.1767
    657.0604        1.1657
    657.0662        1.1584
    657.0720        1.1628
    657.0778        1.1669
    657.0835        1.1635
    657.0893        1.1649
    657.0951        1.1707
    657.1009        1.1628
    657.1067        1.1405
    657.1125        1.1315
    657.1183        1.1412
    657.1240        1.1415
    657.1298        1.1308
    657.1356        1.1231
    657.1414        1.1154
    657.1472        1.1124
    657.1530        1.1169
    657.1587        1.1144
    657.1645        1.1049
    657.1703        1.0984
    657.1761        1.0953
    657.1819        1.0868
    657.1877        1.0736
    657.1935        1.0599
    657.1992        1.0455
    657.2050        1.0330
    657.2108        1.0222
    657.2166        1.0167
    657.2224        1.0163
    657.2282        1.0175
    657.2340        1.0173
    657.2397        1.0207
    657.2455        1.0240
    657.2513        1.0336
    657.2571        1.0501
    657.2629        1.0537
    657.2687        1.0458
    657.2744        1.0359
    657.2802        1.0300
    657.2860        1.0279
    657.2918        1.0252
    657.2976        1.0244
    657.3034        1.0278
    657.3092        1.0236
    657.3149        1.0129
    657.3207        1.0104
    657.3265        1.0117
    657.3323        1.0154
    657.3381        1.0198
    657.3439        1.0131
    657.3497        0.9999
    657.3554        0.9873
    657.3612        0.9814
    657.3670        0.9940
    657.3728        1.0089
    657.3786        1.0106
    657.3844        1.0084
    657.3901        1.0038
    657.3959        0.9936
    657.4017        0.9865
    657.4075        0.9886
    657.4133        0.9994
    657.4191        1.0112
    657.4249        1.0137
    657.4306        1.0102
    657.4364        1.0137
    657.4422        1.0176
    657.4480        1.0109
    657.4538        1.0013
    657.4596        0.9914
    657.4654        0.9833
    657.4711        0.9758
    657.4769        0.9660
    657.4827        0.9565
    657.4885        0.9485
    657.4943        0.9439
    657.5001        0.9510
    657.5058        0.9712
    657.5116        0.9835
    657.5174        0.9856
    657.5232        0.9946
    657.5290        1.0111
    657.5348        1.0157
    657.5406        1.0045
    657.5463        0.9994
    657.5521        1.0053
    657.5579        1.0170
    657.5637        1.0304
    657.5695        1.0415
    657.5753        1.0538
    657.5811        1.0531
    657.5868        1.0392
    657.5926        1.0265
    657.5984        1.0205
    657.6042        1.0141
    657.6100        1.0006
    657.6158        1.0000
    657.6215        1.0102
    657.6273        1.0078
    657.6331        1.0002
    657.6389        1.0031
    657.6447        1.0091
    657.6505        1.0067
    657.6563        0.9982
    657.6620        0.9844
    657.6678        0.9750
    657.6736        0.9841
    657.6794        0.9952
    657.6852        0.9851
    657.6910        0.9701
    657.6968        0.9742
    657.7025        0.9827
    657.7083        0.9927
    657.7141        1.0032
    657.7199        0.9914
    657.7257        0.9736
    657.7315        0.9704
    657.7372        0.9683
    657.7430        0.9619
    657.7488        0.9600
    657.7546        0.9630
    657.7604        0.9670
    657.7662        0.9769
    657.7720        0.9839
    657.7777        0.9853
    657.7835        0.9886
    657.7893        0.9924
    657.7951        0.9985
    657.8009        1.0016
    657.8067        0.9986
    657.8125        0.9954
    657.8182        0.9910
    657.8240        0.9862
    657.8298        0.9839
    657.8356        0.9768
    657.8414        0.9706
    657.8472        0.9716
    657.8529        0.9732
    657.8587        0.9804
    657.8645        0.9887
    657.8703        0.9862
    657.8761        0.9827
    657.8819        0.9885
    657.8877        0.9888
    657.8934        0.9758
    657.8992        0.9674
    657.9050        0.9693
    657.9108        0.9730
    657.9166        0.9771
    657.9224        0.9795
    657.9282        0.9800
    657.9339        0.9816
    657.9397        0.9848
    657.9455        0.9921
    657.9513        1.0019
    657.9571        1.0035
    657.9629        0.9984
    657.9686        0.9918
    657.9744        0.9866
    657.9802        0.9843
    657.9860        0.9803
    657.9918        0.9775
    657.9976        0.9780
    658.0034        0.9803
    658.0091        0.9820
    658.0149        0.9885
    658.0207        0.9974
    658.0265        0.9986
    658.0323        0.9986
    658.0381        1.0028
    658.0439        1.0066
    658.0496        0.9956
    658.0554        0.9793
    658.0612        0.9622
    658.0670        0.9445
    658.0728        0.9502
    658.0786        0.9632
    658.0843        0.9591
    658.0901        0.9506
    658.0959        0.9580
    658.1017        0.9721
    658.1075        0.9788
    658.1133        0.9804
    658.1191        0.9743
    658.1248        0.9656
    658.1306        0.9751
    658.1364        0.9886
    658.1422        0.9934
    658.1480        0.9996
    658.1538        1.0008
    658.1596        0.9982
    658.1653        1.0049
    658.1711        1.0123
    658.1769        1.0041
    658.1827        0.9917
    658.1885        0.9767
    658.1943        0.9626
    658.2000        0.9701
    658.2058        0.9841
    658.2116        0.9850
    658.2174        0.9812
    658.2232        0.9816
    658.2290        0.9844
    658.2348        0.9828
    658.2405        0.9796
    658.2463        0.9812
    658.2521        0.9796
    658.2579        0.9670
    658.2637        0.9581
    658.2695        0.9625
    658.2753        0.9733
    658.2810        0.9864
    658.2868        0.9937
    658.2926        0.9914
    658.2984        0.9840
    658.3042        0.9764
    658.3100        0.9778
    658.3157        0.9849
    658.3215        0.9828
    658.3273        0.9750
    658.3331        0.9769
    658.3389        0.9853
    658.3447        0.9859
    658.3505        0.9810
    658.3562        0.9759
    658.3620        0.9711
    658.3678        0.9684
    658.3736        0.9670
    658.3794        0.9691
    658.3852        0.9740
    658.3910        0.9742
    658.3967        0.9669
    658.4025        0.9639
    658.4083        0.9675
    658.4141        0.9709
    658.4199        0.9769
    658.4257        0.9767
    658.4314        0.9730
    658.4372        0.9828
    658.4430        0.9893
    658.4488        0.9836
    658.4546        0.9774
    658.4604        0.9820
    658.4662        0.9924
    658.4719        0.9891
    658.4777        0.9849
    658.4835        0.9957
    658.4893        1.0014
    658.4951        0.9893
    658.5009        0.9791
    658.5067        0.9924
    658.5124        1.0099
    658.5182        1.0060
    658.5240        0.9979
    658.5298        1.0024
    658.5356        1.0060
    658.5414        0.9975
    658.5471        0.9867
    658.5529        0.9776
    658.5587        0.9772
    658.5645        0.9892
    658.5703        0.9888
    658.5761        0.9718
    658.5819        0.9681
    658.5876        0.9787
    658.5934        0.9859
    658.5992        0.9890
    658.6050        0.9924
    658.6108        0.9983
    658.6166        1.0052
    658.6224        1.0127
    658.6281        1.0120
    658.6339        1.0013
    658.6397        0.9873
    658.6455        0.9741
    658.6513        0.9725
    658.6571        0.9778
    658.6628        0.9800
    658.6686        0.9802
    658.6744        0.9851
    658.6802        0.9941
    658.6860        0.9950
    658.6918        0.9894
    658.6976        0.9863
    658.7033        0.9863
    658.7091        0.9873
    658.7149        0.9877
    658.7207        0.9916
    658.7265        0.9939
    658.7323        0.9964
    658.7381        1.0040
    658.7438        0.9978
    658.7496        0.9871
    658.7554        0.9931
    658.7612        1.0006
    658.7670        0.9959
    658.7728        0.9905
    658.7785        0.9865
    658.7843        0.9846
    658.7901        0.9959
    658.7959        1.0033
    658.8017        0.9934
    658.8075        0.9869
    658.8133        0.9928
    658.8190        1.0019
    658.8248        1.0156
    658.8306        1.0236
    658.8364        1.0135
    658.8422        0.9994
    658.8480        0.9924
    658.8538        0.9890
    658.8595        0.9848
    658.8653        0.9871
    658.8711        0.9962
    658.8769        1.0020
    658.8827        1.0035
    658.8885        1.0022
    658.8942        1.0014
    658.9000        0.9965
    658.9058        0.9882
    658.9116        0.9903
    658.9174        0.9992
    658.9232        1.0033
    658.9290        1.0049
    658.9347        1.0053
    658.9405        1.0041
    658.9463        1.0031
    658.9521        1.0022
    658.9579        0.9978
    658.9637        0.9918
    658.9695        0.9937
    658.9752        0.9979
    658.9810        1.0043
    658.9868        1.0114
    658.9926        1.0169
    658.9984        1.0235
    659.0042        1.0219
    659.0099        1.0175
    659.0157        1.0087
    659.0215        0.9996
    659.0273        1.0040
    659.0331        1.0107
    659.0389        1.0109
    659.0447        1.0097
    659.0504        1.0086
    659.0562        1.0087
    659.0620        1.0103
    659.0678        1.0083
    659.0736        0.9982
    659.0794        0.9936
    659.0852        1.0052
    659.0909        1.0134
    659.0967        1.0022
    659.1025        0.9893
    659.1083        0.9939
    659.1141        1.0008
    659.1199        0.9962
    659.1256        0.9946
    659.1314        1.0030
    659.1372        1.0071
    659.1430        1.0058
    659.1488        1.0038
    659.1546        1.0011
    659.1604        0.9948
    659.1661        0.9871
    659.1719        0.9924
    659.1777        1.0049
    659.1835        1.0122
    659.1893        1.0177
    659.1951        1.0214
    659.2009        1.0213
    659.2066        1.0162
    659.2124        1.0117
    659.2182        1.0090
    659.2240        1.0037
    659.2298        0.9967
    659.2356        0.9939
    659.2413        1.0016
    659.2471        1.0108
    659.2529        1.0151
    659.2587        1.0147
    659.2645        1.0048
    659.2703        0.9952
    659.2761        1.0029
    659.2818        1.0172
    659.2876        1.0167
    659.2934        1.0083
    659.2992        0.9974
    659.3050        0.9894
    659.3108        0.9941
    659.3166        1.0005
    659.3223        1.0076
    659.3281        1.0121
    659.3339        1.0016
    659.3397        0.9905
    659.3455        0.9886
    659.3513        0.9917
    659.3570        1.0021
    659.3628        1.0090
    659.3686        1.0047
    659.3744        1.0001
    659.3802        0.9997
    659.3860        0.9928
    659.3918        0.9753
    659.3975        0.9710
    659.4033        0.9887
    659.4091        0.9981
    659.4149        0.9898
    659.4207        0.9867
    659.4265        0.9932
    659.4323        1.0020
    659.4380        1.0117
    659.4438        1.0145
    659.4496        1.0101
    659.4554        1.0034
    659.4612        1.0038
    659.4670        1.0058
    659.4727        1.0004
    659.4785        0.9948
    659.4843        0.9915
    659.4901        0.9918
    659.4959        0.9913
    659.5017        0.9945
    659.5075        1.0032
    659.5132        1.0089
    659.5190        1.0127
    659.5248        1.0120
    659.5306        1.0129
    659.5364        1.0105
    659.5422        1.0010
    659.5480        1.0025
    659.5537        1.0127
    659.5595        1.0144
    659.5653        1.0098
    659.5711        1.0147
    659.5769        1.0225
    659.5827        1.0219
    659.5884        1.0177
    659.5942        1.0098
    659.6000        1.0054
    659.6058        1.0070
    659.6116        1.0032
    659.6174        0.9950
    659.6232        0.9931
    659.6289        0.9950
    659.6347        0.9943
    659.6405        0.9898
    659.6463        0.9871
    659.6521        0.9916
    659.6579        0.9940
    659.6637        0.9894
    659.6694        0.9861
    659.6752        0.9873
    659.6810        0.9869
    659.6868        0.9820
    659.6926        0.9825
    659.6984        0.9921
    659.7041        0.9993
    659.7099        0.9985
    659.7157        0.9988
    659.7215        1.0021
    659.7273        1.0060
    659.7331        1.0108
    659.7389        1.0075
    659.7446        0.9999
    659.7504        0.9885
    659.7562        0.9799
    659.7620        0.9906
    659.7678        1.0032
    659.7736        0.9980
    659.7794        0.9891
    659.7851        0.9858
    659.7909        0.9851
    659.7967        0.9883
    659.8025        0.9930
    659.8083        1.0003
    659.8141        1.0065
    659.8198        1.0079
    659.8256        1.0096
    659.8314        1.0075
    659.8372        0.9987
    659.8430        0.9888
    659.8488        0.9847
    659.8546        0.9853
    659.8603        0.9924
    659.8661        1.0070
    659.8719        1.0120
    659.8777        1.0059
    659.8835        1.0076
    659.8893        1.0205
    659.8951        1.0216
    659.9008        1.0088
    659.9066        1.0025
    659.9124        1.0030
    659.9182        0.9982
    659.9240        0.9873
    659.9298        0.9833
    659.9355        0.9853
    659.9413        0.9816
    659.9471        0.9771
    659.9529        0.9852
    659.9587        0.9953
    659.9645        0.9940
    659.9703        0.9917
    659.9760        0.9928
    659.9818        0.9889
    659.9876        0.9804
    659.9934        0.9773
    659.9992        0.9843
    660.0050        0.9930
    660.0108        0.9986
    660.0165        1.0004
    660.0223        0.9948
    660.0281        0.9878
    660.0339        0.9838
    660.0397        0.9851
    660.0455        0.9941
    660.0512        1.0045
    660.0570        1.0093
    660.0628        1.0087
    660.0686        1.0035
    660.0744        0.9949
    660.0802        0.9902
    660.0860        0.9859
    660.0917        0.9742
    660.0975        0.9724
    660.1033        0.9842
    660.1091        0.9953
    660.1149        1.0010
    660.1207        0.9982
    660.1265        0.9894
    660.1322        0.9898
    660.1380        1.0016
    660.1438        1.0034
    660.1496        0.9936
    660.1554        0.9916
    660.1612        0.9968
    660.1669        0.9955
    660.1727        0.9908
    660.1785        0.9914
    660.1843        0.9939
    660.1901        0.9894
    660.1959        0.9840
    660.2017        0.9830
    660.2074        0.9818
    660.2132        0.9928
    660.2190        1.0030
    660.2248        0.9957
    660.2306        0.9942
    660.2364        1.0103
    660.2422        1.0204
    660.2479        1.0231
    660.2537        1.0226
    660.2595        1.0104
    660.2653        1.0019
    660.2711        1.0032
    660.2769        1.0029
    660.2826        0.9957
    660.2884        0.9869
    660.2942        0.9764
    660.3000        0.9747
    660.3058        0.9880
    660.3116        0.9982
    660.3174        1.0013
    660.3231        1.0056
    660.3289        1.0117
    660.3347        1.0113
    660.3405        1.0052
    660.3463        1.0006
    660.3521        1.0008
    660.3579        1.0032
    660.3636        1.0015
    660.3694        0.9997
    660.3752        0.9996
    660.3810        1.0008
    660.3868        1.0030
    660.3926        1.0006
    660.3983        0.9974
    660.4041        0.9936
    660.4099        0.9903
    660.4157        0.9945
    660.4215        0.9987
    660.4273        0.9977
    660.4331        0.9994
    660.4388        1.0003
    660.4446        0.9954
    660.4504        0.9882
    660.4562        0.9824
    660.4620        0.9800
    660.4678        0.9815
    660.4736        0.9876
    660.4793        0.9916
    660.4851        0.9912
    660.4909        0.9939
    660.4967        1.0002
    660.5025        0.9985
    660.5083        0.9868
    660.5140        0.9810
    660.5198        0.9854
    660.5256        0.9898
    660.5314        0.9921
    660.5372        0.9955
    660.5430        0.9983
    660.5488        1.0007
    660.5545        1.0072
    660.5603        1.0164
    660.5661        1.0223
    660.5719        1.0150
    660.5777        1.0002
    660.5835        0.9895
    660.5893        0.9829
    660.5950        0.9898
    660.6008        1.0020
    660.6066        1.0021
    660.6124        0.9996
    660.6182        0.9969
    660.6240        0.9900
    660.6297        0.9928
    660.6355        1.0005
    660.6413        0.9963
    660.6471        0.9917
    660.6529        1.0029
    660.6587        1.0151
    660.6645        1.0153
    660.6702        1.0163
    660.6760        1.0260
    660.6818        1.0287
    660.6876        1.0166
    660.6934        1.0068
    660.6992        1.0058
    660.7050        1.0085
    660.7107        1.0117
    660.7165        1.0133
    660.7223        1.0125
    660.7281        1.0113
    660.7339        1.0089
    660.7397        1.0135
    660.7454        1.0232
    660.7512        1.0180
    660.7570        1.0102
    660.7628        1.0114
    660.7686        1.0078
    660.7744        0.9972
    660.7802        0.9896
    660.7859        0.9838
    660.7917        0.9772
    660.7975        0.9789
    660.8033        0.9859
    660.8091        0.9955
    660.8149        1.0011
    660.8207        0.9941
    660.8264        0.9868
    660.8322        0.9898
    660.8380        0.9934
    660.8438        0.9931
    660.8496        0.9939
    660.8554        0.9938
    660.8611        0.9921
    660.8669        0.9922
    660.8727        0.9918
    660.8785        0.9924
    660.8843        0.9995
    660.8901        1.0109
    660.8959        1.0145
    660.9016        1.0101
    660.9074        1.0124
    660.9132        1.0185
    660.9190        1.0138
    660.9248        1.0045
    660.9306        1.0037
    660.9364        1.0076
    660.9421        1.0064
    660.9479        1.0020
    660.9537        1.0009
    660.9595        1.0013
    660.9653        0.9986
    660.9711        0.9979
    660.9768        0.9944
    660.9826        0.9884
    660.9884        0.9924
    660.9942        0.9949
    661.0000        0.9955
    661.0058        0.9956
    661.0116        0.9853
    661.0173        0.9764
    661.0231        0.9794
    661.0289        0.9874
    661.0347        0.9963
    661.0405        1.0035
    661.0463        1.0064
    661.0521        1.0016
    661.0578        0.9902
    661.0636        0.9870
    661.0694        0.9941
    661.0752        0.9998
    661.0810        1.0014
    661.0868        1.0015
    661.0925        1.0017
    661.0983        0.9973
    661.1041        0.9925
    661.1099        0.9837
    661.1157        0.9671
    661.1215        0.9685
    661.1273        0.9808
    661.1330        0.9892
    661.1388        0.9979
    661.1446        0.9992
    661.1504        0.9969
    661.1562        1.0007
    661.1620        1.0029
    661.1678        0.9945
    661.1735        0.9887
    661.1793        0.9915
    661.1851        0.9963
    661.1909        1.0092
    661.1967        1.0173
    661.2025        1.0043
    661.2082        0.9915
    661.2140        0.9892
    661.2198        0.9854
    661.2256        0.9778
    661.2314        0.9746
    661.2372        0.9769
    661.2430        0.9823
    661.2487        0.9898
    661.2545        0.9927
    661.2603        0.9913
    661.2661        0.9978
    661.2719        1.0113
    661.2777        1.0131
    661.2835        1.0055
    661.2892        1.0124
    661.2950        1.0270
    661.3008        1.0281
    661.3066        1.0296
    661.3124        1.0225
    661.3182        1.0063
    661.3239        1.0025
    661.3297        1.0019
    661.3355        1.0014
    661.3413        0.9994
    661.3471        1.0074
    661.3529        1.0161
    661.3587        1.0022
    661.3644        0.9894
    661.3702        0.9784
    661.3760        0.9720
    661.3818        0.9948
    661.3876        1.0161
    661.3934        1.0170
    661.3992        1.0127
    661.4049        1.0032
    661.4107        0.9925
    661.4165        0.9796
    661.4223        0.9762
    661.4281        0.9882
    661.4339        0.9963
    661.4396        0.9987
    661.4454        1.0090
    661.4512        1.0261
    661.4570        1.0271
    661.4628        1.0173
    661.4686        1.0153
    661.4744        1.0146
    661.4801        1.0127
    661.4859        1.0106
    661.4917        1.0125
    661.4975        1.0169
    661.5033        1.0111
    661.5091        1.0061
    661.5149        1.0032
    661.5206        0.9985
    661.5264        0.9924
    661.5322        0.9864
    661.5380        0.9961
    661.5438        1.0104
    661.5496        1.0228
    661.5553        1.0310
    661.5611        1.0289
    661.5669        1.0274
    661.5727        1.0250
    661.5785        1.0176
    661.5843        1.0061
    661.5901        0.9973
    661.5958        0.9940
    661.6016        0.9966
    661.6074        1.0013
    661.6132        1.0051
    661.6190        1.0114
    661.6248        1.0098
    661.6306        0.9999
    661.6363        0.9846
    661.6421        0.9663
    661.6479        0.9536
    661.6537        0.9373
    661.6595        0.9347
    661.6653        0.9473
    661.6710        0.9669
    661.6768        0.9930
    661.6826        0.9972
    661.6884        0.9930
    661.6942        0.9947
    661.7000        0.9946
    661.7058        0.9963
    661.7115        0.9986
    661.7173        0.9976
    661.7231        0.9972
    661.7289        1.0012
    661.7347        1.0036
    661.7405        1.0044
    661.7463        1.0050
    661.7520        1.0105
    661.7578        1.0122
    661.7636        1.0002
    661.7694        0.9949
    661.7752        1.0008
    661.7810        0.9955
    661.7867        0.9815
    661.7925        0.9912
    661.7983        1.0157
    661.8041        1.0348
    661.8099        1.0501
    661.8157        1.0418
    661.8215        1.0254
    661.8272        1.0202
    661.8330        1.0173
    661.8388        1.0001
    661.8446        0.9848
    661.8504        0.9831
    661.8562        0.9819
    661.8620        0.9780
    661.8677        0.9741
    661.8735        0.9738
    661.8793        0.9797
    661.8851        0.9990
    661.8909        1.0146
    661.8967        1.0238
    661.9024        1.0259
    661.9082        1.0140
    661.9140        1.0037
    661.9198        0.9999
    661.9256        0.9942
    661.9314        0.9857
    661.9372        0.9841
    661.9429        0.9872
    661.9487        0.9940
    661.9545        1.0066
    661.9603        1.0144
    661.9661        1.0156
    661.9719        1.0076
    661.9777        1.0001
    661.9834        1.0013
    661.9892        1.0018
    661.9950        1.0159
    662.0008        1.0341
    662.0066        1.0334
    662.0124        1.0230
    662.0181        1.0048
    662.0239        0.9920
    662.0297        0.9976
    662.0355        1.0032
    662.0413        0.9946
    662.0471        0.9935
    662.0529        1.0106
    662.0586        1.0207
    662.0644        1.0206
    662.0702        1.0200
    662.0760        1.0182
    662.0818        1.0082
    662.0876        0.9918
    662.0934        0.9894
    662.0991        0.9987
    662.1049        1.0018
    662.1107        1.0010
    662.1165        1.0023
    662.1223        1.0014
    662.1281        1.0061
    662.1338        1.0136
    662.1396        1.0143
    662.1454        1.0131
    662.1512        1.0037
    662.1570        0.9971
    662.1628        1.0022
    662.1686        1.0093
    662.1743        1.0128
    662.1801        1.0127
    662.1859        1.0124
    662.1917        1.0107
    662.1975        1.0083
    662.2033        1.0072
    662.2091        1.0059
    662.2148        1.0055
    662.2206        1.0066
    662.2264        1.0051
    662.2322        1.0043
    662.2380        1.0081
    662.2438        1.0109
    662.2495        1.0076
    662.2553        1.0016
    662.2611        0.9979
    662.2669        0.9965
    662.2727        0.9955
    662.2785        0.9973
    662.2843        1.0058
    662.2900        1.0094
    662.2958        1.0133
    662.3016        1.0232
    662.3074        1.0187
    662.3132        1.0099
    662.3190        1.0121
    662.3248        1.0125
    662.3305        1.0060
    662.3363        1.0032
    662.3421        1.0059
    662.3479        1.0063
    662.3537        1.0029
    662.3595        1.0058
    662.3652        1.0209
    662.3710        1.0260
    662.3768        1.0114
    662.3826        0.9977
    662.3884        0.9911
    662.3942        0.9880
    662.4000        0.9872
    662.4057        0.9903
    662.4115        0.9964
    662.4173        1.0058
    662.4231        1.0145
    662.4289        1.0246
    662.4347        1.0356
    662.4405        1.0221
    662.4462        1.0038
    662.4520        1.0023
    662.4578        1.0001
    662.4636        0.9983
    662.4694        1.0013
    662.4752        1.0005
    662.4809        0.9983
    662.4867        1.0038
    662.4925        1.0094
    662.4983        1.0103
    662.5041        1.0061
    662.5099        0.9943
    662.5157        0.9928
    662.5214        1.0087
    662.5272        1.0152
    662.5330        1.0065
    662.5388        0.9968
    662.5446        0.9882
    662.5504        0.9926
    662.5562        1.0032
    662.5619        1.0034
    662.5677        1.0031
    662.5735        1.0011
    662.5793        0.9978
    662.5851        0.9988
    662.5909        0.9994
    662.5966        1.0023
    662.6024        1.0026
    662.6082        0.9949
    662.6140        0.9868
    662.6198        0.9822
    662.6256        0.9804
    662.6314        0.9797
    662.6371        0.9801
    662.6429        0.9858
    662.6487        0.9863
    662.6545        0.9762
    662.6603        0.9715
    662.6661        0.9746
    662.6719        0.9853
    662.6776        1.0047
    662.6834        1.0112
    662.6892        1.0039
    662.6950        0.9974
    662.7008        0.9961
    662.7066        1.0011
    662.7123        1.0060
    662.7181        1.0086
    662.7239        1.0088
    662.7297        1.0060
    662.7355        1.0058
    662.7413        0.9993
    662.7471        0.9920
    662.7528        0.9978
    662.7586        1.0043
    662.7644        1.0072
    662.7702        1.0087
    662.7760        1.0128
    662.7818        1.0153
    662.7876        1.0048
    662.7933        0.9964
    662.7991        0.9989
    662.8049        1.0038
    662.8107        1.0099
    662.8165        1.0103
    662.8223        1.0027
    662.8280        1.0023
    662.8338        1.0104
    662.8396        1.0135
    662.8454        1.0115
    662.8512        1.0040
    662.8570        0.9937
    662.8628        0.9948
    662.8685        1.0026
    662.8743        1.0048
    662.8801        1.0045
    662.8859        0.9964
    662.8917        0.9880
    662.8975        0.9930
    662.9033        0.9986
    662.9090        1.0026
    662.9148        1.0072
    662.9206        1.0082
    662.9264        1.0054
    662.9322        1.0036
    662.9380        1.0006
    662.9437        0.9924
    662.9495        0.9933
    662.9553        1.0053
    662.9611        1.0096
    662.9669        1.0081
    662.9727        1.0059
    662.9785        1.0026
    662.9842        1.0053
    662.9900        1.0089
    662.9958        1.0159
    663.0016        1.0242
    663.0074        1.0222
    663.0132        1.0160
    663.0190        1.0066
    663.0247        1.0009
    663.0305        0.9905
    663.0363        0.9800
    663.0421        0.9802
    663.0479        0.9839
    663.0537        0.9951
    663.0594        1.0012
    663.0652        0.9971
    663.0710        0.9922
    663.0768        0.9806
    663.0826        0.9741
    663.0884        0.9807
    663.0942        0.9914
    663.0999        1.0007
    663.1057        1.0010
    663.1115        0.9970
    663.1173        1.0011
    663.1231        1.0098
    663.1289        1.0186
    663.1347        1.0271
    663.1404        1.0167
    663.1462        1.0025
    663.1520        1.0001
    663.1578        0.9980
    663.1636        1.0044
    663.1694        1.0086
    663.1751        1.0113
    663.1809        1.0178
    663.1867        1.0167
    663.1925        1.0114
    663.1983        1.0099
    663.2041        1.0130
    663.2099        1.0201
    663.2156        1.0183
    663.2214        1.0046
    663.2272        0.9995
    663.2330        1.0041
    663.2388        1.0040
    663.2446        0.9985
    663.2504        0.9990
    663.2561        1.0085
    663.2619        1.0105
    663.2677        1.0012
    663.2735        0.9891
    663.2793        0.9795
    663.2851        0.9847
    663.2908        0.9939
    663.2966        0.9919
    663.3024        0.9883
    663.3082        0.9988
    663.3140        1.0097
    663.3198        1.0122
    663.3256        1.0112
    663.3313        0.9988
    663.3371        0.9887
    663.3429        0.9897
    663.3487        0.9965
    663.3545        1.0098
    663.3603        1.0208
    663.3661        1.0256
    663.3718        1.0201
    663.3776        1.0136
    663.3834        1.0080
    663.3892        0.9983
    663.3950        0.9903
    663.4008        0.9841
    663.4065        0.9870
    663.4123        0.9859
    663.4181        0.9871
    663.4239        1.0040
    663.4297        1.0069
    663.4355        0.9975
    663.4413        1.0043
    663.4470        1.0125
    663.4528        1.0069
    663.4586        0.9987
    663.4644        0.9918
    663.4702        0.9919
    663.4760        1.0020
    663.4818        1.0045
    663.4875        0.9945
    663.4933        0.9885
    663.4991        0.9900
    663.5049        0.9943
    663.5107        0.9950
    663.5165        0.9955
    663.5222        1.0004
    663.5280        0.9974
    663.5338        0.9931
    663.5396        0.9941
    663.5454        0.9905
    663.5512        0.9880
    663.5570        0.9898
    663.5627        0.9963
    663.5685        1.0000
    663.5743        0.9979
    663.5801        0.9930
    663.5859        0.9843
    663.5917        0.9824
    663.5975        0.9922
    663.6032        0.9976
    663.6090        0.9897
    663.6148        0.9839
    663.6206        0.9859
    663.6264        0.9910
    663.6322        0.9985
    663.6379        1.0028
    663.6437        1.0014
    663.6495        0.9961
    663.6553        0.9922
    663.6611        0.9928
    663.6669        0.9952
    663.6727        1.0004
    663.6784        1.0009
    663.6842        1.0001
    663.6900        1.0016
    663.6958        1.0020
    663.7016        1.0052
    663.7074        1.0049
    663.7132        0.9957
    663.7189        0.9814
    663.7247        0.9751
    663.7305        0.9808
    663.7363        0.9876
    663.7421        0.9911
    663.7479        0.9931
    663.7536        0.9954
    663.7594        0.9943
    663.7652        0.9915
    663.7710        0.9936
    663.7768        0.9971
    663.7826        0.9915
    663.7884        0.9794
    663.7941        0.9739
    663.7999        0.9729
    663.8057        0.9727
    663.8115        0.9757
    663.8173        0.9845
    663.8231        0.9929
    663.8289        0.9883
    663.8346        0.9814
    663.8404        0.9850
    663.8462        0.9883
    663.8520        0.9840
    663.8578        0.9868
    663.8636        1.0013
    663.8693        1.0116
    663.8751        1.0196
    663.8809        1.0135
    663.8867        0.9959
    663.8925        0.9914
    663.8983        0.9915
    663.9041        0.9896
    663.9098        0.9887
    663.9156        0.9950
    663.9214        1.0007
    663.9272        1.0100
    663.9330        1.0213
    663.9388        1.0085
    663.9446        0.9977
    663.9503        1.0096
    663.9561        1.0138
    663.9619        1.0014
    663.9677        0.9933
    663.9735        0.9868
    663.9793        0.9837
    663.9850        0.9940
    663.9908        0.9981
    663.9966        0.9898
    664.0024        0.9842
    664.0082        0.9827
    664.0140        0.9872
    664.0198        0.9966
    664.0255        0.9992
    664.0313        0.9916
    664.0371        0.9905
    664.0429        1.0016
    664.0487        1.0054
    664.0545        0.9992
    664.0603        0.9921
    664.0660        0.9877
    664.0718        0.9823
    664.0776        0.9798
    664.0834        0.9912
    664.0892        1.0015
    664.0950        0.9981
    664.1007        0.9921
    664.1065        0.9863
    664.1123        0.9825
    664.1181        0.9855
    664.1239        0.9817
    664.1297        0.9693
    664.1355        0.9805
    664.1412        1.0023
    664.1470        1.0015
    664.1528        0.9987
    664.1586        0.9951
    664.1644        0.9868
    664.1702        0.9861
    664.1760        0.9869
    664.1817        0.9791
    664.1875        0.9749
    664.1933        0.9808
    664.1991        0.9852
    664.2049        0.9872
    664.2107        0.9948
    664.2164        1.0110
    664.2222        1.0136
    664.2280        0.9955
    664.2338        0.9863
    664.2396        0.9884
    664.2454        0.9933
    664.2512        1.0000
    664.2569        1.0015
    664.2627        1.0046
    664.2685        0.9967
    664.2743        0.9830
    664.2801        0.9846
    664.2859        0.9864
    664.2917        0.9775
    664.2974        0.9657
    664.3032        0.9631
    664.3090        0.9694
    664.3148        0.9859
    664.3206        0.9971
    664.3264        0.9911
    664.3321        0.9860
    664.3379        0.9901
    664.3437        0.9940
    664.3495        0.9976
    664.3553        1.0015
    664.3611        1.0033
    664.3669        1.0012
    664.3726        1.0001
    664.3784        0.9988
    664.3842        0.9968
    664.3900        0.9908
    664.3958        0.9790
    664.4016        0.9828
    664.4074        0.9927
    664.4131        0.9931
    664.4189        0.9930
    664.4247        1.0004
    664.4305        1.0039
    664.4363        1.0016
    664.4421        0.9980
    664.4478        0.9867
    664.4536        0.9820
    664.4594        0.9880
    664.4652        0.9873
    664.4710        0.9789
    664.4768        0.9781
    664.4826        0.9840
    664.4883        0.9912
    664.4941        0.9978
    664.4999        0.9977
    664.5057        0.9942
    664.5115        1.0029
    664.5173        1.0107
    664.5231        1.0105
    664.5288        1.0172
    664.5346        1.0070
    664.5404        0.9914
    664.5462        0.9922
    664.5520        0.9905
    664.5578        0.9835
    664.5635        0.9839
    664.5693        0.9879
    664.5751        0.9886
    664.5809        0.9884
    664.5867        0.9836
    664.5925        0.9773
    664.5983        0.9826
    664.6040        0.9890
    664.6098        0.9825
    664.6156        0.9777
    664.6214        0.9883
    664.6272        0.9956
    664.6330        0.9939
    664.6388        0.9962
    664.6445        0.9925
    664.6503        0.9850
    664.6561        0.9777
    664.6619        0.9761
    664.6677        0.9918
    664.6735        1.0053
    664.6792        1.0051
    664.6850        1.0017
    664.6908        1.0043
    664.6966        1.0075
    664.7024        1.0071
    664.7082        1.0006
    664.7140        0.9905
    664.7197        0.9990
    664.7255        1.0140
    664.7313        1.0070
    664.7371        0.9970
    664.7429        1.0017
    664.7487        1.0041
    664.7545        1.0037
    664.7602        1.0087
    664.7660        1.0134
    664.7718        1.0095
    664.7776        1.0031
    664.7834        0.9995
    664.7892        0.9932
    664.7949        0.9911
    664.8007        0.9907
    664.8065        0.9952
    664.8123        1.0084
    664.8181        1.0129
    664.8239        1.0120
    664.8297        1.0053
    664.8354        0.9948
    664.8412        0.9985
    664.8470        1.0076
    664.8528        1.0160
    664.8586        1.0164
    664.8644        1.0112
    664.8702        1.0106
    664.8759        1.0081
    664.8817        1.0076
    664.8875        1.0155
    664.8933        1.0167
    664.8991        1.0025
    664.9049        0.9937
    664.9106        1.0002
    664.9164        1.0062
    664.9222        1.0021
    664.9280        0.9941
    664.9338        0.9912
    664.9396        0.9944
    664.9454        0.9924
    664.9511        0.9952
    664.9569        1.0076
    664.9627        1.0173
    664.9685        1.0181
    664.9743        1.0124
    664.9801        1.0088
    664.9859        1.0048
    664.9916        0.9987
    664.9974        0.9900
    665.0032        0.9874
    665.0090        0.9948
    665.0148        0.9947
    665.0206        0.9871
    665.0263        0.9854
    665.0321        0.9891
    665.0379        0.9962
    665.0437        1.0039
    665.0495        1.0015
    665.0553        0.9934
    665.0611        0.9993
    665.0668        1.0138
    665.0726        1.0152
    665.0784        1.0081
    665.0842        1.0143
    665.0900        1.0229
    665.0958        1.0253
    665.1016        1.0276
    665.1073        1.0216
    665.1131        1.0161
    665.1189        1.0195
    665.1247        1.0166
    665.1305        1.0034
    665.1363        0.9989
    665.1420        1.0020
    665.1478        0.9977
    665.1536        0.9893
    665.1594        0.9898
    665.1652        0.9935
    665.1710        0.9965
    665.1768        0.9982
    665.1825        1.0031
    665.1883        1.0087
    665.1941        1.0109
    665.1999        1.0112
    665.2057        1.0012
    665.2115        0.9937
    665.2173        0.9966
    665.2230        0.9983
    665.2288        1.0005
    665.2346        1.0037
    665.2404        1.0008
    665.2462        0.9963
    665.2520        0.9963
    665.2577        0.9983
    665.2635        0.9972
    665.2693        0.9990
    665.2751        1.0060
    665.2809        1.0044
    665.2867        0.9980
    665.2925        0.9919
    665.2982        0.9877
    665.3040        0.9904
    665.3098        0.9930
    665.3156        0.9906
    665.3214        0.9957
    665.3272        1.0128
    665.3330        1.0210
    665.3387        1.0144
    665.3445        1.0073
    665.3503        1.0048
    665.3561        0.9993
    665.3619        0.9918
    665.3677        0.9926
    665.3734        0.9957
    665.3792        1.0044
    665.3850        1.0195
    665.3908        1.0166
    665.3966        1.0026
    665.4024        0.9930
    665.4082        0.9875
    665.4139        0.9857
    665.4197        0.9872
    665.4255        0.9904
    665.4313        0.9944
    665.4371        1.0063
    665.4429        1.0103
    665.4487        1.0011
    665.4544        0.9994
    665.4602        0.9995
    665.4660        1.0015
    665.4718        1.0090
    665.4776        1.0132
    665.4834        1.0186
    665.4891        1.0109
    665.4949        0.9983
    665.5007        0.9957
    665.5065        0.9974
    665.5123        1.0058
    665.5181        1.0079
    665.5239        1.0010
    665.5296        0.9988
    665.5354        0.9985
    665.5412        0.9940
    665.5470        0.9861
    665.5528        0.9800
    665.5586        0.9753
    665.5644        0.9780
    665.5701        0.9834
    665.5759        1.0028
    665.5817        1.0340
    665.5875        1.0291
    665.5933        1.0069
    665.5991        1.0034
    665.6048        1.0073
    665.6106        1.0010
    665.6164        0.9950
    665.6222        0.9959
    665.6280        0.9980
    665.6338        1.0002
    665.6396        1.0031
    665.6453        1.0083
    665.6511        1.0110
    665.6569        1.0102
    665.6627        1.0152
    665.6685        1.0242
    665.6743        1.0147
    665.6801        0.9982
    665.6858        1.0006
    665.6916        1.0089
    665.6974        1.0099
    665.7032        1.0084
    665.7090        0.9958
    665.7148        0.9825
    665.7205        0.9861
    665.7263        0.9896
    665.7321        0.9880
    665.7379        0.9942
    665.7437        1.0033
    665.7495        1.0042
    665.7553        1.0013
    665.7610        0.9999
    665.7668        1.0044
    665.7726        1.0014
    665.7784        0.9813
    665.7842        0.9825
    665.7900        1.0052
    665.7958        1.0030
    665.8015        0.9900
    665.8073        0.9913
    665.8131        0.9958
    665.8189        0.9946
    665.8247        0.9954
    665.8305        1.0047
    665.8362        1.0104
    665.8420        1.0068
    665.8478        1.0020
    665.8536        0.9999
    665.8594        0.9984
    665.8652        0.9982
    665.8710        1.0021
    665.8767        1.0050
    665.8825        1.0111
    665.8883        1.0218
    665.8941        1.0150
    665.8999        1.0062
    665.9057        1.0156
    665.9115        1.0167
    665.9172        0.9982
    665.9230        0.9909
    665.9288        1.0128
    665.9346        1.0225
    665.9404        1.0055
    665.9462        0.9953
    665.9519        0.9981
    665.9577        1.0051
    665.9635        1.0099
    665.9693        1.0083
    665.9751        1.0066
    665.9809        1.0108
    665.9867        1.0134
    665.9924        1.0130
    665.9982        1.0174
    666.0040        1.0224
    666.0098        1.0213
    666.0156        1.0223
    666.0214        1.0210
    666.0272        1.0063
    666.0329        0.9977
    666.0387        1.0011
    666.0445        1.0017
    666.0503        0.9998
    666.0561        1.0006
    666.0619        1.0000
    666.0676        1.0068
    666.0734        1.0191
    666.0792        1.0140
    666.0850        1.0037
    666.0908        0.9955
    666.0966        0.9913
    666.1024        0.9977
    666.1081        0.9984
    666.1139        0.9959
    666.1197        0.9990
    666.1255        1.0038
    666.1313        1.0003
    666.1371        0.9927
    666.1429        0.9883
    666.1486        0.9796
    666.1544        0.9765
    666.1602        0.9780
    666.1660        0.9770
    666.1718        0.9782
    666.1776        0.9860
    666.1833        0.9902
    666.1891        0.9995
