    650.2262        0.9994
    650.2304        0.9991
    650.2346        0.9972
    650.2388        0.9943
    650.2431        0.9902
    650.2473        0.9832
    650.2515        0.9725
    650.2558        0.9610
    650.2600        0.9526
    650.2642        0.9526
    650.2684        0.9613
    650.2727        0.9724
    650.2769        0.9804
    650.2811        0.9854
    650.2854        0.9914
    650.2896        0.9964
    650.2938        0.9980
    650.2981        0.9955
    650.3023        0.9924
    650.3065        0.9897
    650.3107        0.9881
    650.3150        0.9870
    650.3192        0.9832
    650.3234        0.9776
    650.3277        0.9742
    650.3319        0.9788
    650.3361        0.9915
    650.3403        1.0041
    650.3446        1.0111
    650.3488        1.0075
    650.3530        0.9966
    650.3573        0.9848
    650.3615        0.9777
    650.3657        0.9784
    650.3699        0.9829
    650.3742        0.9877
    650.3784        0.9902
    650.3826        0.9923
    650.3869        0.9960
    650.3911        0.9987
    650.3953        0.9991
    650.3996        0.9984
    650.4038        0.9990
    650.4080        1.0005
    650.4122        1.0018
    650.4165        0.9989
    650.4207        0.9914
    650.4249        0.9842
    650.4292        0.9821
    650.4334        0.9853
    650.4376        0.9901
    650.4418        0.9955
    650.4461        1.0007
    650.4503        1.0035
    650.4545        1.0026
    650.4588        0.9992
    650.4630        0.9957
    650.4672        0.9933
    650.4714        0.9915
    650.4757        0.9900
    650.4799        0.9902
    650.4841        0.9942
    650.4884        1.0007
    650.4926        1.0067
    650.4968        1.0101
    650.5010        1.0092
    650.5053        1.0067
    650.5095        1.0047
    650.5137        1.0057
    650.5180        1.0115
    650.5222        1.0178
    650.5264        1.0209
    650.5307        1.0186
    650.5349        1.0108
    650.5391        1.0018
    650.5433        0.9949
    650.5476        0.9934
    650.5518        0.9939
    650.5560        0.9940
    650.5603        0.9950
    650.5645        0.9958
    650.5687        0.9936
    650.5729        0.9888
    650.5772        0.9841
    650.5814        0.9811
    650.5856        0.9770
    650.5899        0.9698
    650.5941        0.9632
    650.5983        0.9629
    650.6025        0.9736
    650.6068        0.9906
    650.6110        1.0071
    650.6152        1.0181
    650.6195        1.0220
    650.6237        1.0203
    650.6279        1.0165
    650.6322        1.0163
    650.6364        1.0155
    650.6406        1.0103
    650.6448        1.0045
    650.6491        1.0029
    650.6533        1.0040
    650.6575        1.0049
    650.6618        1.0057
    650.6660        1.0061
    650.6702        1.0047
    650.6744        1.0018
    650.6787        0.9989
    650.6829        0.9974
    650.6871        0.9983
    650.6914        1.0006
    650.6956        1.0034
    650.6998        1.0046
    650.7040        0.9984
    650.7083        0.9882
    650.7125        0.9800
    650.7167        0.9787
    650.7210        0.9894
    650.7252        1.0075
    650.7294        1.0244
    650.7336        1.0307
    650.7379        1.0310
    650.7421        1.0332
    650.7463        1.0369
    650.7506        1.0413
    650.7548        1.0364
    650.7590        1.0222
    650.7633        1.0058
    650.7675        0.9968
    650.7717        0.9923
    650.7759        0.9864
    650.7802        0.9808
    650.7844        0.9788
    650.7886        0.9848
    650.7929        0.9972
    650.7971        1.0105
    650.8013        1.0184
    650.8055        1.0162
    650.8098        1.0060
    650.8140        0.9947
    650.8182        0.9889
    650.8225        0.9912
    650.8267        0.9979
    650.8309        1.0032
    650.8351        1.0025
    650.8394        0.9871
    650.8436        0.9605
    650.8478        0.9345
    650.8521        0.9212
    650.8563        0.9196
    650.8605        0.9232
    650.8648        0.9294
    650.8690        0.9358
    650.8732        0.9451
    650.8774        0.9587
    650.8817        0.9735
    650.8859        0.9862
    650.8901        0.9897
    650.8944        0.9835
    650.8986        0.9748
    650.9028        0.9712
    650.9070        0.9832
    650.9113        1.0084
    650.9155        1.0337
    650.9197        1.0433
    650.9240        1.0372
    650.9282        1.0267
    650.9324        1.0155
    650.9366        1.0057
    650.9409        0.9973
    650.9451        0.9897
    650.9493        0.9837
    650.9536        0.9811
    650.9578        0.9808
    650.9620        0.9807
    650.9662        0.9808
    650.9705        0.9817
    650.9747        0.9841
    650.9789        0.9879
    650.9832        0.9927
    650.9874        0.9978
    650.9916        0.9994
    650.9959        0.9991
    651.0001        0.9995
    651.0043        1.0042
    651.0085        1.0106
    651.0128        1.0139
    651.0170        1.0148
    651.0212        1.0140
    651.0255        1.0080
    651.0297        0.9998
    651.0339        0.9949
    651.0381        0.9977
    651.0424        1.0023
    651.0466        1.0058
    651.0508        1.0078
    651.0551        1.0088
    651.0593        1.0101
    651.0635        1.0091
    651.0677        1.0068
    651.0720        1.0042
    651.0762        1.0029
    651.0804        1.0007
    651.0847        0.9976
    651.0889        0.9945
    651.0931        0.9956
    651.0974        0.9998
    651.1016        1.0038
    651.1058        1.0046
    651.1100        1.0045
    651.1143        1.0043
    651.1185        1.0035
    651.1227        1.0019
    651.1270        0.9982
    651.1312        0.9928
    651.1354        0.9888
    651.1396        0.9896
    651.1439        0.9946
    651.1481        1.0004
    651.1523        1.0050
    651.1566        1.0073
    651.1608        1.0086
    651.1650        1.0095
    651.1692        1.0098
    651.1735        1.0077
    651.1777        0.9969
    651.1819        0.9811
    651.1862        0.9665
    651.1904        0.9593
    651.1946        0.9608
    651.1988        0.9637
    651.2031        0.9635
    651.2073        0.9577
    651.2115        0.9503
    651.2158        0.9436
    651.2200        0.9393
    651.2242        0.9404
    651.2285        0.9489
    651.2327        0.9604
    651.2369        0.9692
    651.2411        0.9733
    651.2454        0.9844
    651.2496        0.9985
    651.2538        1.0090
    651.2581        1.0109
    651.2623        1.0087
    651.2665        1.0055
    651.2707        1.0025
    651.2750        1.0013
    651.2792        1.0007
    651.2834        0.9996
    651.2877        0.9984
    651.2919        1.0001
    651.2961        1.0111
    651.3003        1.0261
    651.3046        1.0368
    651.3088        1.0365
    651.3130        1.0267
    651.3173        1.0126
    651.3215        1.0015
    651.3257        0.9995
    651.3300        1.0045
    651.3342        1.0123
    651.3384        1.0193
    651.3426        1.0215
    651.3469        1.0197
    651.3511        1.0170
    651.3553        1.0142
    651.3596        1.0094
    651.3638        0.9972
    651.3680        0.9833
    651.3722        0.9760
    651.3765        0.9832
    651.3807        1.0009
    651.3849        1.0193
    651.3892        1.0302
    651.3934        1.0278
    651.3976        1.0159
    651.4018        1.0012
    651.4061        0.9903
    651.4103        0.9863
    651.4145        0.9845
    651.4188        0.9831
    651.4230        0.9801
    651.4272        0.9744
    651.4314        0.9679
    651.4357        0.9612
    651.4399        0.9550
    651.4441        0.9494
    651.4484        0.9432
    651.4526        0.9362
    651.4568        0.9296
    651.4611        0.9223
    651.4653        0.9122
    651.4695        0.9003
    651.4737        0.8894
    651.4780        0.8797
    651.4822        0.8710
    651.4864        0.8654
    651.4907        0.8649
    651.4949        0.8763
    651.4991        0.9013
    651.5033        0.9295
    651.5076        0.9484
    651.5118        0.9545
    651.5160        0.9552
    651.5203        0.9549
    651.5245        0.9578
    651.5287        0.9647
    651.5329        0.9725
    651.5372        0.9792
    651.5414        0.9841
    651.5456        0.9842
    651.5499        0.9779
    651.5541        0.9674
    651.5583        0.9574
    651.5626        0.9487
    651.5668        0.9414
    651.5710        0.9348
    651.5752        0.9278
    651.5795        0.9156
    651.5837        0.8984
    651.5879        0.8824
    651.5922        0.8735
    651.5964        0.8790
    651.6006        0.8942
    651.6048        0.9087
    651.6091        0.9136
    651.6133        0.9124
    651.6175        0.9109
    651.6218        0.9077
    651.6260        0.9009
    651.6302        0.8852
    651.6344        0.8611
    651.6387        0.8362
    651.6429        0.8196
    651.6471        0.8129
    651.6514        0.8119
    651.6556        0.8135
    651.6598        0.8164
    651.6640        0.8191
    651.6683        0.8215
    651.6725        0.8249
    651.6767        0.8301
    651.6810        0.8488
    651.6852        0.8814
    651.6894        0.9149
    651.6937        0.9342
    651.6979        0.9389
    651.7021        0.9364
    651.7063        0.9329
    651.7106        0.9353
    651.7148        0.9421
    651.7190        0.9477
    651.7233        0.9529
    651.7275        0.9596
    651.7317        0.9700
    651.7359        0.9828
    651.7402        0.9952
    651.7444        1.0038
    651.7486        1.0108
    651.7529        1.0157
    651.7571        1.0169
    651.7613        1.0130
    651.7655        1.0039
    651.7698        0.9928
    651.7740        0.9822
    651.7782        0.9740
    651.7825        0.9692
    651.7867        0.9669
    651.7909        0.9652
    651.7952        0.9626
    651.7994        0.9585
    651.8036        0.9538
    651.8078        0.9507
    651.8121        0.9521
    651.8163        0.9604
    651.8205        0.9737
    651.8248        0.9859
    651.8290        0.9918
    651.8332        0.9957
    651.8374        0.9987
    651.8417        0.9996
    651.8459        0.9979
    651.8501        0.9957
    651.8544        0.9932
    651.8586        0.9910
    651.8628        0.9896
    651.8670        0.9872
    651.8713        0.9835
    651.8755        0.9792
    651.8797        0.9747
    651.8840        0.9673
    651.8882        0.9580
    651.8924        0.9499
    651.8966        0.9460
    651.9009        0.9478
    651.9051        0.9523
    651.9093        0.9553
    651.9136        0.9509
    651.9178        0.9377
    651.9220        0.9228
    651.9263        0.9128
    651.9305        0.9112
    651.9347        0.9143
    651.9389        0.9198
    651.9432        0.9240
    651.9474        0.9243
    651.9516        0.9243
    651.9559        0.9269
    651.9601        0.9312
    651.9643        0.9370
    651.9685        0.9436
    651.9728        0.9499
    651.9770        0.9553
    651.9812        0.9618
    651.9855        0.9737
    651.9897        0.9881
    651.9939        1.0002
    651.9981        1.0054
    652.0024        1.0047
    652.0066        1.0028
    652.0108        1.0029
    652.0151        1.0045
    652.0193        1.0022
    652.0235        0.9975
    652.0278        0.9945
    652.0320        0.9968
    652.0362        1.0027
    652.0404        1.0082
    652.0447        1.0102
    652.0489        1.0079
    652.0531        1.0046
    652.0574        1.0010
    652.0616        0.9976
    652.0658        0.9952
    652.0700        0.9954
    652.0743        0.9977
    652.0785        1.0005
    652.0827        1.0012
    652.0870        0.9994
    652.0912        0.9973
    652.0954        0.9974
    652.0996        0.9995
    652.1039        0.9999
    652.1081        0.9986
    652.1123        0.9982
    652.1166        0.9971
    652.1208        0.9938
    652.1250        0.9909
    652.1292        0.9933
    652.1335        1.0062
    652.1377        1.0255
    652.1419        1.0423
    652.1462        1.0479
    652.1504        1.0379
    652.1546        1.0159
    652.1589        0.9918
    652.1631        0.9777
    652.1673        0.9732
    652.1715        0.9713
    652.1758        0.9700
    652.1800        0.9690
    652.1842        0.9707
    652.1885        0.9753
    652.1927        0.9792
    652.1969        0.9787
    652.2011        0.9783
    652.2054        0.9802
    652.2096        0.9821
    652.2138        0.9818
    652.2181        0.9791
    652.2223        0.9766
    652.2265        0.9752
    652.2307        0.9750
    652.2350        0.9822
    652.2392        0.9952
    652.2434        1.0071
    652.2477        1.0105
    652.2519        1.0043
    652.2561        0.9949
    652.2604        0.9877
    652.2646        0.9887
    652.2688        0.9988
    652.2730        1.0107
    652.2773        1.0198
    652.2815        1.0224
    652.2857        1.0192
    652.2900        1.0154
    652.2942        1.0129
    652.2984        1.0139
    652.3026        1.0208
    652.3069        1.0279
    652.3111        1.0290
    652.3153        1.0199
    652.3196        1.0048
    652.3238        0.9879
    652.3280        0.9753
    652.3322        0.9711
    652.3365        0.9715
    652.3407        0.9743
    652.3449        0.9760
    652.3492        0.9737
    652.3534        0.9693
    652.3576        0.9643
    652.3618        0.9589
    652.3661        0.9527
    652.3703        0.9441
    652.3745        0.9349
    652.3788        0.9275
    652.3830        0.9239
    652.3872        0.9232
    652.3915        0.9234
    652.3957        0.9224
    652.3999        0.9214
    652.4041        0.9308
    652.4084        0.9489
    652.4126        0.9654
    652.4168        0.9728
    652.4211        0.9748
    652.4253        0.9755
    652.4295        0.9756
    652.4337        0.9757
    652.4380        0.9741
    652.4422        0.9728
    652.4464        0.9737
    652.4507        0.9782
    652.4549        0.9865
    652.4591        0.9966
    652.4633        1.0053
    652.4676        1.0105
    652.4718        1.0124
    652.4760        1.0125
    652.4803        1.0120
    652.4845        1.0087
    652.4887        1.0007
    652.4930        0.9924
    652.4972        0.9891
    652.5014        0.9890
    652.5056        0.9864
    652.5099        0.9835
    652.5141        0.9833
    652.5183        0.9879
    652.5226        0.9953
    652.5268        1.0018
    652.5310        1.0050
    652.5352        1.0012
    652.5395        0.9930
    652.5437        0.9856
    652.5479        0.9832
    652.5522        0.9904
    652.5564        1.0035
    652.5606        1.0153
    652.5648        1.0181
    652.5691        1.0138
    652.5733        1.0079
    652.5775        1.0023
    652.5818        0.9999
    652.5860        0.9984
    652.5902        0.9958
    652.5944        0.9934
    652.5987        0.9940
    652.6029        0.9942
    652.6071        0.9929
    652.6114        0.9920
    652.6156        0.9952
    652.6198        0.9995
    652.6241        0.9976
    652.6283        0.9914
    652.6325        0.9866
    652.6367        0.9881
    652.6410        0.9904
    652.6452        0.9916
    652.6494        0.9915
    652.6537        0.9925
    652.6579        0.9950
    652.6621        0.9977
    652.6663        0.9995
    652.6706        0.9958
    652.6748        0.9869
    652.6790        0.9784
    652.6833        0.9758
    652.6875        0.9835
    652.6917        0.9980
    652.6959        1.0129
    652.7002        1.0218
    652.7044        1.0240
    652.7086        1.0224
    652.7129        1.0197
    652.7171        1.0192
    652.7213        1.0266
    652.7256        1.0369
    652.7298        1.0437
    652.7340        1.0412
    652.7382        1.0306
    652.7425        1.0157
    652.7467        1.0026
    652.7509        0.9970
    652.7552        0.9980
    652.7594        1.0009
    652.7636        1.0030
    652.7678        1.0022
    652.7721        0.9986
    652.7763        0.9945
    652.7805        0.9923
    652.7848        0.9945
    652.7890        1.0012
    652.7932        1.0081
    652.7974        1.0118
    652.8017        1.0111
    652.8059        1.0108
    652.8101        1.0100
    652.8144        1.0081
    652.8186        1.0067
    652.8228        1.0111
    652.8271        1.0184
    652.8313        1.0222
    652.8355        1.0152
    652.8397        0.9971
    652.8440        0.9773
    652.8482        0.9646
    652.8524        0.9637
    652.8567        0.9694
    652.8609        0.9773
    652.8651        0.9832
    652.8693        0.9840
    652.8736        0.9815
    652.8778        0.9782
    652.8820        0.9773
    652.8863        0.9841
    652.8905        0.9971
    652.8947        1.0092
    652.8989        1.0135
    652.9032        1.0082
    652.9074        0.9965
    652.9116        0.9834
    652.9159        0.9760
    652.9201        0.9822
    652.9243        0.9995
    652.9285        1.0172
    652.9328        1.0249
    652.9370        1.0202
    652.9412        1.0106
    652.9455        1.0013
    652.9497        0.9962
    652.9539        0.9907
    652.9582        0.9832
    652.9624        0.9773
    652.9666        0.9769
    652.9708        0.9818
    652.9751        0.9895
    652.9793        0.9979
    652.9835        1.0047
    652.9878        1.0125
    652.9920        1.0197
    652.9962        1.0237
    653.0004        1.0218
    653.0047        1.0076
    653.0089        0.9853
    653.0131        0.9650
    653.0174        0.9562
    653.0216        0.9566
    653.0258        0.9626
    653.0300        0.9705
    653.0343        0.9766
    653.0385        0.9816
    653.0427        0.9870
    653.0470        0.9922
    653.0512        0.9967
    653.0554        0.9964
    653.0597        0.9905
    653.0639        0.9850
    653.0681        0.9857
    653.0723        0.9956
    653.0766        1.0106
    653.0808        1.0244
    653.0850        1.0291
    653.0893        1.0175
    653.0935        0.9995
    653.0977        0.9856
    653.1019        0.9835
    653.1062        0.9852
    653.1104        0.9860
    653.1146        0.9852
    653.1189        0.9827
    653.1231        0.9815
    653.1273        0.9825
    653.1315        0.9847
    653.1358        0.9858
    653.1400        0.9833
    653.1442        0.9794
    653.1485        0.9768
    653.1527        0.9804
    653.1569        0.9925
    653.1611        1.0065
    653.1654        1.0145
    653.1696        1.0129
    653.1738        1.0075
    653.1781        1.0015
    653.1823        0.9963
    653.1865        0.9937
    653.1908        0.9929
    653.1950        0.9912
    653.1992        0.9854
    653.2034        0.9742
    653.2077        0.9602
    653.2119        0.9468
    653.2161        0.9372
    653.2204        0.9277
    653.2246        0.9151
    653.2288        0.9030
    653.2330        0.8958
    653.2373        0.8940
    653.2415        0.8972
    653.2457        0.9039
    653.2500        0.9103
    653.2542        0.9175
    653.2584        0.9260
    653.2626        0.9342
    653.2669        0.9396
    653.2711        0.9434
    653.2753        0.9472
    653.2796        0.9522
    653.2838        0.9600
    653.2880        0.9704
    653.2923        0.9830
    653.2965        0.9948
    653.3007        1.0028
    653.3049        1.0047
    653.3092        1.0009
    653.3134        0.9944
    653.3176        0.9885
    653.3219        0.9849
    653.3261        0.9822
    653.3303        0.9796
    653.3345        0.9764
    653.3388        0.9738
    653.3430        0.9714
    653.3472        0.9681
    653.3515        0.9647
    653.3557        0.9687
    653.3599        0.9765
    653.3641        0.9824
    653.3684        0.9827
    653.3726        0.9799
    653.3768        0.9766
    653.3811        0.9746
    653.3853        0.9733
    653.3895        0.9662
    653.3937        0.9543
    653.3980        0.9450
    653.4022        0.9449
    653.4064        0.9534
    653.4107        0.9634
    653.4149        0.9708
    653.4191        0.9710
    653.4234        0.9639
    653.4276        0.9545
    653.4318        0.9488
    653.4360        0.9525
    653.4403        0.9644
    653.4445        0.9771
    653.4487        0.9839
    653.4530        0.9836
    653.4572        0.9834
    653.4614        0.9825
    653.4656        0.9805
    653.4699        0.9758
    653.4741        0.9673
    653.4783        0.9584
    653.4826        0.9539
    653.4868        0.9544
    653.4910        0.9563
    653.4952        0.9591
    653.4995        0.9632
    653.5037        0.9676
    653.5079        0.9715
    653.5122        0.9751
    653.5164        0.9785
    653.5206        0.9853
    653.5249        0.9954
    653.5291        1.0051
    653.5333        1.0104
    653.5375        1.0084
    653.5418        1.0009
    653.5460        0.9920
    653.5502        0.9861
    653.5545        0.9852
    653.5587        0.9894
    653.5629        0.9957
    653.5671        1.0008
    653.5714        1.0041
    653.5756        1.0028
    653.5798        0.9974
    653.5841        0.9905
    653.5883        0.9829
    653.5925        0.9738
    653.5967        0.9662
    653.6010        0.9636
    653.6052        0.9633
    653.6094        0.9647
    653.6137        0.9675
    653.6179        0.9717
    653.6221        0.9830
    653.6263        0.9980
    653.6306        1.0099
    653.6348        1.0124
    653.6390        1.0031
    653.6433        0.9868
    653.6475        0.9711
    653.6517        0.9619
    653.6560        0.9536
    653.6602        0.9446
    653.6644        0.9381
    653.6686        0.9374
    653.6729        0.9434
    653.6771        0.9519
    653.6813        0.9582
    653.6856        0.9625
    653.6898        0.9737
    653.6940        0.9868
    653.6982        0.9956
    653.7025        0.9961
    653.7067        0.9927
    653.7109        0.9881
    653.7152        0.9857
    653.7194        0.9867
    653.7236        0.9893
    653.7278        0.9932
    653.7321        0.9968
    653.7363        0.9993
    653.7405        1.0027
    653.7448        1.0078
    653.7490        1.0116
    653.7532        1.0113
    653.7575        1.0064
    653.7617        1.0004
    653.7659        0.9944
    653.7701        0.9881
    653.7744        0.9806
    653.7786        0.9735
    653.7828        0.9679
    653.7871        0.9618
    653.7913        0.9551
    653.7955        0.9510
    653.7997        0.9525
    653.8040        0.9588
    653.8082        0.9684
    653.8124        0.9794
    653.8167        0.9896
    653.8209        0.9974
    653.8251        1.0027
    653.8293        1.0065
    653.8336        1.0102
    653.8378        1.0107
    653.8420        1.0041
    653.8463        0.9942
    653.8505        0.9856
    653.8547        0.9786
    653.8589        0.9729
    653.8632        0.9697
    653.8674        0.9707
    653.8716        0.9720
    653.8759        0.9732
    653.8801        0.9746
    653.8843        0.9753
    653.8886        0.9712
    653.8928        0.9647
    653.8970        0.9602
    653.9012        0.9636
    653.9055        0.9784
    653.9097        0.9955
    653.9139        1.0065
    653.9182        1.0067
    653.9224        1.0036
    653.9266        0.9993
    653.9308        0.9950
    653.9351        0.9908
    653.9393        0.9852
    653.9435        0.9821
    653.9478        0.9821
    653.9520        0.9861
    653.9562        0.9918
    653.9604        0.9951
    653.9647        0.9939
    653.9689        0.9870
    653.9731        0.9786
    653.9774        0.9721
    653.9816        0.9695
    653.9858        0.9696
    653.9901        0.9678
    653.9943        0.9654
    653.9985        0.9624
    654.0027        0.9600
    654.0070        0.9579
    654.0112        0.9547
    654.0154        0.9525
    654.0197        0.9498
    654.0239        0.9451
    654.0281        0.9410
    654.0323        0.9398
    654.0366        0.9450
    654.0408        0.9562
    654.0450        0.9677
    654.0493        0.9723
    654.0535        0.9661
    654.0577        0.9546
    654.0619        0.9445
    654.0662        0.9425
    654.0704        0.9520
    654.0746        0.9672
    654.0789        0.9804
    654.0831        0.9844
    654.0873        0.9843
    654.0915        0.9846
    654.0958        0.9856
    654.1000        0.9873
    654.1042        0.9837
    654.1085        0.9748
    654.1127        0.9658
    654.1169        0.9627
    654.1212        0.9672
    654.1254        0.9745
    654.1296        0.9802
    654.1338        0.9803
    654.1381        0.9745
    654.1423        0.9659
    654.1465        0.9583
    654.1508        0.9546
    654.1550        0.9519
    654.1592        0.9513
    654.1634        0.9514
    654.1677        0.9532
    654.1719        0.9609
    654.1761        0.9699
    654.1804        0.9737
    654.1846        0.9666
    654.1888        0.9493
    654.1930        0.9289
    654.1973        0.9145
    654.2015        0.9120
    654.2057        0.9181
    654.2100        0.9272
    654.2142        0.9316
    654.2184        0.9285
    654.2227        0.9253
    654.2269        0.9239
    654.2311        0.9229
    654.2353        0.9223
    654.2396        0.9231
    654.2438        0.9237
    654.2480        0.9227
    654.2523        0.9270
    654.2565        0.9408
    654.2607        0.9570
    654.2649        0.9671
    654.2692        0.9693
    654.2734        0.9670
    654.2776        0.9624
    654.2819        0.9584
    654.2861        0.9532
    654.2903        0.9461
    654.2945        0.9389
    654.2988        0.9341
    654.3030        0.9307
    654.3072        0.9278
    654.3115        0.9257
    654.3157        0.9240
    654.3199        0.9227
    654.3241        0.9216
    654.3284        0.9204
    654.3326        0.9183
    654.3368        0.9172
    654.3411        0.9176
    654.3453        0.9181
    654.3495        0.9171
    654.3538        0.9150
    654.3580        0.9128
    654.3622        0.9088
    654.3664        0.9002
    654.3707        0.8836
    654.3749        0.8646
    654.3791        0.8476
    654.3834        0.8364
    654.3876        0.8301
    654.3918        0.8275
    654.3960        0.8272
    654.4003        0.8289
    654.4045        0.8381
    654.4087        0.8554
    654.4130        0.8742
    654.4172        0.8916
    654.4214        0.9122
    654.4256        0.9327
    654.4299        0.9457
    654.4341        0.9480
    654.4383        0.9436
    654.4426        0.9373
    654.4468        0.9348
    654.4510        0.9371
    654.4553        0.9420
    654.4595        0.9494
    654.4637        0.9564
    654.4679        0.9607
    654.4722        0.9610
    654.4764        0.9584
    654.4806        0.9555
    654.4849        0.9569
    654.4891        0.9618
    654.4933        0.9651
    654.4975        0.9643
    654.5018        0.9581
    654.5060        0.9494
    654.5102        0.9407
    654.5145        0.9344
    654.5187        0.9303
    654.5229        0.9269
    654.5271        0.9234
    654.5314        0.9193
    654.5356        0.9220
    654.5398        0.9310
    654.5441        0.9402
    654.5483        0.9435
    654.5525        0.9405
    654.5567        0.9333
    654.5610        0.9258
    654.5652        0.9209
    654.5694        0.9155
    654.5737        0.9107
    654.5779        0.9079
    654.5821        0.9077
    654.5864        0.9041
    654.5906        0.8979
    654.5948        0.8929
    654.5990        0.8951
    654.6033        0.9116
    654.6075        0.9350
    654.6117        0.9544
    654.6160        0.9586
    654.6202        0.9453
    654.6244        0.9248
    654.6286        0.9085
    654.6329        0.9053
    654.6371        0.9111
    654.6413        0.9193
    654.6456        0.9234
    654.6498        0.9224
    654.6540        0.9277
    654.6582        0.9389
    654.6625        0.9465
    654.6667        0.9447
    654.6709        0.9358
    654.6752        0.9252
    654.6794        0.9149
    654.6836        0.9113
    654.6879        0.9174
    654.6921        0.9271
    654.6963        0.9329
    654.7005        0.9309
    654.7048        0.9255
    654.7090        0.9197
    654.7132        0.9158
    654.7175        0.9177
    654.7217        0.9218
    654.7259        0.9233
    654.7301        0.9181
    654.7344        0.9115
    654.7386        0.9066
    654.7428        0.9020
    654.7471        0.8969
    654.7513        0.8902
    654.7555        0.8827
    654.7597        0.8757
    654.7640        0.8707
    654.7682        0.8699
    654.7724        0.8721
    654.7767        0.8749
    654.7809        0.8761
    654.7851        0.8787
    654.7893        0.8825
    654.7936        0.8849
    654.7978        0.8839
    654.8020        0.8845
    654.8063        0.8881
    654.8105        0.8909
    654.8147        0.8921
    654.8190        0.8966
    654.8232        0.9010
    654.8274        0.9005
    654.8316        0.8904
    654.8359        0.8684
    654.8401        0.8431
    654.8443        0.8256
    654.8486        0.8189
    654.8528        0.8123
    654.8570        0.8070
    654.8612        0.8047
    654.8655        0.8087
    654.8697        0.8218
    654.8739        0.8400
    654.8782        0.8550
    654.8824        0.8628
    654.8866        0.8661
    654.8908        0.8679
    654.8951        0.8705
    654.8993        0.8766
    654.9035        0.8857
    654.9078        0.8953
    654.9120        0.9021
    654.9162        0.9025
    654.9205        0.8982
    654.9247        0.8931
    654.9289        0.8915
    654.9331        0.8934
    654.9374        0.8972
    654.9416        0.9013
    654.9458        0.9035
    654.9501        0.9028
    654.9543        0.8997
    654.9585        0.8962
    654.9627        0.8942
    654.9670        0.8965
    654.9712        0.9014
    654.9754        0.9056
    654.9797        0.9064
    654.9839        0.9051
    654.9881        0.9022
    654.9923        0.8980
    654.9966        0.8924
    655.0008        0.8831
    655.0050        0.8728
    655.0093        0.8661
    655.0135        0.8671
    655.0177        0.8742
    655.0219        0.8827
    655.0262        0.8881
    655.0304        0.8875
    655.0346        0.8867
    655.0389        0.8888
    655.0431        0.8921
    655.0473        0.8967
    655.0516        0.9033
    655.0558        0.9097
    655.0600        0.9106
    655.0642        0.9017
    655.0685        0.8853
    655.0727        0.8676
    655.0769        0.8553
    655.0812        0.8534
    655.0854        0.8586
    655.0896        0.8647
    655.0938        0.8646
    655.0981        0.8639
    655.1023        0.8693
    655.1065        0.8764
    655.1108        0.8789
    655.1150        0.8736
    655.1192        0.8636
    655.1234        0.8533
    655.1277        0.8469
    655.1319        0.8493
    655.1361        0.8574
    655.1404        0.8647
    655.1446        0.8653
    655.1488        0.8643
    655.1531        0.8641
    655.1573        0.8630
    655.1615        0.8590
    655.1657        0.8485
    655.1700        0.8340
    655.1742        0.8215
    655.1784        0.8165
    655.1827        0.8185
    655.1869        0.8241
    655.1911        0.8291
    655.1953        0.8313
    655.1996        0.8340
    655.2038        0.8361
    655.2080        0.8376
    655.2123        0.8388
    655.2165        0.8398
    655.2207        0.8397
    655.2249        0.8380
    655.2292        0.8363
    655.2334        0.8369
    655.2376        0.8376
    655.2419        0.8336
    655.2461        0.8220
    655.2503        0.8055
    655.2545        0.7888
    655.2588        0.7769
    655.2630        0.7735
    655.2672        0.7769
    655.2715        0.7824
    655.2757        0.7862
    655.2799        0.7906
    655.2842        0.7985
    655.2884        0.8080
    655.2926        0.8154
    655.2968        0.8214
    655.3011        0.8270
    655.3053        0.8321
    655.3095        0.8359
    655.3138        0.8354
    655.3180        0.8312
    655.3222        0.8268
    655.3264        0.8267
    655.3307        0.8322
    655.3349        0.8407
    655.3391        0.8478
    655.3434        0.8492
    655.3476        0.8460
    655.3518        0.8398
    655.3560        0.8313
    655.3603        0.8212
    655.3645        0.8126
    655.3687        0.8050
    655.3730        0.7971
    655.3772        0.7866
    655.3814        0.7718
    655.3857        0.7574
    655.3899        0.7478
    655.3941        0.7485
    655.3983        0.7618
    655.4026        0.7800
    655.4068        0.7929
    655.4110        0.7937
    655.4153        0.7876
    655.4195        0.7809
    655.4237        0.7795
    655.4279        0.7872
    655.4322        0.8018
    655.4364        0.8175
    655.4406        0.8263
    655.4449        0.8253
    655.4491        0.8198
    655.4533        0.8140
    655.4575        0.8106
    655.4618        0.8107
    655.4660        0.8122
    655.4702        0.8135
    655.4745        0.8130
    655.4787        0.8099
    655.4829        0.8059
    655.4871        0.8026
    655.4914        0.8018
    655.4956        0.8030
    655.4998        0.8046
    655.5041        0.8048
    655.5083        0.8027
    655.5125        0.8008
    655.5168        0.8003
    655.5210        0.8005
    655.5252        0.8006
    655.5294        0.7989
    655.5337        0.7969
    655.5379        0.7965
    655.5421        0.7980
    655.5464        0.7971
    655.5506        0.7961
    655.5548        0.7969
    655.5590        0.8019
    655.5633        0.8110
    655.5675        0.8196
    655.5717        0.8233
    655.5760        0.8203
    655.5802        0.8154
    655.5844        0.8121
    655.5886        0.8124
    655.5929        0.8170
    655.5971        0.8219
    655.6013        0.8249
    655.6056        0.8236
    655.6098        0.8212
    655.6140        0.8226
    655.6183        0.8256
    655.6225        0.8271
    655.6267        0.8260
    655.6309        0.8244
    655.6352        0.8233
    655.6394        0.8231
    655.6436        0.8254
    655.6479        0.8283
    655.6521        0.8298
    655.6563        0.8277
    655.6605        0.8203
    655.6648        0.8099
    655.6690        0.8011
    655.6732        0.7988
    655.6775        0.8078
    655.6817        0.8230
    655.6859        0.8363
    655.6901        0.8392
    655.6944        0.8242
    655.6986        0.7993
    655.7028        0.7803
    655.7071        0.7809
    655.7113        0.7931
    655.7155        0.8076
    655.7197        0.8203
    655.7240        0.8280
    655.7282        0.8321
    655.7324        0.8363
    655.7367        0.8438
    655.7409        0.8538
    655.7451        0.8611
    655.7494        0.8671
    655.7536        0.8734
    655.7578        0.8846
    655.7620        0.9029
    655.7663        0.9228
    655.7705        0.9371
    655.7747        0.9339
    655.7790        0.9139
    655.7832        0.8921
    655.7874        0.8838
    655.7916        0.8944
    655.7959        0.9131
    655.8001        0.9294
    655.8043        0.9346
    655.8086        0.9277
    655.8128        0.9170
    655.8170        0.9109
    655.8212        0.9151
    655.8255        0.9256
    655.8297        0.9387
    655.8339        0.9524
    655.8382        0.9642
    655.8424        0.9747
    655.8466        0.9838
    655.8509        0.9924
    655.8551        0.9993
    655.8593        0.9989
    655.8635        0.9968
    655.8678        0.9989
    655.8720        1.0111
    655.8762        1.0329
    655.8805        1.0572
    655.8847        1.0759
    655.8889        1.0836
    655.8931        1.0869
    655.8974        1.0894
    655.9016        1.0939
    655.9058        1.1016
    655.9101        1.1106
    655.9143        1.1197
    655.9185        1.1266
    655.9227        1.1314
    655.9270        1.1355
    655.9312        1.1395
    655.9354        1.1435
    655.9397        1.1468
    655.9439        1.1509
    655.9481        1.1580
    655.9523        1.1686
    655.9566        1.1887
    655.9608        1.2165
    655.9650        1.2426
    655.9693        1.2580
    655.9735        1.2637
    655.9777        1.2655
    655.9820        1.2674
    655.9862        1.2739
    655.9904        1.2917
    655.9946        1.3152
    655.9989        1.3347
    656.0031        1.3423
    656.0073        1.3472
    656.0116        1.3522
    656.0158        1.3569
    656.0200        1.3602
    656.0242        1.3587
    656.0285        1.3534
    656.0327        1.3494
    656.0369        1.3524
    656.0412        1.3643
    656.0454        1.3790
    656.0496        1.3917
    656.0538        1.4015
    656.0581        1.4182
    656.0623        1.4406
    656.0665        1.4600
    656.0708        1.4722
    656.0750        1.4812
    656.0792        1.4894
    656.0835        1.4950
    656.0877        1.4946
    656.0919        1.4882
    656.0961        1.4824
    656.1004        1.4841
    656.1046        1.4911
    656.1088        1.5000
    656.1131        1.5112
    656.1173        1.5234
    656.1215        1.5330
    656.1257        1.5386
    656.1300        1.5420
    656.1342        1.5455
    656.1384        1.5541
    656.1427        1.5651
    656.1469        1.5737
    656.1511        1.5752
    656.1553        1.5659
    656.1596        1.5503
    656.1638        1.5354
    656.1680        1.5287
    656.1723        1.5331
    656.1765        1.5437
    656.1807        1.5528
    656.1849        1.5532
    656.1892        1.5464
    656.1934        1.5359
    656.1976        1.5261
    656.2019        1.5177
    656.2061        1.5052
    656.2103        1.4905
    656.2146        1.4773
    656.2188        1.4634
    656.2230        1.4413
    656.2272        1.4162
    656.2315        1.3969
    656.2357        1.3840
    656.2399        1.3699
    656.2442        1.3552
    656.2484        1.3432
    656.2526        1.3319
    656.2568        1.3206
    656.2611        1.3113
    656.2653        1.3063
    656.2695        1.3058
    656.2738        1.3074
    656.2780        1.3086
    656.2822        1.3071
    656.2864        1.3060
    656.2907        1.3059
    656.2949        1.3046
    656.2991        1.3009
    656.3034        1.2923
    656.3076        1.2775
    656.3118        1.2615
    656.3161        1.2498
    656.3203        1.2454
    656.3245        1.2451
    656.3287        1.2451
    656.3330        1.2433
    656.3372        1.2442
    656.3414        1.2474
    656.3457        1.2496
    656.3499        1.2489
    656.3541        1.2477
    656.3583        1.2472
    656.3626        1.2495
    656.3668        1.2537
    656.3710        1.2585
    656.3753        1.2652
    656.3795        1.2730
    656.3837        1.2798
    656.3879        1.2813
    656.3922        1.2785
    656.3964        1.2740
    656.4006        1.2668
    656.4049        1.2549
    656.4091        1.2429
    656.4133        1.2385
    656.4175        1.2428
    656.4218        1.2541
    656.4260        1.2707
    656.4302        1.2912
    656.4345        1.3204
    656.4387        1.3560
    656.4429        1.3905
    656.4472        1.4173
    656.4514        1.4383
    656.4556        1.4548
    656.4598        1.4685
    656.4641        1.4809
    656.4683        1.4932
    656.4725        1.5060
    656.4768        1.5181
    656.4810        1.5267
    656.4852        1.5282
    656.4894        1.5268
    656.4937        1.5272
    656.4979        1.5331
    656.5021        1.5426
    656.5064        1.5521
    656.5106        1.5588
    656.5148        1.5624
    656.5190        1.5670
    656.5233        1.5722
    656.5275        1.5760
    656.5317        1.5738
    656.5360        1.5675
    656.5402        1.5628
    656.5444        1.5608
    656.5487        1.5568
    656.5529        1.5468
    656.5571        1.5356
    656.5613        1.5275
    656.5656        1.5302
    656.5698        1.5423
    656.5740        1.5559
    656.5783        1.5633
    656.5825        1.5649
    656.5867        1.5628
    656.5909        1.5579
    656.5952        1.5503
    656.5994        1.5318
    656.6036        1.5075
    656.6079        1.4877
    656.6121        1.4801
    656.6163        1.4787
    656.6205        1.4803
    656.6248        1.4813
    656.6290        1.4789
    656.6332        1.4765
    656.6375        1.4744
    656.6417        1.4702
    656.6459        1.4578
    656.6501        1.4333
    656.6544        1.4089
    656.6586        1.3936
    656.6628        1.3895
    656.6671        1.3866
    656.6713        1.3835
    656.6755        1.3776
    656.6798        1.3703
    656.6840        1.3627
    656.6882        1.3546
    656.6924        1.3459
    656.6967        1.3323
    656.7009        1.3136
    656.7051        1.2954
    656.7094        1.2836
    656.7136        1.2753
    656.7178        1.2680
    656.7220        1.2615
    656.7263        1.2547
    656.7305        1.2436
    656.7347        1.2311
    656.7390        1.2199
    656.7432        1.2126
    656.7474        1.2071
    656.7516        1.1995
    656.7559        1.1907
    656.7601        1.1836
    656.7643        1.1787
    656.7686        1.1724
    656.7728        1.1647
    656.7770        1.1553
    656.7813        1.1452
    656.7855        1.1352
    656.7897        1.1258
    656.7939        1.1159
    656.7982        1.1032
    656.8024        1.0891
    656.8066        1.0756
    656.8109        1.0667
    656.8151        1.0642
    656.8193        1.0640
    656.8235        1.0590
    656.8278        1.0466
    656.8320        1.0300
    656.8362        1.0123
    656.8405        0.9969
    656.8447        0.9913
    656.8489        0.9925
    656.8531        0.9930
    656.8574        0.9856
    656.8616        0.9677
    656.8658        0.9450
    656.8701        0.9246
    656.8743        0.9132
    656.8785        0.9088
    656.8827        0.9075
    656.8870        0.9068
    656.8912        0.9040
    656.8954        0.9009
    656.8997        0.8978
    656.9039        0.8957
    656.9081        0.8944
    656.9124        0.8947
    656.9166        0.8963
    656.9208        0.8988
    656.9250        0.9026
    656.9293        0.9085
    656.9335        0.9149
    656.9377        0.9187
    656.9420        0.9212
    656.9462        0.9253
    656.9504        0.9274
    656.9546        0.9250
    656.9589        0.9150
    656.9631        0.8989
    656.9673        0.8828
    656.9716        0.8732
    656.9758        0.8712
    656.9800        0.8740
    656.9842        0.8785
    656.9885        0.8808
    656.9927        0.8878
    656.9969        0.8972
    657.0012        0.9027
    657.0054        0.8979
    657.0096        0.8801
    657.0139        0.8568
    657.0181        0.8386
    657.0223        0.8340
    657.0265        0.8380
    657.0308        0.8447
    657.0350        0.8490
    657.0392        0.8485
    657.0435        0.8486
    657.0477        0.8490
    657.0519        0.8484
    657.0561        0.8449
    657.0604        0.8398
    657.0646        0.8354
    657.0688        0.8335
    657.0731        0.8390
    657.0773        0.8524
    657.0815        0.8669
    657.0857        0.8747
    657.0900        0.8710
    657.0942        0.8612
    657.0984        0.8523
    657.1027        0.8503
    657.1069        0.8504
    657.1111        0.8479
    657.1153        0.8451
    657.1196        0.8447
    657.1238        0.8458
    657.1280        0.8465
    657.1323        0.8473
    657.1365        0.8487
    657.1407        0.8484
    657.1450        0.8471
    657.1492        0.8467
    657.1534        0.8481
    657.1576        0.8523
    657.1619        0.8587
    657.1661        0.8640
    657.1703        0.8640
    657.1746        0.8548
    657.1788        0.8396
    657.1830        0.8242
    657.1872        0.8147
    657.1915        0.8111
    657.1957        0.8096
    657.1999        0.8073
    657.2042        0.8018
    657.2084        0.7927
    657.2126        0.7823
    657.2168        0.7745
    657.2211        0.7770
    657.2253        0.7926
    657.2295        0.8131
    657.2338        0.8267
    657.2380        0.8340
    657.2422        0.8400
    657.2465        0.8444
    657.2507        0.8452
    657.2549        0.8478
    657.2591        0.8536
    657.2634        0.8600
    657.2676        0.8647
    657.2718        0.8637
    657.2761        0.8579
    657.2803        0.8528
    657.2845        0.8539
    657.2887        0.8583
    657.2930        0.8621
    657.2972        0.8663
    657.3014        0.8717
    657.3057        0.8800
    657.3099        0.8900
    657.3141        0.8982
    657.3183        0.8992
    657.3226        0.8889
    657.3268        0.8726
    657.3310        0.8607
    657.3353        0.8553
    657.3395        0.8490
    657.3437        0.8426
    657.3479        0.8409
    657.3522        0.8440
    657.3564        0.8491
    657.3606        0.8547
    657.3649        0.8591
    657.3691        0.8626
    657.3733        0.8647
    657.3776        0.8656
    657.3818        0.8658
    657.3860        0.8693
    657.3902        0.8753
    657.3945        0.8806
    657.3987        0.8830
    657.4029        0.8825
    657.4072        0.8801
    657.4114        0.8775
    657.4156        0.8769
    657.4198        0.8817
    657.4241        0.8892
    657.4283        0.8947
    657.4325        0.8930
    657.4368        0.8829
    657.4410        0.8701
    657.4452        0.8601
    657.4494        0.8567
    657.4537        0.8560
    657.4579        0.8557
    657.4621        0.8540
    657.4664        0.8464
    657.4706        0.8317
    657.4748        0.8158
    657.4791        0.8067
    657.4833        0.8026
    657.4875        0.7995
    657.4917        0.7978
    657.4960        0.7999
    657.5002        0.8082
    657.5044        0.8217
    657.5087        0.8369
    657.5129        0.8497
    657.5171        0.8565
    657.5213        0.8591
    657.5256        0.8610
    657.5298        0.8643
    657.5340        0.8644
    657.5383        0.8625
    657.5425        0.8623
    657.5467        0.8682
    657.5509        0.8827
    657.5552        0.9007
    657.5594        0.9142
    657.5636        0.9201
    657.5679        0.9266
    657.5721        0.9322
    657.5763        0.9334
    657.5806        0.9264
    657.5848        0.9123
    657.5890        0.8974
    657.5932        0.8879
    657.5975        0.8856
    657.6017        0.8868
    657.6059        0.8899
    657.6102        0.8924
    657.6144        0.8954
    657.6186        0.9015
    657.6228        0.9093
    657.6271        0.9156
    657.6313        0.9155
    657.6355        0.9105
    657.6398        0.9051
    657.6440        0.9028
    657.6482        0.9066
    657.6524        0.9143
    657.6567        0.9210
    657.6609        0.9213
    657.6651        0.9133
    657.6694        0.9018
    657.6736        0.8934
    657.6778        0.8948
    657.6820        0.9056
    657.6863        0.9194
    657.6905        0.9288
    657.6947        0.9283
    657.6990        0.9207
    657.7032        0.9118
    657.7074        0.9057
    657.7117        0.9060
    657.7159        0.9107
    657.7201        0.9165
    657.7243        0.9189
    657.7286        0.9188
    657.7328        0.9197
    657.7370        0.9220
    657.7413        0.9253
    657.7455        0.9212
    657.7497        0.9105
    657.7539        0.9008
    657.7582        0.9019
    657.7624        0.9174
    657.7666        0.9378
    657.7709        0.9539
    657.7751        0.9589
    657.7793        0.9595
    657.7835        0.9582
    657.7878        0.9561
    657.7920        0.9525
    657.7962        0.9442
    657.8005        0.9361
    657.8047        0.9330
    657.8089        0.9365
    657.8132        0.9409
    657.8174        0.9449
    657.8216        0.9477
    657.8258        0.9493
    657.8301        0.9495
    657.8343        0.9471
    657.8385        0.9426
    657.8428        0.9368
    657.8470        0.9311
    657.8512        0.9267
    657.8554        0.9255
    657.8597        0.9294
    657.8639        0.9364
    657.8681        0.9425
    657.8724        0.9442
    657.8766        0.9449
    657.8808        0.9450
    657.8850        0.9429
    657.8893        0.9371
    657.8935        0.9229
    657.8977        0.9031
    657.9020        0.8869
    657.9062        0.8836
    657.9104        0.8970
    657.9146        0.9181
    657.9189        0.9364
    657.9231        0.9440
    657.9273        0.9459
    657.9316        0.9462
    657.9358        0.9460
    657.9400        0.9465
    657.9443        0.9469
    657.9485        0.9460
    657.9527        0.9426
    657.9569        0.9358
    657.9612        0.9268
    657.9654        0.9184
    657.9696        0.9133
    657.9739        0.9134
    657.9781        0.9181
    657.9823        0.9245
    657.9865        0.9293
    657.9908        0.9309
    657.9950        0.9320
    657.9992        0.9349
    658.0035        0.9417
    658.0077        0.9515
    658.0119        0.9583
    658.0161        0.9617
    658.0204        0.9618
    658.0246        0.9589
    658.0288        0.9546
    658.0331        0.9516
    658.0373        0.9518
    658.0415        0.9536
    658.0458        0.9561
    658.0500        0.9563
    658.0542        0.9514
    658.0584        0.9420
    658.0627        0.9309
    658.0669        0.9220
    658.0711        0.9156
    658.0754        0.9113
    658.0796        0.9099
    658.0838        0.9121
    658.0880        0.9173
    658.0923        0.9210
    658.0965        0.9218
    658.1007        0.9205
    658.1050        0.9239
    658.1092        0.9338
    658.1134        0.9457
    658.1176        0.9541
    658.1219        0.9579
    658.1261        0.9609
    658.1303        0.9625
    658.1346        0.9605
    658.1388        0.9540
    658.1430        0.9452
    658.1472        0.9375
    658.1515        0.9345
    658.1557        0.9363
    658.1599        0.9385
    658.1642        0.9377
    658.1684        0.9366
    658.1726        0.9420
    658.1769        0.9496
    658.1811        0.9525
    658.1853        0.9476
    658.1895        0.9380
    658.1938        0.9275
    658.1980        0.9201
    658.2022        0.9214
    658.2065        0.9305
    658.2107        0.9415
    658.2149        0.9486
    658.2191        0.9640
    658.2234        0.9875
    658.2276        1.0072
    658.2318        1.0101
    658.2361        0.9971
    658.2403        0.9784
    658.2445        0.9630
    658.2487        0.9588
    658.2530        0.9644
    658.2572        0.9733
    658.2614        0.9792
    658.2657        0.9796
    658.2699        0.9815
    658.2741        0.9838
    658.2784        0.9837
    658.2826        0.9789
    658.2868        0.9719
    658.2910        0.9666
    658.2953        0.9645
    658.2995        0.9676
    658.3037        0.9749
    658.3080        0.9831
    658.3122        0.9864
    658.3164        0.9829
    658.3206        0.9754
    658.3249        0.9670
    658.3291        0.9620
    658.3333        0.9666
    658.3376        0.9747
    658.3418        0.9796
    658.3460        0.9763
    658.3502        0.9698
    658.3545        0.9651
    658.3587        0.9638
    658.3629        0.9662
    658.3672        0.9685
    658.3714        0.9704
    658.3756        0.9708
    658.3798        0.9686
    658.3841        0.9638
    658.3883        0.9591
    658.3925        0.9571
    658.3968        0.9574
    658.4010        0.9555
    658.4052        0.9510
    658.4095        0.9465
    658.4137        0.9419
    658.4179        0.9368
    658.4221        0.9322
    658.4264        0.9319
    658.4306        0.9425
    658.4348        0.9610
    658.4391        0.9780
    658.4433        0.9845
    658.4475        0.9841
    658.4517        0.9822
    658.4560        0.9804
    658.4602        0.9792
    658.4644        0.9764
    658.4687        0.9704
    658.4729        0.9623
    658.4771        0.9552
    658.4813        0.9552
    658.4856        0.9605
    658.4898        0.9662
    658.4940        0.9698
    658.4983        0.9727
    658.5025        0.9746
    658.5067        0.9744
    658.5110        0.9747
    658.5152        0.9793
    658.5194        0.9855
    658.5236        0.9907
    658.5279        0.9917
    658.5321        0.9875
    658.5363        0.9813
    658.5406        0.9773
    658.5448        0.9805
    658.5490        0.9893
    658.5532        0.9991
    658.5575        1.0044
    658.5617        1.0027
    658.5659        0.9985
    658.5702        0.9960
    658.5744        0.9986
    658.5786        1.0008
    658.5828        0.9987
    658.5871        0.9941
    658.5913        0.9887
    658.5955        0.9852
    658.5998        0.9825
    658.6040        0.9796
    658.6082        0.9731
    658.6124        0.9639
    658.6167        0.9574
    658.6209        0.9560
    658.6251        0.9636
    658.6294        0.9762
    658.6336        0.9867
    658.6378        0.9881
    658.6421        0.9862
    658.6463        0.9865
    658.6505        0.9868
    658.6547        0.9827
    658.6590        0.9689
    658.6632        0.9510
    658.6674        0.9371
    658.6717        0.9334
    658.6759        0.9352
    658.6801        0.9401
    658.6843        0.9467
    658.6886        0.9574
    658.6928        0.9816
    658.6970        1.0101
    658.7013        1.0298
    658.7055        1.0306
    658.7097        1.0178
    658.7139        1.0006
    658.7182        0.9905
    658.7224        0.9903
    658.7266        0.9913
    658.7309        0.9909
    658.7351        0.9912
    658.7393        0.9932
    658.7436        0.9955
    658.7478        0.9975
    658.7520        1.0003
    658.7562        1.0064
    658.7605        1.0140
    658.7647        1.0202
    658.7689        1.0227
    658.7732        1.0214
    658.7774        1.0172
    658.7816        1.0128
    658.7858        1.0098
    658.7901        1.0068
    658.7943        1.0068
    658.7985        1.0091
    658.8028        1.0119
    658.8070        1.0127
    658.8112        1.0126
    658.8154        1.0105
    658.8197        1.0061
    658.8239        0.9993
    658.8281        0.9913
    658.8324        0.9843
    658.8366        0.9815
    658.8408        0.9842
    658.8450        0.9898
    658.8493        0.9936
    658.8535        0.9892
    658.8577        0.9803
    658.8620        0.9730
    658.8662        0.9721
    658.8704        0.9786
    658.8747        0.9865
    658.8789        0.9922
    658.8831        0.9931
    658.8873        0.9970
    658.8916        1.0045
    658.8958        1.0119
    658.9000        1.0140
    658.9043        1.0092
    658.9085        1.0016
    658.9127        0.9945
    658.9169        0.9893
    658.9212        0.9861
    658.9254        0.9866
    658.9296        0.9892
    658.9339        0.9947
    658.9381        1.0015
    658.9423        1.0057
    658.9465        1.0052
    658.9508        0.9973
    658.9550        0.9839
    658.9592        0.9713
    658.9635        0.9684
    658.9677        0.9719
    658.9719        0.9770
    658.9762        0.9821
    658.9804        0.9872
    658.9846        0.9950
    658.9888        1.0023
    658.9931        1.0076
    658.9973        1.0104
    659.0015        1.0095
    659.0058        1.0064
    659.0100        1.0040
    659.0142        1.0042
    659.0184        1.0047
    659.0227        1.0041
    659.0269        1.0009
    659.0311        0.9955
    659.0354        0.9913
    659.0396        0.9895
    659.0438        0.9901
    659.0480        0.9872
    659.0523        0.9784
    659.0565        0.9688
    659.0607        0.9648
    659.0650        0.9709
    659.0692        0.9819
    659.0734        0.9910
    659.0776        0.9932
    659.0819        0.9913
    659.0861        0.9891
    659.0903        0.9875
    659.0946        0.9867
    659.0988        0.9874
    659.1030        0.9898
    659.1073        0.9926
    659.1115        0.9945
    659.1157        0.9941
    659.1199        0.9910
    659.1242        0.9882
    659.1284        0.9887
    659.1326        0.9929
    659.1369        0.9982
    659.1411        1.0027
    659.1453        1.0037
    659.1495        1.0020
    659.1538        1.0005
    659.1580        1.0017
    659.1622        1.0090
    659.1665        1.0198
    659.1707        1.0300
    659.1749        1.0358
    659.1791        1.0336
    659.1834        1.0231
    659.1876        1.0113
    659.1918        1.0066
    659.1961        1.0090
    659.2003        1.0106
    659.2045        1.0101
    659.2088        1.0049
    659.2130        0.9905
    659.2172        0.9745
    659.2214        0.9667
    659.2257        0.9713
    659.2299        0.9814
    659.2341        0.9933
    659.2384        1.0020
    659.2426        1.0080
    659.2468        1.0151
    659.2510        1.0218
    659.2553        1.0263
    659.2595        1.0200
    659.2637        1.0029
    659.2680        0.9850
    659.2722        0.9788
    659.2764        0.9881
    659.2806        1.0047
    659.2849        1.0188
    659.2891        1.0218
    659.2933        1.0188
    659.2976        1.0155
    659.3018        1.0127
    659.3060        1.0100
    659.3102        1.0063
    659.3145        1.0023
    659.3187        0.9990
    659.3229        0.9964
    659.3272        0.9945
    659.3314        0.9944
    659.3356        0.9956
    659.3399        0.9989
    659.3441        1.0041
    659.3483        1.0092
    659.3525        1.0111
    659.3568        1.0093
    659.3610        1.0060
    659.3652        1.0032
    659.3695        1.0024
    659.3737        1.0010
    659.3779        0.9976
    659.3821        0.9956
    659.3864        0.9983
    659.3906        1.0062
    659.3948        1.0157
    659.3991        1.0244
    659.4033        1.0302
    659.4075        1.0323
    659.4117        1.0331
    659.4160        1.0346
    659.4202        1.0333
    659.4244        1.0204
    659.4287        1.0012
    659.4329        0.9878
    659.4371        0.9814
    659.4414        0.9754
    659.4456        0.9702
    659.4498        0.9705
    659.4540        0.9788
    659.4583        0.9923
    659.4625        1.0064
    659.4667        1.0158
    659.4710        1.0216
    659.4752        1.0259
    659.4794        1.0294
    659.4836        1.0306
    659.4879        1.0240
    659.4921        1.0137
    659.4963        1.0061
    659.5006        1.0045
    659.5048        1.0043
    659.5090        1.0037
    659.5132        1.0028
    659.5175        1.0055
    659.5217        1.0150
    659.5259        1.0265
    659.5302        1.0340
    659.5344        1.0296
    659.5386        1.0137
    659.5428        0.9965
    659.5471        0.9897
    659.5513        0.9955
    659.5555        1.0067
    659.5598        1.0186
    659.5640        1.0273
    659.5682        1.0329
    659.5725        1.0377
    659.5767        1.0424
    659.5809        1.0467
    659.5851        1.0463
    659.5894        1.0415
    659.5936        1.0348
    659.5978        1.0307
    659.6021        1.0319
    659.6063        1.0336
    659.6105        1.0330
    659.6147        1.0264
    659.6190        1.0132
    659.6232        0.9983
    659.6274        0.9891
    659.6317        0.9904
    659.6359        0.9984
    659.6401        1.0068
    659.6443        1.0101
    659.6486        1.0039
    659.6528        0.9913
    659.6570        0.9791
    659.6613        0.9740
    659.6655        0.9789
    659.6697        0.9887
    659.6740        0.9976
    659.6782        1.0014
    659.6824        1.0049
    659.6866        1.0089
    659.6909        1.0117
    659.6951        1.0126
    659.6993        1.0092
    659.7036        1.0020
    659.7078        0.9961
    659.7120        0.9897
    659.7162        0.9783
    659.7205        0.9676
    659.7247        0.9643
    659.7289        0.9716
    659.7332        0.9826
    659.7374        0.9903
    659.7416        0.9889
    659.7458        0.9874
    659.7501        0.9918
    659.7543        0.9993
    659.7585        1.0068
    659.7628        1.0131
    659.7670        1.0166
    659.7712        1.0168
    659.7754        1.0155
    659.7797        1.0187
    659.7839        1.0250
    659.7881        1.0305
    659.7924        1.0319
    659.7966        1.0288
    659.8008        1.0233
    659.8051        1.0181
    659.8093        1.0161
    659.8135        1.0177
    659.8177        1.0195
    659.8220        1.0184
    659.8262        1.0107
    659.8304        0.9981
    659.8347        0.9856
    659.8389        0.9780
    659.8431        0.9775
    659.8473        0.9819
    659.8516        0.9878
    659.8558        0.9912
    659.8600        0.9913
    659.8643        0.9932
    659.8685        0.9995
    659.8727        1.0098
    659.8769        1.0175
    659.8812        1.0240
    659.8854        1.0295
    659.8896        1.0318
    659.8939        1.0257
    659.8981        1.0136
    659.9023        1.0042
    659.9066        0.9986
    659.9108        0.9910
    659.9150        0.9814
    659.9192        0.9741
    659.9235        0.9680
    659.9277        0.9629
    659.9319        0.9597
    659.9362        0.9596
    659.9404        0.9691
    659.9446        0.9855
    659.9488        0.9995
    659.9531        1.0029
    659.9573        0.9979
    659.9615        0.9896
    659.9658        0.9832
    659.9700        0.9825
    659.9742        0.9862
    659.9784        0.9914
    659.9827        0.9957
    659.9869        0.9983
    659.9911        1.0010
    659.9954        1.0029
    659.9996        1.0036
    660.0038        1.0046
    660.0080        1.0085
    660.0123        1.0145
    660.0165        1.0201
    660.0207        1.0240
    660.0250        1.0257
    660.0292        1.0261
    660.0334        1.0271
    660.0377        1.0285
    660.0419        1.0286
    660.0461        1.0280
    660.0503        1.0274
    660.0546        1.0242
    660.0588        1.0203
    660.0630        1.0179
    660.0673        1.0161
    660.0715        1.0097
    660.0757        1.0019
    660.0799        0.9975
    660.0842        0.9979
    660.0884        1.0010
    660.0926        1.0054
    660.0969        1.0083
    660.1011        1.0108
    660.1053        1.0142
    660.1095        1.0165
    660.1138        1.0140
    660.1180        1.0071
    660.1222        0.9969
    660.1265        0.9860
    660.1307        0.9785
    660.1349        0.9820
    660.1392        0.9934
    660.1434        1.0053
    660.1476        1.0137
    660.1518        1.0283
    660.1561        1.0439
    660.1603        1.0519
    660.1645        1.0467
    660.1688        1.0345
    660.1730        1.0229
    660.1772        1.0164
    660.1814        1.0127
    660.1857        1.0065
    660.1899        0.9995
    660.1941        0.9930
    660.1984        0.9911
    660.2026        0.9923
    660.2068        0.9939
    660.2110        0.9931
    660.2153        0.9909
    660.2195        0.9915
    660.2237        0.9953
    660.2280        1.0023
    660.2322        1.0135
    660.2364        1.0254
    660.2406        1.0318
    660.2449        1.0301
    660.2491        1.0266
    660.2533        1.0227
    660.2576        1.0189
    660.2618        1.0109
    660.2660        0.9956
    660.2703        0.9794
    660.2745        0.9698
    660.2787        0.9697
    660.2829        0.9754
    660.2872        0.9824
    660.2914        0.9861
    660.2956        0.9948
    660.2999        1.0099
    660.3041        1.0236
    660.3083        1.0273
    660.3125        1.0177
    660.3168        1.0009
    660.3210        0.9860
    660.3252        0.9810
    660.3295        0.9830
    660.3337        0.9871
    660.3379        0.9907
    660.3421        0.9936
    660.3464        0.9989
    660.3506        1.0044
    660.3548        1.0071
    660.3591        1.0010
    660.3633        0.9868
    660.3675        0.9722
    660.3718        0.9659
    660.3760        0.9664
    660.3802        0.9694
    660.3844        0.9746
    660.3887        0.9815
    660.3929        0.9903
    660.3971        0.9992
    660.4014        1.0051
    660.4056        1.0059
    660.4098        1.0075
    660.4140        1.0103
    660.4183        1.0101
    660.4225        1.0051
    660.4267        0.9969
    660.4310        0.9881
    660.4352        0.9801
    660.4394        0.9799
    660.4436        0.9902
    660.4479        1.0024
    660.4521        1.0073
    660.4563        1.0071
    660.4606        1.0098
    660.4648        1.0139
    660.4690        1.0165
    660.4732        1.0160
    660.4775        1.0110
    660.4817        1.0049
    660.4859        1.0016
    660.4902        1.0050
    660.4944        1.0111
    660.4986        1.0174
    660.5029        1.0209
    660.5071        1.0189
    660.5113        1.0135
    660.5155        1.0073
    660.5198        1.0018
    660.5240        0.9960
    660.5282        0.9901
    660.5325        0.9862
    660.5367        0.9797
    660.5409        0.9692
    660.5451        0.9601
    660.5494        0.9592
    660.5536        0.9728
    660.5578        0.9938
    660.5621        1.0119
    660.5663        1.0183
    660.5705        1.0206
    660.5747        1.0224
    660.5790        1.0237
    660.5832        1.0224
    660.5874        1.0142
    660.5917        1.0035
    660.5959        0.9941
    660.6001        0.9893
    660.6044        0.9909
    660.6086        0.9965
    660.6128        1.0011
    660.6170        1.0031
    660.6213        1.0050
    660.6255        1.0066
    660.6297        1.0076
    660.6340        1.0101
    660.6382        1.0101
    660.6424        1.0069
    660.6466        1.0023
    660.6509        1.0019
    660.6551        1.0065
    660.6593        1.0131
    660.6636        1.0178
    660.6678        1.0135
    660.6720        1.0037
    660.6762        0.9946
    660.6805        0.9917
    660.6847        0.9940
    660.6889        0.9976
    660.6932        0.9997
    660.6974        0.9984
    660.7016        0.9963
    660.7058        0.9955
    660.7101        0.9963
    660.7143        1.0011
    660.7185        1.0071
    660.7228        1.0108
    660.7270        1.0101
    660.7312        1.0060
    660.7355        1.0021
    660.7397        1.0003
    660.7439        1.0018
    660.7481        0.9989
    660.7524        0.9901
    660.7566        0.9812
    660.7608        0.9792
    660.7651        0.9878
    660.7693        0.9986
    660.7735        1.0060
    660.7777        1.0045
    660.7820        0.9951
    660.7862        0.9835
    660.7904        0.9773
    660.7947        0.9775
    660.7989        0.9778
    660.8031        0.9767
    660.8073        0.9760
    660.8116        0.9840
    660.8158        0.9993
    660.8200        1.0145
    660.8243        1.0221
    660.8285        1.0259
    660.8327        1.0289
    660.8370        1.0319
    660.8412        1.0315
    660.8454        1.0177
    660.8496        0.9973
    660.8539        0.9834
    660.8581        0.9847
    660.8623        0.9968
    660.8666        1.0125
    660.8708        1.0246
    660.8750        1.0239
    660.8792        1.0137
    660.8835        1.0040
    660.8877        1.0019
    660.8919        1.0007
    660.8962        0.9965
    660.9004        0.9925
    660.9046        0.9923
    660.9088        0.9951
    660.9131        0.9988
    660.9173        1.0030
    660.9215        1.0065
    660.9258        1.0105
    660.9300        1.0155
    660.9342        1.0201
    660.9384        1.0214
    660.9427        1.0179
    660.9469        1.0133
    660.9511        1.0111
    660.9554        1.0123
    660.9596        1.0154
    660.9638        1.0184
    660.9681        1.0189
    660.9723        1.0151
    660.9765        1.0090
    660.9807        1.0037
    660.9850        1.0012
    660.9892        1.0005
    660.9934        1.0004
    660.9977        1.0005
    661.0019        1.0003
    661.0061        0.9985
    661.0103        0.9955
    661.0146        0.9933
    661.0188        0.9935
    661.0230        0.9959
    661.0273        0.9992
    661.0315        1.0020
    661.0357        1.0057
    661.0399        1.0101
    661.0442        1.0119
    661.0484        1.0075
    661.0526        1.0008
    661.0569        0.9949
    661.0611        0.9896
    661.0653        0.9834
    661.0696        0.9769
    661.0738        0.9759
    661.0780        0.9779
    661.0822        0.9816
    661.0865        0.9899
    661.0907        1.0004
    661.0949        1.0074
    661.0992        1.0087
    661.1034        1.0096
    661.1076        1.0107
    661.1118        1.0120
    661.1161        1.0136
    661.1203        1.0124
    661.1245        1.0071
    661.1288        0.9980
    661.1330        0.9925
    661.1372        0.9947
    661.1414        1.0000
    661.1457        1.0020
    661.1499        1.0020
    661.1541        1.0012
    661.1584        0.9984
    661.1626        0.9943
    661.1668        0.9932
    661.1710        0.9935
    661.1753        0.9955
    661.1795        1.0001
    661.1837        1.0087
    661.1880        1.0184
    661.1922        1.0248
    661.1964        1.0249
    661.2007        1.0209
    661.2049        1.0164
    661.2091        1.0140
    661.2133        1.0157
    661.2176        1.0178
    661.2218        1.0173
    661.2260        1.0123
    661.2303        1.0020
    661.2345        0.9904
    661.2387        0.9823
    661.2429        0.9820
    661.2472        0.9887
    661.2514        0.9980
    661.2556        1.0038
    661.2599        1.0017
    661.2641        0.9939
    661.2683        0.9842
    661.2725        0.9765
    661.2768        0.9721
    661.2810        0.9677
    661.2852        0.9636
    661.2895        0.9617
    661.2937        0.9716
    661.2979        0.9920
    661.3022        1.0123
    661.3064        1.0208
    661.3106        1.0130
    661.3148        0.9981
    661.3191        0.9859
    661.3233        0.9849
    661.3275        0.9946
    661.3318        1.0065
    661.3360        1.0125
    661.3402        1.0064
    661.3444        0.9924
    661.3487        0.9771
    661.3529        0.9677
    661.3571        0.9692
    661.3614        0.9774
    661.3656        0.9870
    661.3698        0.9935
    661.3740        1.0043
    661.3783        1.0189
    661.3825        1.0298
    661.3867        1.0313
    661.3910        1.0255
    661.3952        1.0161
    661.3994        1.0065
    661.4036        0.9999
    661.4079        0.9954
    661.4121        0.9920
    661.4163        0.9888
    661.4206        0.9854
    661.4248        0.9824
    661.4290        0.9802
    661.4333        0.9789
    661.4375        0.9814
    661.4417        0.9880
    661.4459        0.9952
    661.4502        0.9993
    661.4544        0.9987
    661.4586        0.9968
    661.4629        0.9969
    661.4671        1.0017
    661.4713        1.0078
    661.4755        1.0131
    661.4798        1.0179
    661.4840        1.0203
    661.4882        1.0145
    661.4925        1.0036
    661.4967        0.9998
    661.5009        1.0134
    661.5051        1.0421
    661.5094        1.0515
