    650.3083        1.0012
    650.3126        1.0012
    650.3168        1.0032
    650.3211        1.0056
    650.3253        1.0069
    650.3295        1.0066
    650.3338        1.0050
    650.3380        1.0027
    650.3422        1.0010
    650.3465        0.9993
    650.3507        0.9971
    650.3550        0.9948
    650.3592        0.9935
    650.3634        0.9935
    650.3677        0.9950
    650.3719        0.9972
    650.3761        0.9992
    650.3804        1.0008
    650.3846        1.0023
    650.3889        1.0032
    650.3931        1.0028
    650.3973        1.0000
    650.4016        0.9941
    650.4058        0.9871
    650.4100        0.9818
    650.4143        0.9786
    650.4185        0.9764
    650.4227        0.9750
    650.4270        0.9753
    650.4312        0.9778
    650.4355        0.9825
    650.4397        0.9875
    650.4439        0.9913
    650.4482        0.9940
    650.4524        0.9966
    650.4566        0.9989
    650.4609        1.0009
    650.4651        1.0021
    650.4694        1.0022
    650.4736        1.0020
    650.4778        1.0019
    650.4821        1.0023
    650.4863        1.0027
    650.4905        1.0029
    650.4948        1.0030
    650.4990        1.0026
    650.5033        1.0022
    650.5075        1.0020
    650.5117        1.0020
    650.5160        1.0016
    650.5202        1.0007
    650.5244        0.9997
    650.5287        0.9989
    650.5329        0.9983
    650.5372        0.9979
    650.5414        0.9976
    650.5456        0.9975
    650.5499        0.9975
    650.5541        0.9977
    650.5583        0.9978
    650.5626        0.9977
    650.5668        0.9972
    650.5710        0.9965
    650.5753        0.9959
    650.5795        0.9955
    650.5838        0.9954
    650.5880        0.9955
    650.5922        0.9957
    650.5965        0.9959
    650.6007        0.9963
    650.6049        0.9969
    650.6092        0.9977
    650.6134        0.9986
    650.6177        0.9998
    650.6219        1.0012
    650.6261        1.0022
    650.6304        1.0026
    650.6346        1.0026
    650.6388        1.0025
    650.6431        1.0025
    650.6473        1.0024
    650.6516        1.0022
    650.6558        1.0020
    650.6600        1.0018
    650.6643        1.0015
    650.6685        1.0014
    650.6727        1.0017
    650.6770        1.0023
    650.6812        1.0029
    650.6854        1.0032
    650.6897        1.0035
    650.6939        1.0037
    650.6982        1.0037
    650.7024        1.0035
    650.7066        1.0026
    650.7109        1.0016
    650.7151        1.0013
    650.7193        1.0017
    650.7236        1.0028
    650.7278        1.0040
    650.7321        1.0044
    650.7363        1.0038
    650.7405        1.0024
    650.7448        1.0005
    650.7490        0.9987
    650.7532        0.9964
    650.7575        0.9935
    650.7617        0.9909
    650.7660        0.9898
    650.7702        0.9900
    650.7744        0.9909
    650.7787        0.9923
    650.7829        0.9940
    650.7871        0.9961
    650.7914        0.9986
    650.7956        1.0009
    650.7998        1.0027
    650.8041        1.0038
    650.8083        1.0045
    650.8126        1.0047
    650.8168        1.0043
    650.8210        1.0027
    650.8253        0.9997
    650.8295        0.9953
    650.8337        0.9901
    650.8380        0.9832
    650.8422        0.9739
    650.8465        0.9640
    650.8507        0.9552
    650.8549        0.9482
    650.8592        0.9429
    650.8634        0.9407
    650.8676        0.9428
    650.8719        0.9499
    650.8761        0.9608
    650.8804        0.9722
    650.8846        0.9815
    650.8888        0.9887
    650.8931        0.9957
    650.8973        1.0015
    650.9015        1.0057
    650.9058        1.0081
    650.9100        1.0095
    650.9143        1.0104
    650.9185        1.0113
    650.9227        1.0122
    650.9270        1.0127
    650.9312        1.0130
    650.9354        1.0133
    650.9397        1.0135
    650.9439        1.0134
    650.9481        1.0132
    650.9524        1.0131
    650.9566        1.0131
    650.9609        1.0130
    650.9651        1.0131
    650.9693        1.0134
    650.9736        1.0140
    650.9778        1.0147
    650.9820        1.0153
    650.9863        1.0156
    650.9905        1.0154
    650.9948        1.0150
    650.9990        1.0146
    651.0032        1.0144
    651.0075        1.0141
    651.0117        1.0140
    651.0159        1.0140
    651.0202        1.0140
    651.0244        1.0135
    651.0287        1.0124
    651.0329        1.0114
    651.0371        1.0110
    651.0414        1.0117
    651.0456        1.0132
    651.0498        1.0146
    651.0541        1.0151
    651.0583        1.0146
    651.0625        1.0133
    651.0668        1.0122
    651.0710        1.0120
    651.0753        1.0125
    651.0795        1.0134
    651.0837        1.0146
    651.0880        1.0155
    651.0922        1.0160
    651.0964        1.0162
    651.1007        1.0162
    651.1049        1.0159
    651.1092        1.0155
    651.1134        1.0152
    651.1176        1.0149
    651.1219        1.0147
    651.1261        1.0143
    651.1303        1.0135
    651.1346        1.0126
    651.1388        1.0120
    651.1431        1.0120
    651.1473        1.0125
    651.1515        1.0126
    651.1558        1.0121
    651.1600        1.0113
    651.1642        1.0103
    651.1685        1.0082
    651.1727        1.0047
    651.1769        0.9987
    651.1812        0.9910
    651.1854        0.9833
    651.1897        0.9766
    651.1939        0.9703
    651.1981        0.9641
    651.2024        0.9587
    651.2066        0.9551
    651.2108        0.9529
    651.2151        0.9524
    651.2193        0.9540
    651.2236        0.9579
    651.2278        0.9639
    651.2320        0.9711
    651.2363        0.9781
    651.2405        0.9848
    651.2447        0.9914
    651.2490        0.9980
    651.2532        1.0039
    651.2575        1.0082
    651.2617        1.0110
    651.2659        1.0127
    651.2702        1.0139
    651.2744        1.0149
    651.2786        1.0154
    651.2829        1.0154
    651.2871        1.0151
    651.2914        1.0151
    651.2956        1.0152
    651.2998        1.0153
    651.3041        1.0152
    651.3083        1.0151
    651.3125        1.0150
    651.3168        1.0151
    651.3210        1.0147
    651.3252        1.0136
    651.3295        1.0118
    651.3337        1.0096
    651.3380        1.0076
    651.3422        1.0060
    651.3464        1.0043
    651.3507        1.0026
    651.3549        1.0015
    651.3591        1.0008
    651.3634        1.0003
    651.3676        1.0001
    651.3719        1.0002
    651.3761        1.0010
    651.3803        1.0029
    651.3846        1.0056
    651.3888        1.0075
    651.3930        1.0081
    651.3973        1.0079
    651.4015        1.0073
    651.4058        1.0056
    651.4100        1.0028
    651.4142        0.9982
    651.4185        0.9927
    651.4227        0.9870
    651.4269        0.9829
    651.4312        0.9806
    651.4354        0.9788
    651.4396        0.9750
    651.4439        0.9663
    651.4481        0.9512
    651.4524        0.9325
    651.4566        0.9146
    651.4608        0.8990
    651.4651        0.8844
    651.4693        0.8715
    651.4735        0.8638
    651.4778        0.8654
    651.4820        0.8765
    651.4863        0.8925
    651.4905        0.9099
    651.4947        0.9294
    651.4990        0.9517
    651.5032        0.9727
    651.5074        0.9878
    651.5117        0.9969
    651.5159        1.0025
    651.5202        1.0057
    651.5244        1.0072
    651.5286        1.0084
    651.5329        1.0096
    651.5371        1.0102
    651.5413        1.0100
    651.5456        1.0086
    651.5498        1.0058
    651.5540        1.0018
    651.5583        0.9971
    651.5625        0.9904
    651.5668        0.9808
    651.5710        0.9703
    651.5752        0.9619
    651.5795        0.9568
    651.5837        0.9541
    651.5879        0.9532
    651.5922        0.9539
    651.5964        0.9572
    651.6007        0.9637
    651.6049        0.9710
    651.6091        0.9767
    651.6134        0.9799
    651.6176        0.9794
    651.6218        0.9735
    651.6261        0.9607
    651.6303        0.9395
    651.6346        0.9099
    651.6388        0.8776
    651.6430        0.8482
    651.6473        0.8217
    651.6515        0.7966
    651.6557        0.7788
    651.6600        0.7747
    651.6642        0.7857
    651.6685        0.8058
    651.6727        0.8293
    651.6769        0.8515
    651.6812        0.8722
    651.6854        0.8928
    651.6896        0.9110
    651.6939        0.9241
    651.6981        0.9304
    651.7023        0.9319
    651.7066        0.9327
    651.7108        0.9363
    651.7151        0.9425
    651.7193        0.9492
    651.7235        0.9563
    651.7278        0.9640
    651.7320        0.9732
    651.7362        0.9836
    651.7405        0.9932
    651.7447        1.0006
    651.7490        1.0053
    651.7532        1.0079
    651.7574        1.0083
    651.7617        1.0071
    651.7659        1.0047
    651.7701        1.0011
    651.7744        0.9966
    651.7786        0.9913
    651.7829        0.9844
    651.7871        0.9761
    651.7913        0.9684
    651.7956        0.9629
    651.7998        0.9603
    651.8040        0.9598
    651.8083        0.9613
    651.8125        0.9650
    651.8167        0.9714
    651.8210        0.9797
    651.8252        0.9876
    651.8295        0.9933
    651.8337        0.9975
    651.8379        1.0012
    651.8422        1.0039
    651.8464        1.0053
    651.8506        1.0053
    651.8549        1.0043
    651.8591        1.0030
    651.8634        1.0017
    651.8676        1.0003
    651.8718        0.9986
    651.8761        0.9971
    651.8803        0.9957
    651.8845        0.9942
    651.8888        0.9924
    651.8930        0.9901
    651.8973        0.9876
    651.9015        0.9855
    651.9057        0.9833
    651.9100        0.9801
    651.9142        0.9749
    651.9184        0.9664
    651.9227        0.9555
    651.9269        0.9448
    651.9311        0.9354
    651.9354        0.9266
    651.9396        0.9188
    651.9439        0.9138
    651.9481        0.9140
    651.9523        0.9189
    651.9566        0.9269
    651.9608        0.9365
    651.9650        0.9472
    651.9693        0.9595
    651.9735        0.9725
    651.9778        0.9837
    651.9820        0.9924
    651.9862        0.9992
    651.9905        1.0044
    651.9947        1.0077
    651.9989        1.0094
    652.0032        1.0099
    652.0074        1.0099
    652.0117        1.0103
    652.0159        1.0112
    652.0201        1.0122
    652.0244        1.0130
    652.0286        1.0134
    652.0328        1.0134
    652.0371        1.0133
    652.0413        1.0131
    652.0456        1.0131
    652.0498        1.0135
    652.0540        1.0143
    652.0583        1.0151
    652.0625        1.0156
    652.0667        1.0155
    652.0710        1.0149
    652.0752        1.0142
    652.0794        1.0135
    652.0837        1.0131
    652.0879        1.0130
    652.0922        1.0131
    652.0964        1.0132
    652.1006        1.0131
    652.1049        1.0126
    652.1091        1.0118
    652.1133        1.0113
    652.1176        1.0115
    652.1218        1.0129
    652.1261        1.0147
    652.1303        1.0162
    652.1345        1.0168
    652.1388        1.0169
    652.1430        1.0167
    652.1472        1.0161
    652.1515        1.0154
    652.1557        1.0144
    652.1600        1.0132
    652.1642        1.0121
    652.1684        1.0107
    652.1727        1.0088
    652.1769        1.0070
    652.1811        1.0055
    652.1854        1.0041
    652.1896        1.0028
    652.1938        1.0017
    652.1981        1.0005
    652.2023        0.9989
    652.2066        0.9966
    652.2108        0.9945
    652.2150        0.9934
    652.2193        0.9938
    652.2235        0.9951
    652.2277        0.9970
    652.2320        0.9992
    652.2362        1.0018
    652.2405        1.0049
    652.2447        1.0078
    652.2489        1.0098
    652.2532        1.0109
    652.2574        1.0116
    652.2616        1.0120
    652.2659        1.0124
    652.2701        1.0125
    652.2744        1.0120
    652.2786        1.0111
    652.2828        1.0104
    652.2871        1.0101
    652.2913        1.0101
    652.2955        1.0101
    652.2998        1.0095
    652.3040        1.0076
    652.3083        1.0048
    652.3125        1.0016
    652.3167        0.9987
    652.3210        0.9961
    652.3252        0.9936
    652.3294        0.9911
    652.3337        0.9887
    652.3379        0.9868
    652.3421        0.9848
    652.3464        0.9819
    652.3506        0.9773
    652.3549        0.9699
    652.3591        0.9604
    652.3633        0.9506
    652.3676        0.9415
    652.3718        0.9328
    652.3760        0.9243
    652.3803        0.9181
    652.3845        0.9157
    652.3888        0.9183
    652.3930        0.9250
    652.3972        0.9340
    652.4015        0.9448
    652.4057        0.9584
    652.4099        0.9731
    652.4142        0.9855
    652.4184        0.9942
    652.4227        1.0007
    652.4269        1.0059
    652.4311        1.0091
    652.4354        1.0105
    652.4396        1.0107
    652.4438        1.0104
    652.4481        1.0103
    652.4523        1.0106
    652.4565        1.0111
    652.4608        1.0118
    652.4650        1.0124
    652.4693        1.0128
    652.4735        1.0132
    652.4777        1.0136
    652.4820        1.0139
    652.4862        1.0137
    652.4904        1.0133
    652.4947        1.0129
    652.4989        1.0129
    652.5032        1.0133
    652.5074        1.0142
    652.5116        1.0153
    652.5159        1.0161
    652.5201        1.0161
    652.5243        1.0157
    652.5286        1.0152
    652.5328        1.0146
    652.5371        1.0141
    652.5413        1.0133
    652.5455        1.0125
    652.5498        1.0116
    652.5540        1.0106
    652.5582        1.0091
    652.5625        1.0076
    652.5667        1.0064
    652.5709        1.0052
    652.5752        1.0037
    652.5794        1.0027
    652.5837        1.0025
    652.5879        1.0033
    652.5921        1.0046
    652.5964        1.0062
    652.6006        1.0076
    652.6048        1.0091
    652.6091        1.0109
    652.6133        1.0127
    652.6176        1.0140
    652.6218        1.0140
    652.6260        1.0132
    652.6303        1.0122
    652.6345        1.0118
    652.6387        1.0121
    652.6430        1.0127
    652.6472        1.0135
    652.6515        1.0139
    652.6557        1.0134
    652.6599        1.0123
    652.6642        1.0114
    652.6684        1.0110
    652.6726        1.0117
    652.6769        1.0132
    652.6811        1.0145
    652.6854        1.0149
    652.6896        1.0147
    652.6938        1.0145
    652.6981        1.0141
    652.7023        1.0137
    652.7065        1.0131
    652.7108        1.0125
    652.7150        1.0117
    652.7192        1.0109
    652.7235        1.0097
    652.7277        1.0087
    652.7320        1.0078
    652.7362        1.0071
    652.7404        1.0059
    652.7447        1.0046
    652.7489        1.0037
    652.7531        1.0033
    652.7574        1.0033
    652.7616        1.0030
    652.7659        1.0028
    652.7701        1.0031
    652.7743        1.0044
    652.7786        1.0064
    652.7828        1.0083
    652.7870        1.0097
    652.7913        1.0106
    652.7955        1.0112
    652.7998        1.0118
    652.8040        1.0123
    652.8082        1.0126
    652.8125        1.0129
    652.8167        1.0130
    652.8209        1.0132
    652.8252        1.0133
    652.8294        1.0134
    652.8336        1.0134
    652.8379        1.0133
    652.8421        1.0129
    652.8464        1.0125
    652.8506        1.0121
    652.8548        1.0117
    652.8591        1.0110
    652.8633        1.0103
    652.8675        1.0100
    652.8718        1.0104
    652.8760        1.0115
    652.8803        1.0129
    652.8845        1.0138
    652.8887        1.0136
    652.8930        1.0129
    652.8972        1.0120
    652.9014        1.0116
    652.9057        1.0115
    652.9099        1.0115
    652.9142        1.0115
    652.9184        1.0116
    652.9226        1.0120
    652.9269        1.0127
    652.9311        1.0135
    652.9353        1.0138
    652.9396        1.0136
    652.9438        1.0131
    652.9480        1.0125
    652.9523        1.0120
    652.9565        1.0112
    652.9608        1.0099
    652.9650        1.0084
    652.9692        1.0073
    652.9735        1.0070
    652.9777        1.0078
    652.9819        1.0087
    652.9862        1.0093
    652.9904        1.0095
    652.9947        1.0096
    652.9989        1.0097
    653.0031        1.0095
    653.0074        1.0095
    653.0116        1.0096
    653.0158        1.0093
    653.0201        1.0083
    653.0243        1.0067
    653.0286        1.0050
    653.0328        1.0031
    653.0370        1.0008
    653.0413        0.9977
    653.0455        0.9939
    653.0497        0.9905
    653.0540        0.9885
    653.0582        0.9874
    653.0625        0.9869
    653.0667        0.9871
    653.0709        0.9880
    653.0752        0.9904
    653.0794        0.9937
    653.0836        0.9966
    653.0879        0.9989
    653.0921        1.0012
    653.0963        1.0035
    653.1006        1.0054
    653.1048        1.0066
    653.1091        1.0074
    653.1133        1.0077
    653.1175        1.0079
    653.1218        1.0082
    653.1260        1.0086
    653.1302        1.0088
    653.1345        1.0090
    653.1387        1.0093
    653.1430        1.0097
    653.1472        1.0098
    653.1514        1.0096
    653.1557        1.0093
    653.1599        1.0093
    653.1641        1.0095
    653.1684        1.0094
    653.1726        1.0088
    653.1769        1.0078
    653.1811        1.0066
    653.1853        1.0050
    653.1896        1.0035
    653.1938        1.0019
    653.1980        0.9995
    653.2023        0.9956
    653.2065        0.9875
    653.2107        0.9737
    653.2150        0.9575
    653.2192        0.9436
    653.2235        0.9335
    653.2277        0.9252
    653.2319        0.9190
    653.2362        0.9162
    653.2404        0.9174
    653.2446        0.9220
    653.2489        0.9290
    653.2531        0.9380
    653.2574        0.9495
    653.2616        0.9633
    653.2658        0.9764
    653.2701        0.9866
    653.2743        0.9939
    653.2785        1.0001
    653.2828        1.0048
    653.2870        1.0079
    653.2913        1.0100
    653.2955        1.0112
    653.2997        1.0119
    653.3040        1.0122
    653.3082        1.0122
    653.3124        1.0116
    653.3167        1.0110
    653.3209        1.0108
    653.3251        1.0108
    653.3294        1.0108
    653.3336        1.0105
    653.3379        1.0101
    653.3421        1.0097
    653.3463        1.0096
    653.3506        1.0091
    653.3548        1.0082
    653.3590        1.0068
    653.3633        1.0048
    653.3675        1.0021
    653.3718        0.9977
    653.3760        0.9909
    653.3802        0.9826
    653.3845        0.9750
    653.3887        0.9696
    653.3929        0.9656
    653.3972        0.9625
    653.4014        0.9602
    653.4057        0.9592
    653.4099        0.9596
    653.4141        0.9609
    653.4184        0.9631
    653.4226        0.9669
    653.4268        0.9734
    653.4311        0.9810
    653.4353        0.9871
    653.4396        0.9902
    653.4438        0.9913
    653.4480        0.9920
    653.4523        0.9926
    653.4565        0.9937
    653.4607        0.9951
    653.4650        0.9965
    653.4692        0.9973
    653.4734        0.9974
    653.4777        0.9969
    653.4819        0.9965
    653.4862        0.9964
    653.4904        0.9967
    653.4946        0.9971
    653.4989        0.9977
    653.5031        0.9986
    653.5073        1.0000
    653.5116        1.0021
    653.5158        1.0043
    653.5201        1.0058
    653.5243        1.0069
    653.5285        1.0079
    653.5328        1.0089
    653.5370        1.0098
    653.5412        1.0106
    653.5455        1.0116
    653.5497        1.0125
    653.5540        1.0131
    653.5582        1.0130
    653.5624        1.0124
    653.5667        1.0117
    653.5709        1.0113
    653.5751        1.0110
    653.5794        1.0104
    653.5836        1.0096
    653.5878        1.0091
    653.5921        1.0086
    653.5963        1.0081
    653.6006        1.0077
    653.6048        1.0077
    653.6090        1.0076
    653.6133        1.0074
    653.6175        1.0073
    653.6217        1.0073
    653.6260        1.0082
    653.6302        1.0093
    653.6345        1.0096
    653.6387        1.0083
    653.6429        1.0051
    653.6472        1.0004
    653.6514        0.9958
    653.6556        0.9920
    653.6599        0.9885
    653.6641        0.9851
    653.6684        0.9821
    653.6726        0.9801
    653.6768        0.9796
    653.6811        0.9803
    653.6853        0.9820
    653.6895        0.9850
    653.6938        0.9898
    653.6980        0.9953
    653.7022        1.0000
    653.7065        1.0034
    653.7107        1.0060
    653.7150        1.0082
    653.7192        1.0098
    653.7234        1.0107
    653.7277        1.0109
    653.7319        1.0109
    653.7361        1.0110
    653.7404        1.0114
    653.7446        1.0118
    653.7489        1.0122
    653.7531        1.0126
    653.7573        1.0132
    653.7616        1.0139
    653.7658        1.0148
    653.7700        1.0153
    653.7743        1.0153
    653.7785        1.0150
    653.7828        1.0148
    653.7870        1.0148
    653.7912        1.0150
    653.7955        1.0152
    653.7997        1.0155
    653.8039        1.0156
    653.8082        1.0155
    653.8124        1.0151
    653.8167        1.0147
    653.8209        1.0144
    653.8251        1.0138
    653.8294        1.0130
    653.8336        1.0125
    653.8378        1.0125
    653.8421        1.0130
    653.8463        1.0136
    653.8505        1.0143
    653.8548        1.0147
    653.8590        1.0148
    653.8633        1.0144
    653.8675        1.0141
    653.8717        1.0140
    653.8760        1.0143
    653.8802        1.0144
    653.8844        1.0143
    653.8887        1.0142
    653.8929        1.0140
    653.8972        1.0137
    653.9014        1.0133
    653.9056        1.0133
    653.9099        1.0138
    653.9141        1.0144
    653.9183        1.0148
    653.9226        1.0145
    653.9268        1.0137
    653.9311        1.0126
    653.9353        1.0115
    653.9395        1.0108
    653.9438        1.0101
    653.9480        1.0095
    653.9522        1.0091
    653.9565        1.0095
    653.9607        1.0104
    653.9649        1.0116
    653.9692        1.0127
    653.9734        1.0133
    653.9777        1.0141
    653.9819        1.0151
    653.9861        1.0161
    653.9904        1.0167
    653.9946        1.0173
    653.9988        1.0177
    654.0031        1.0175
    654.0073        1.0166
    654.0116        1.0151
    654.0158        1.0134
    654.0200        1.0122
    654.0243        1.0113
    654.0285        1.0103
    654.0327        1.0092
    654.0370        1.0084
    654.0412        1.0078
    654.0455        1.0075
    654.0497        1.0075
    654.0539        1.0076
    654.0582        1.0079
    654.0624        1.0087
    654.0666        1.0098
    654.0709        1.0107
    654.0751        1.0117
    654.0793        1.0127
    654.0836        1.0136
    654.0878        1.0143
    654.0921        1.0149
    654.0963        1.0156
    654.1005        1.0163
    654.1048        1.0165
    654.1090        1.0163
    654.1132        1.0160
    654.1175        1.0155
    654.1217        1.0148
    654.1260        1.0135
    654.1302        1.0119
    654.1344        1.0109
    654.1387        1.0108
    654.1429        1.0113
    654.1471        1.0120
    654.1514        1.0126
    654.1556        1.0127
    654.1599        1.0126
    654.1641        1.0124
    654.1683        1.0121
    654.1726        1.0119
    654.1768        1.0118
    654.1810        1.0113
    654.1853        1.0100
    654.1895        1.0074
    654.1938        1.0033
    654.1980        0.9985
    654.2022        0.9940
    654.2065        0.9893
    654.2107        0.9834
    654.2149        0.9773
    654.2192        0.9727
    654.2234        0.9703
    654.2276        0.9694
    654.2319        0.9698
    654.2361        0.9710
    654.2404        0.9732
    654.2446        0.9762
    654.2488        0.9796
    654.2531        0.9833
    654.2573        0.9882
    654.2615        0.9948
    654.2658        1.0008
    654.2700        1.0044
    654.2743        1.0055
    654.2785        1.0054
    654.2827        1.0050
    654.2870        1.0051
    654.2912        1.0056
    654.2954        1.0058
    654.2997        1.0059
    654.3039        1.0061
    654.3082        1.0063
    654.3124        1.0063
    654.3166        1.0062
    654.3209        1.0060
    654.3251        1.0062
    654.3293        1.0064
    654.3336        1.0064
    654.3378        1.0061
    654.3420        1.0051
    654.3463        1.0025
    654.3505        0.9978
    654.3548        0.9893
    654.3590        0.9752
    654.3632        0.9565
    654.3675        0.9380
    654.3717        0.9229
    654.3759        0.9104
    654.3802        0.8995
    654.3844        0.8910
    654.3887        0.8864
    654.3929        0.8863
    654.3971        0.8904
    654.4014        0.8977
    654.4056        0.9078
    654.4098        0.9199
    654.4141        0.9330
    654.4183        0.9460
    654.4226        0.9592
    654.4268        0.9730
    654.4310        0.9860
    654.4353        0.9958
    654.4395        1.0018
    654.4437        1.0051
    654.4480        1.0067
    654.4522        1.0077
    654.4564        1.0084
    654.4607        1.0086
    654.4649        1.0087
    654.4692        1.0089
    654.4734        1.0089
    654.4776        1.0082
    654.4819        1.0075
    654.4861        1.0072
    654.4903        1.0078
    654.4946        1.0088
    654.4988        1.0097
    654.5031        1.0102
    654.5073        1.0103
    654.5115        1.0102
    654.5158        1.0098
    654.5200        1.0091
    654.5242        1.0082
    654.5285        1.0072
    654.5327        1.0061
    654.5370        1.0050
    654.5412        1.0037
    654.5454        1.0021
    654.5497        1.0002
    654.5539        0.9981
    654.5581        0.9955
    654.5624        0.9926
    654.5666        0.9902
    654.5709        0.9887
    654.5751        0.9883
    654.5793        0.9888
    654.5836        0.9897
    654.5878        0.9908
    654.5920        0.9924
    654.5963        0.9941
    654.6005        0.9960
    654.6047        0.9978
    654.6090        1.0001
    654.6132        1.0027
    654.6175        1.0051
    654.6217        1.0072
    654.6259        1.0088
    654.6302        1.0100
    654.6344        1.0110
    654.6386        1.0113
    654.6429        1.0110
    654.6471        1.0105
    654.6514        1.0102
    654.6556        1.0101
    654.6598        1.0099
    654.6641        1.0095
    654.6683        1.0092
    654.6725        1.0091
    654.6768        1.0093
    654.6810        1.0096
    654.6853        1.0097
    654.6895        1.0095
    654.6937        1.0089
    654.6980        1.0082
    654.7022        1.0075
    654.7064        1.0072
    654.7107        1.0075
    654.7149        1.0075
    654.7191        1.0071
    654.7234        1.0061
    654.7276        1.0046
    654.7319        1.0023
    654.7361        0.9986
    654.7403        0.9918
    654.7446        0.9823
    654.7488        0.9734
    654.7530        0.9674
    654.7573        0.9634
    654.7615        0.9599
    654.7658        0.9575
    654.7700        0.9564
    654.7742        0.9563
    654.7785        0.9573
    654.7827        0.9598
    654.7869        0.9635
    654.7912        0.9689
    654.7954        0.9751
    654.7997        0.9808
    654.8039        0.9855
    654.8081        0.9898
    654.8124        0.9934
    654.8166        0.9953
    654.8208        0.9939
    654.8251        0.9883
    654.8293        0.9793
    654.8335        0.9692
    654.8378        0.9578
    654.8420        0.9445
    654.8463        0.9314
    654.8505        0.9214
    654.8547        0.9154
    654.8590        0.9129
    654.8632        0.9133
    654.8674        0.9159
    654.8717        0.9202
    654.8759        0.9255
    654.8802        0.9317
    654.8844        0.9393
    654.8886        0.9486
    654.8929        0.9596
    654.8971        0.9702
    654.9013        0.9781
    654.9056        0.9839
    654.9098        0.9888
    654.9141        0.9927
    654.9183        0.9952
    654.9225        0.9962
    654.9268        0.9962
    654.9310        0.9964
    654.9352        0.9976
    654.9395        0.9992
    654.9437        1.0011
    654.9480        1.0025
    654.9522        1.0035
    654.9564        1.0041
    654.9607        1.0043
    654.9649        1.0045
    654.9691        1.0046
    654.9734        1.0049
    654.9776        1.0051
    654.9818        1.0051
    654.9861        1.0050
    654.9903        1.0048
    654.9946        1.0043
    654.9988        1.0036
    655.0030        1.0029
    655.0073        1.0023
    655.0115        1.0017
    655.0157        1.0014
    655.0200        1.0016
    655.0242        1.0018
    655.0285        1.0022
    655.0327        1.0026
    655.0369        1.0030
    655.0412        1.0032
    655.0454        1.0033
    655.0496        1.0034
    655.0539        1.0034
    655.0581        1.0032
    655.0624        1.0031
    655.0666        1.0031
    655.0708        1.0035
    655.0751        1.0040
    655.0793        1.0042
    655.0835        1.0040
    655.0878        1.0039
    655.0920        1.0039
    655.0962        1.0039
    655.1005        1.0036
    655.1047        1.0026
    655.1090        1.0010
    655.1132        0.9995
    655.1174        0.9987
    655.1217        0.9994
    655.1259        1.0009
    655.1301        1.0023
    655.1344        1.0023
    655.1386        1.0011
    655.1429        0.9994
    655.1471        0.9978
    655.1513        0.9969
    655.1556        0.9966
    655.1598        0.9966
    655.1640        0.9963
    655.1683        0.9951
    655.1725        0.9931
    655.1768        0.9907
    655.1810        0.9888
    655.1852        0.9879
    655.1895        0.9875
    655.1937        0.9871
    655.1979        0.9862
    655.2022        0.9852
    655.2064        0.9845
    655.2106        0.9838
    655.2149        0.9821
    655.2191        0.9783
    655.2234        0.9720
    655.2276        0.9640
    655.2318        0.9550
    655.2361        0.9430
    655.2403        0.9272
    655.2445        0.9116
    655.2488        0.9004
    655.2530        0.8939
    655.2573        0.8903
    655.2615        0.8890
    655.2657        0.8895
    655.2700        0.8916
    655.2742        0.8952
    655.2784        0.9004
    655.2827        0.9085
    655.2869        0.9206
    655.2912        0.9357
    655.2954        0.9499
    655.2996        0.9605
    655.3039        0.9686
    655.3081        0.9755
    655.3123        0.9806
    655.3166        0.9838
    655.3208        0.9861
    655.3251        0.9876
    655.3293        0.9879
    655.3335        0.9868
    655.3378        0.9843
    655.3420        0.9807
    655.3462        0.9768
    655.3505        0.9720
    655.3547        0.9655
    655.3589        0.9585
    655.3632        0.9534
    655.3674        0.9509
    655.3717        0.9501
    655.3759        0.9503
    655.3801        0.9508
    655.3844        0.9513
    655.3886        0.9516
    655.3928        0.9523
    655.3971        0.9537
    655.4013        0.9563
    655.4056        0.9607
    655.4098        0.9654
    655.4140        0.9690
    655.4183        0.9711
    655.4225        0.9723
    655.4267        0.9731
    655.4310        0.9735
    655.4352        0.9736
    655.4395        0.9735
    655.4437        0.9734
    655.4479        0.9734
    655.4522        0.9733
    655.4564        0.9731
    655.4606        0.9729
    655.4649        0.9726
    655.4691        0.9721
    655.4733        0.9713
    655.4776        0.9705
    655.4818        0.9700
    655.4861        0.9691
    655.4903        0.9678
    655.4945        0.9667
    655.4988        0.9663
    655.5030        0.9666
    655.5072        0.9672
    655.5115        0.9675
    655.5157        0.9674
    655.5200        0.9668
    655.5242        0.9660
    655.5284        0.9655
    655.5327        0.9651
    655.5369        0.9649
    655.5411        0.9649
    655.5454        0.9650
    655.5496        0.9649
    655.5539        0.9648
    655.5581        0.9646
    655.5623        0.9644
    655.5666        0.9643
    655.5708        0.9641
    655.5750        0.9641
    655.5793        0.9641
    655.5835        0.9640
    655.5878        0.9641
    655.5920        0.9644
    655.5962        0.9646
    655.6005        0.9645
    655.6047        0.9640
    655.6089        0.9634
    655.6132        0.9629
    655.6174        0.9627
    655.6216        0.9627
    655.6259        0.9627
    655.6301        0.9626
    655.6344        0.9622
    655.6386        0.9614
    655.6428        0.9609
    655.6471        0.9612
    655.6513        0.9624
    655.6555        0.9644
    655.6598        0.9657
    655.6640        0.9658
    655.6683        0.9651
    655.6725        0.9639
    655.6767        0.9617
    655.6810        0.9575
    655.6852        0.9503
    655.6894        0.9411
    655.6937        0.9328
    655.6979        0.9267
    655.7022        0.9222
    655.7064        0.9188
    655.7106        0.9167
    655.7149        0.9163
    655.7191        0.9175
    655.7233        0.9199
    655.7276        0.9235
    655.7318        0.9284
    655.7360        0.9344
    655.7403        0.9407
    655.7445        0.9468
    655.7488        0.9533
    655.7530        0.9605
    655.7572        0.9672
    655.7615        0.9725
    655.7657        0.9762
    655.7699        0.9789
    655.7742        0.9803
    655.7784        0.9805
    655.7827        0.9789
    655.7869        0.9758
    655.7911        0.9733
    655.7954        0.9724
    655.7996        0.9729
    655.8038        0.9742
    655.8081        0.9758
    655.8123        0.9776
    655.8166        0.9796
    655.8208        0.9822
    655.8250        0.9852
    655.8293        0.9886
    655.8335        0.9924
    655.8377        0.9967
    655.8420        1.0015
    655.8462        1.0069
    655.8504        1.0132
    655.8547        1.0196
    655.8589        1.0253
    655.8632        1.0300
    655.8674        1.0342
    655.8716        1.0382
    655.8759        1.0422
    655.8801        1.0460
    655.8843        1.0493
    655.8886        1.0527
    655.8928        1.0564
    655.8971        1.0602
    655.9013        1.0639
    655.9055        1.0673
    655.9098        1.0704
    655.9140        1.0737
    655.9182        1.0769
    655.9225        1.0801
    655.9267        1.0833
    655.9310        1.0867
    655.9352        1.0903
    655.9394        1.0934
    655.9437        1.0957
    655.9479        1.0971
    655.9521        1.0981
    655.9564        1.0991
    655.9606        1.1007
    655.9649        1.1030
    655.9691        1.1055
    655.9733        1.1077
    655.9776        1.1095
    655.9818        1.1109
    655.9860        1.1123
    655.9903        1.1134
    655.9945        1.1145
    655.9987        1.1154
    656.0030        1.1157
    656.0072        1.1146
    656.0115        1.1117
    656.0157        1.1070
    656.0199        1.1014
    656.0242        1.0966
    656.0284        1.0927
    656.0326        1.0894
    656.0369        1.0864
    656.0411        1.0835
    656.0454        1.0810
    656.0496        1.0787
    656.0538        1.0761
    656.0581        1.0732
    656.0623        1.0708
    656.0665        1.0693
    656.0708        1.0678
    656.0750        1.0656
    656.0793        1.0626
    656.0835        1.0590
    656.0877        1.0550
    656.0920        1.0509
    656.0962        1.0469
    656.1004        1.0432
    656.1047        1.0394
    656.1089        1.0354
    656.1131        1.0307
    656.1174        1.0258
    656.1216        1.0208
    656.1259        1.0164
    656.1301        1.0128
    656.1343        1.0095
    656.1386        1.0060
    656.1428        1.0024
    656.1470        0.9992
    656.1513        0.9963
    656.1555        0.9929
    656.1598        0.9887
    656.1640        0.9836
    656.1682        0.9782
    656.1725        0.9728
    656.1767        0.9678
    656.1809        0.9627
    656.1852        0.9572
    656.1894        0.9516
    656.1937        0.9464
    656.1979        0.9416
    656.2021        0.9369
    656.2064        0.9319
    656.2106        0.9264
    656.2148        0.9203
    656.2191        0.9143
    656.2233        0.9090
    656.2275        0.9041
    656.2318        0.8994
    656.2360        0.8950
    656.2403        0.8912
    656.2445        0.8883
    656.2487        0.8863
    656.2530        0.8843
    656.2572        0.8818
    656.2614        0.8786
    656.2657        0.8755
    656.2699        0.8728
    656.2742        0.8706
    656.2784        0.8687
    656.2826        0.8671
    656.2869        0.8655
    656.2911        0.8637
    656.2953        0.8619
    656.2996        0.8601
    656.3038        0.8582
    656.3081        0.8558
    656.3123        0.8530
    656.3165        0.8499
    656.3208        0.8468
    656.3250        0.8434
    656.3292        0.8391
    656.3335        0.8350
    656.3377        0.8322
    656.3420        0.8314
    656.3462        0.8322
    656.3504        0.8335
    656.3547        0.8345
    656.3589        0.8352
    656.3631        0.8361
    656.3674        0.8369
    656.3716        0.8367
    656.3758        0.8356
    656.3801        0.8337
    656.3843        0.8316
    656.3886        0.8290
    656.3928        0.8244
    656.3970        0.8181
    656.4013        0.8128
    656.4055        0.8108
    656.4097        0.8122
    656.4140        0.8154
    656.4182        0.8204
    656.4225        0.8263
    656.4267        0.8327
    656.4309        0.8398
    656.4352        0.8479
    656.4394        0.8573
    656.4436        0.8684
    656.4479        0.8802
    656.4521        0.8914
    656.4564        0.9020
    656.4606        0.9129
    656.4648        0.9233
    656.4691        0.9325
    656.4733        0.9401
    656.4775        0.9464
    656.4818        0.9521
    656.4860        0.9581
    656.4902        0.9640
    656.4945        0.9694
    656.4987        0.9748
    656.5030        0.9805
    656.5072        0.9873
    656.5114        0.9946
    656.5157        1.0019
    656.5199        1.0086
    656.5241        1.0141
    656.5284        1.0189
    656.5326        1.0240
    656.5369        1.0301
    656.5411        1.0367
    656.5453        1.0434
    656.5496        1.0502
    656.5538        1.0568
    656.5580        1.0635
    656.5623        1.0700
    656.5665        1.0764
    656.5708        1.0822
    656.5750        1.0876
    656.5792        1.0925
    656.5835        1.0973
    656.5877        1.1023
    656.5919        1.1075
    656.5962        1.1124
    656.6004        1.1167
    656.6046        1.1204
    656.6089        1.1239
    656.6131        1.1271
    656.6174        1.1299
    656.6216        1.1316
    656.6258        1.1322
    656.6301        1.1321
    656.6343        1.1320
    656.6385        1.1325
    656.6428        1.1327
    656.6470        1.1329
    656.6513        1.1330
    656.6555        1.1332
    656.6597        1.1334
    656.6640        1.1337
    656.6682        1.1339
    656.6724        1.1336
    656.6767        1.1328
    656.6809        1.1320
    656.6852        1.1310
    656.6894        1.1299
    656.6936        1.1286
    656.6979        1.1271
    656.7021        1.1252
    656.7063        1.1231
    656.7106        1.1207
    656.7148        1.1182
    656.7191        1.1158
    656.7233        1.1133
    656.7275        1.1106
    656.7318        1.1079
    656.7360        1.1045
    656.7402        1.1005
    656.7445        1.0960
    656.7487        1.0915
    656.7529        1.0872
    656.7572        1.0830
    656.7614        1.0790
    656.7657        1.0749
    656.7699        1.0710
    656.7741        1.0670
    656.7784        1.0631
    656.7826        1.0595
    656.7868        1.0560
    656.7911        1.0530
    656.7953        1.0501
    656.7996        1.0471
    656.8038        1.0443
    656.8080        1.0412
    656.8123        1.0380
    656.8165        1.0343
    656.8207        1.0305
    656.8250        1.0266
    656.8292        1.0226
    656.8335        1.0185
    656.8377        1.0143
    656.8419        1.0102
    656.8462        1.0055
    656.8504        0.9998
    656.8546        0.9930
    656.8589        0.9859
    656.8631        0.9802
    656.8673        0.9762
    656.8716        0.9730
    656.8758        0.9707
    656.8801        0.9689
    656.8843        0.9676
    656.8885        0.9667
    656.8928        0.9662
    656.8970        0.9658
    656.9012        0.9655
    656.9055        0.9656
    656.9097        0.9660
    656.9140        0.9663
    656.9182        0.9669
    656.9224        0.9679
    656.9267        0.9687
    656.9309        0.9693
    656.9351        0.9699
    656.9394        0.9704
    656.9436        0.9707
    656.9479        0.9707
    656.9521        0.9702
    656.9563        0.9697
    656.9606        0.9692
    656.9648        0.9689
    656.9690        0.9685
    656.9733        0.9684
    656.9775        0.9682
    656.9817        0.9680
    656.9860        0.9677
    656.9902        0.9674
    656.9945        0.9672
    656.9987        0.9673
    657.0029        0.9678
    657.0072        0.9684
    657.0114        0.9687
    657.0156        0.9685
    657.0199        0.9684
    657.0241        0.9683
    657.0284        0.9679
    657.0326        0.9669
    657.0368        0.9657
    657.0411        0.9644
    657.0453        0.9634
    657.0495        0.9630
    657.0538        0.9629
    657.0580        0.9627
    657.0623        0.9626
    657.0665        0.9626
    657.0707        0.9629
    657.0750        0.9634
    657.0792        0.9639
    657.0834        0.9641
    657.0877        0.9646
    657.0919        0.9651
    657.0962        0.9663
    657.1004        0.9678
    657.1046        0.9696
    657.1089        0.9709
    657.1131        0.9716
    657.1173        0.9715
    657.1216        0.9714
    657.1258        0.9715
    657.1300        0.9724
    657.1343        0.9737
    657.1385        0.9750
    657.1428        0.9756
    657.1470        0.9757
    657.1512        0.9756
    657.1555        0.9748
    657.1597        0.9734
    657.1639        0.9706
    657.1682        0.9663
    657.1724        0.9610
    657.1767        0.9549
    657.1809        0.9462
    657.1851        0.9346
    657.1894        0.9239
    657.1936        0.9175
    657.1978        0.9151
    657.2021        0.9144
    657.2063        0.9150
    657.2106        0.9167
    657.2148        0.9188
    657.2190        0.9212
    657.2233        0.9247
    657.2275        0.9299
    657.2317        0.9372
    657.2360        0.9458
    657.2402        0.9541
    657.2444        0.9618
    657.2487        0.9697
    657.2529        0.9771
    657.2572        0.9831
    657.2614        0.9873
    657.2656        0.9902
    657.2699        0.9920
    657.2741        0.9931
    657.2783        0.9937
    657.2826        0.9937
    657.2868        0.9935
    657.2911        0.9936
    657.2953        0.9939
    657.2995        0.9939
    657.3038        0.9939
    657.3080        0.9941
    657.3122        0.9949
    657.3165        0.9959
    657.3207        0.9968
    657.3250        0.9969
    657.3292        0.9960
    657.3334        0.9946
    657.3377        0.9930
    657.3419        0.9919
    657.3461        0.9912
    657.3504        0.9906
    657.3546        0.9899
    657.3588        0.9893
    657.3631        0.9886
    657.3673        0.9882
    657.3716        0.9882
    657.3758        0.9888
    657.3800        0.9897
    657.3843        0.9909
    657.3885        0.9920
    657.3927        0.9932
    657.3970        0.9946
    657.4012        0.9959
    657.4055        0.9966
    657.4097        0.9970
    657.4139        0.9973
    657.4182        0.9973
    657.4224        0.9967
    657.4266        0.9955
    657.4309        0.9939
    657.4351        0.9917
    657.4394        0.9882
    657.4436        0.9827
    657.4478        0.9749
    657.4521        0.9659
    657.4563        0.9549
    657.4605        0.9391
    657.4648        0.9210
    657.4690        0.9069
    657.4733        0.8998
    657.4775        0.8973
    657.4817        0.8972
    657.4860        0.8989
    657.4902        0.9014
    657.4944        0.9041
    657.4987        0.9081
    657.5029        0.9141
    657.5071        0.9228
    657.5114        0.9340
    657.5156        0.9459
    657.5199        0.9567
    657.5241        0.9663
    657.5283        0.9753
    657.5326        0.9832
    657.5368        0.9894
    657.5410        0.9933
    657.5453        0.9955
    657.5495        0.9968
    657.5538        0.9982
    657.5580        0.9989
    657.5622        0.9986
    657.5665        0.9981
    657.5707        0.9977
    657.5749        0.9971
    657.5792        0.9963
    657.5834        0.9959
    657.5877        0.9960
    657.5919        0.9966
    657.5961        0.9971
    657.6004        0.9970
    657.6046        0.9962
    657.6088        0.9946
    657.6131        0.9930
    657.6173        0.9920
    657.6215        0.9917
    657.6258        0.9917
    657.6300        0.9919
    657.6343        0.9923
    657.6385        0.9927
    657.6427        0.9933
    657.6470        0.9941
    657.6512        0.9945
    657.6554        0.9946
    657.6597        0.9946
    657.6639        0.9945
    657.6682        0.9947
    657.6724        0.9954
    657.6766        0.9957
    657.6809        0.9959
    657.6851        0.9960
    657.6893        0.9961
    657.6936        0.9962
    657.6978        0.9965
    657.7021        0.9970
    657.7063        0.9972
    657.7105        0.9972
    657.7148        0.9970
    657.7190        0.9970
    657.7232        0.9970
    657.7275        0.9968
    657.7317        0.9966
    657.7359        0.9963
    657.7402        0.9960
    657.7444        0.9960
    657.7487        0.9962
    657.7529        0.9968
    657.7571        0.9980
    657.7614        0.9989
    657.7656        0.9993
    657.7698        0.9992
    657.7741        0.9989
    657.7783        0.9985
    657.7826        0.9980
    657.7868        0.9974
    657.7910        0.9968
    657.7953        0.9964
    657.7995        0.9962
    657.8037        0.9961
    657.8080        0.9960
    657.8122        0.9959
    657.8165        0.9957
    657.8207        0.9955
    657.8249        0.9950
    657.8292        0.9946
    657.8334        0.9946
    657.8376        0.9950
    657.8419        0.9960
    657.8461        0.9968
    657.8504        0.9973
    657.8546        0.9969
    657.8588        0.9962
    657.8631        0.9955
    657.8673        0.9948
    657.8715        0.9941
    657.8758        0.9933
    657.8800        0.9929
    657.8842        0.9927
    657.8885        0.9923
    657.8927        0.9919
    657.8970        0.9912
    657.9012        0.9908
    657.9054        0.9906
    657.9097        0.9905
    657.9139        0.9903
    657.9181        0.9894
    657.9224        0.9881
    657.9266        0.9871
    657.9309        0.9869
    657.9351        0.9880
    657.9393        0.9895
    657.9436        0.9910
    657.9478        0.9918
    657.9520        0.9921
    657.9563        0.9922
    657.9605        0.9922
    657.9648        0.9925
    657.9690        0.9927
    657.9732        0.9927
    657.9775        0.9924
    657.9817        0.9921
    657.9859        0.9921
    657.9902        0.9919
    657.9944        0.9916
    657.9986        0.9913
    658.0029        0.9911
    658.0071        0.9912
    658.0114        0.9910
    658.0156        0.9910
    658.0198        0.9911
    658.0241        0.9909
    658.0283        0.9901
    658.0325        0.9890
    658.0368        0.9877
    658.0410        0.9860
    658.0453        0.9835
    658.0495        0.9795
    658.0537        0.9740
    658.0580        0.9691
    658.0622        0.9656
    658.0664        0.9633
    658.0707        0.9614
    658.0749        0.9602
    658.0792        0.9601
    658.0834        0.9605
    658.0876        0.9614
    658.0919        0.9628
    658.0961        0.9651
    658.1003        0.9683
    658.1046        0.9719
    658.1088        0.9756
    658.1130        0.9791
    658.1173        0.9829
    658.1215        0.9863
    658.1258        0.9887
    658.1300        0.9905
    658.1342        0.9919
    658.1385        0.9929
    658.1427        0.9936
    658.1469        0.9938
    658.1512        0.9935
    658.1554        0.9929
    658.1597        0.9925
    658.1639        0.9916
    658.1681        0.9903
    658.1724        0.9891
    658.1766        0.9889
    658.1808        0.9897
    658.1851        0.9906
    658.1893        0.9912
    658.1936        0.9911
    658.1978        0.9903
    658.2020        0.9894
    658.2063        0.9888
    658.2105        0.9884
    658.2147        0.9882
    658.2190        0.9881
    658.2232        0.9883
    658.2275        0.9889
    658.2317        0.9897
    658.2359        0.9905
    658.2402        0.9905
    658.2444        0.9894
    658.2486        0.9876
    658.2529        0.9859
    658.2571        0.9854
    658.2613        0.9863
    658.2656        0.9881
    658.2698        0.9896
    658.2741        0.9900
    658.2783        0.9895
    658.2825        0.9889
    658.2868        0.9882
    658.2910        0.9873
    658.2952        0.9859
    658.2995        0.9842
    658.3037        0.9827
    658.3080        0.9810
    658.3122        0.9792
    658.3164        0.9774
    658.3207        0.9757
    658.3249        0.9736
    658.3291        0.9706
    658.3334        0.9681
    658.3376        0.9673
    658.3419        0.9682
    658.3461        0.9700
    658.3503        0.9720
    658.3546        0.9739
    658.3588        0.9761
    658.3630        0.9788
    658.3673        0.9812
    658.3715        0.9832
    658.3757        0.9848
    658.3800        0.9864
    658.3842        0.9882
    658.3885        0.9900
    658.3927        0.9920
    658.3969        0.9940
    658.4012        0.9956
    658.4054        0.9970
    658.4096        0.9983
    658.4139        0.9993
    658.4181        1.0001
    658.4224        1.0001
    658.4266        0.9996
    658.4308        0.9992
    658.4351        0.9993
    658.4393        1.0002
    658.4435        1.0015
    658.4478        1.0028
    658.4520        1.0035
    658.4563        1.0039
    658.4605        1.0042
    658.4647        1.0042
    658.4690        1.0041
    658.4732        1.0033
    658.4774        1.0022
    658.4817        1.0014
    658.4859        1.0010
    658.4901        1.0002
    658.4944        0.9991
    658.4986        0.9982
    658.5029        0.9979
    658.5071        0.9980
    658.5113        0.9983
    658.5156        0.9984
    658.5198        0.9983
    658.5240        0.9978
    658.5283        0.9973
    658.5325        0.9969
    658.5368        0.9966
    658.5410        0.9964
    658.5452        0.9963
    658.5495        0.9962
    658.5537        0.9960
    658.5579        0.9958
    658.5622        0.9953
    658.5664        0.9948
    658.5707        0.9944
    658.5749        0.9943
    658.5791        0.9946
    658.5834        0.9950
    658.5876        0.9960
    658.5918        0.9969
    658.5961        0.9974
    658.6003        0.9980
    658.6046        0.9987
    658.6088        0.9990
    658.6130        0.9975
    658.6173        0.9936
    658.6215        0.9872
    658.6257        0.9799
    658.6300        0.9736
    658.6342        0.9685
    658.6384        0.9637
    658.6427        0.9595
    658.6469        0.9567
    658.6512        0.9554
    658.6554        0.9553
    658.6596        0.9561
    658.6639        0.9574
    658.6681        0.9592
    658.6723        0.9616
    658.6766        0.9647
    658.6808        0.9684
    658.6851        0.9730
    658.6893        0.9778
    658.6935        0.9825
    658.6978        0.9866
    658.7020        0.9905
    658.7062        0.9942
    658.7105        0.9975
    658.7147        0.9999
    658.7190        1.0016
    658.7232        1.0028
    658.7274        1.0041
    658.7317        1.0050
    658.7359        1.0057
    658.7401        1.0060
    658.7444        1.0062
    658.7486        1.0065
    658.7528        1.0068
    658.7571        1.0071
    658.7613        1.0071
    658.7656        1.0062
    658.7698        1.0045
    658.7740        1.0033
    658.7783        1.0030
    658.7825        1.0039
    658.7867        1.0051
    658.7910        1.0061
    658.7952        1.0063
    658.7995        1.0060
    658.8037        1.0059
    658.8079        1.0057
    658.8122        1.0057
    658.8164        1.0056
    658.8206        1.0053
    658.8249        1.0046
    658.8291        1.0036
    658.8334        1.0024
    658.8376        1.0012
    658.8418        1.0004
    658.8461        1.0002
    658.8503        1.0002
    658.8545        1.0004
    658.8588        1.0006
    658.8630        1.0008
    658.8672        1.0013
    658.8715        1.0018
    658.8757        1.0025
    658.8800        1.0036
    658.8842        1.0049
    658.8884        1.0062
    658.8927        1.0075
    658.8969        1.0089
    658.9011        1.0102
    658.9054        1.0113
    658.9096        1.0118
    658.9139        1.0120
    658.9181        1.0121
    658.9223        1.0124
    658.9266        1.0130
    658.9308        1.0132
    658.9350        1.0131
    658.9393        1.0127
    658.9435        1.0124
    658.9478        1.0123
    658.9520        1.0120
    658.9562        1.0120
    658.9605        1.0122
    658.9647        1.0127
    658.9689        1.0130
    658.9732        1.0129
    658.9774        1.0124
    658.9817        1.0118
    658.9859        1.0112
    658.9901        1.0111
    658.9944        1.0111
    658.9986        1.0111
    659.0028        1.0110
    659.0071        1.0107
    659.0113        1.0110
    659.0155        1.0115
    659.0198        1.0122
    659.0240        1.0131
    659.0283        1.0144
    659.0325        1.0155
    659.0367        1.0158
    659.0410        1.0148
    659.0452        1.0131
    659.0494        1.0118
    659.0537        1.0113
    659.0579        1.0117
    659.0622        1.0124
    659.0664        1.0128
    659.0706        1.0128
    659.0749        1.0125
    659.0791        1.0121
    659.0833        1.0117
    659.0876        1.0112
    659.0918        1.0107
    659.0961        1.0103
    659.1003        1.0098
    659.1045        1.0094
    659.1088        1.0092
    659.1130        1.0092
    659.1172        1.0093
    659.1215        1.0094
    659.1257        1.0095
    659.1299        1.0095
    659.1342        1.0095
    659.1384        1.0094
    659.1427        1.0093
    659.1469        1.0094
    659.1511        1.0097
    659.1554        1.0106
    659.1596        1.0117
    659.1638        1.0126
    659.1681        1.0128
    659.1723        1.0126
    659.1766        1.0125
    659.1808        1.0127
    659.1850        1.0130
    659.1893        1.0133
    659.1935        1.0137
    659.1977        1.0136
    659.2020        1.0132
    659.2062        1.0127
    659.2105        1.0122
    659.2147        1.0119
    659.2189        1.0115
    659.2232        1.0105
    659.2274        1.0095
    659.2316        1.0091
    659.2359        1.0100
    659.2401        1.0117
    659.2444        1.0134
    659.2486        1.0139
    659.2528        1.0134
    659.2571        1.0125
    659.2613        1.0116
    659.2655        1.0109
    659.2698        1.0102
    659.2740        1.0096
    659.2782        1.0091
    659.2825        1.0085
    659.2867        1.0075
    659.2910        1.0061
    659.2952        1.0047
    659.2994        1.0041
    659.3037        1.0043
    659.3079        1.0047
    659.3121        1.0053
    659.3164        1.0056
    659.3206        1.0056
    659.3249        1.0057
    659.3291        1.0060
    659.3333        1.0067
    659.3376        1.0076
    659.3418        1.0082
    659.3460        1.0087
    659.3503        1.0090
    659.3545        1.0095
    659.3588        1.0100
    659.3630        1.0105
    659.3672        1.0110
    659.3715        1.0113
    659.3757        1.0114
    659.3799        1.0114
    659.3842        1.0116
    659.3884        1.0117
    659.3926        1.0113
    659.3969        1.0102
    659.4011        1.0081
    659.4054        1.0060
    659.4096        1.0039
    659.4138        1.0018
    659.4181        0.9992
    659.4223        0.9969
    659.4265        0.9954
    659.4308        0.9946
    659.4350        0.9941
    659.4393        0.9937
    659.4435        0.9937
    659.4477        0.9945
    659.4520        0.9963
    659.4562        0.9984
    659.4604        1.0001
    659.4647        1.0016
    659.4689        1.0031
    659.4732        1.0046
    659.4774        1.0062
    659.4816        1.0081
    659.4859        1.0100
    659.4901        1.0115
    659.4943        1.0123
    659.4986        1.0125
    659.5028        1.0124
    659.5070        1.0121
    659.5113        1.0114
    659.5155        1.0103
    659.5198        1.0091
    659.5240        1.0086
    659.5282        1.0089
    659.5325        1.0097
    659.5367        1.0108
    659.5409        1.0115
    659.5452        1.0117
    659.5494        1.0116
    659.5537        1.0114
    659.5579        1.0112
    659.5621        1.0110
    659.5664        1.0109
    659.5706        1.0108
    659.5748        1.0108
    659.5791        1.0105
    659.5833        1.0098
    659.5876        1.0090
    659.5918        1.0083
    659.5960        1.0080
    659.6003        1.0077
    659.6045        1.0073
    659.6087        1.0069
    659.6130        1.0065
    659.6172        1.0061
    659.6215        1.0059
    659.6257        1.0055
    659.6299        1.0048
    659.6342        1.0042
    659.6384        1.0042
    659.6426        1.0052
    659.6469        1.0069
    659.6511        1.0080
    659.6553        1.0084
    659.6596        1.0078
    659.6638        1.0066
    659.6681        1.0056
    659.6723        1.0051
    659.6765        1.0049
    659.6808        1.0051
    659.6850        1.0052
    659.6892        1.0056
    659.6935        1.0060
    659.6977        1.0063
    659.7020        1.0064
    659.7062        1.0063
    659.7104        1.0058
    659.7147        1.0055
    659.7189        1.0056
    659.7231        1.0066
    659.7274        1.0082
    659.7316        1.0095
    659.7359        1.0103
    659.7401        1.0104
    659.7443        1.0103
    659.7486        1.0102
    659.7528        1.0102
    659.7570        1.0100
    659.7613        1.0097
    659.7655        1.0094
    659.7697        1.0091
    659.7740        1.0087
    659.7782        1.0083
    659.7825        1.0081
    659.7867        1.0079
    659.7909        1.0077
    659.7952        1.0077
    659.7994        1.0080
    659.8036        1.0089
    659.8079        1.0097
    659.8121        1.0102
    659.8164        1.0105
    659.8206        1.0105
    659.8248        1.0102
    659.8291        1.0099
    659.8333        1.0098
    659.8375        1.0094
    659.8418        1.0088
    659.8460        1.0083
    659.8503        1.0082
    659.8545        1.0087
    659.8587        1.0090
    659.8630        1.0091
    659.8672        1.0091
    659.8714        1.0090
    659.8757        1.0088
    659.8799        1.0083
    659.8841        1.0076
    659.8884        1.0069
    659.8926        1.0059
    659.8969        1.0041
    659.9011        1.0008
    659.9053        0.9959
    659.9096        0.9912
    659.9138        0.9881
    659.9180        0.9862
    659.9223        0.9844
    659.9265        0.9831
    659.9308        0.9821
    659.9350        0.9814
    659.9392        0.9812
    659.9435        0.9816
    659.9477        0.9831
    659.9519        0.9855
    659.9562        0.9883
    659.9604        0.9908
    659.9647        0.9935
    659.9689        0.9967
    659.9731        0.9997
    659.9774        1.0018
    659.9816        1.0029
    659.9858        1.0032
    659.9901        1.0034
    659.9943        1.0042
    659.9986        1.0057
    660.0028        1.0072
    660.0070        1.0082
    660.0113        1.0083
    660.0155        1.0073
    660.0197        1.0061
    660.0240        1.0055
    660.0282        1.0057
    660.0324        1.0062
    660.0367        1.0063
    660.0409        1.0060
    660.0452        1.0058
    660.0494        1.0056
    660.0536        1.0056
    660.0579        1.0057
    660.0621        1.0057
    660.0663        1.0055
    660.0706        1.0056
    660.0748        1.0057
    660.0791        1.0062
    660.0833        1.0069
    660.0875        1.0076
    660.0918        1.0083
    660.0960        1.0086
    660.1002        1.0087
    660.1045        1.0091
    660.1087        1.0095
    660.1130        1.0100
    660.1172        1.0103
    660.1214        1.0104
    660.1257        1.0104
    660.1299        1.0099
    660.1341        1.0093
    660.1384        1.0086
    660.1426        1.0084
    660.1468        1.0088
    660.1511        1.0090
    660.1553        1.0083
    660.1596        1.0067
    660.1638        1.0047
    660.1680        1.0029
    660.1723        1.0012
    660.1765        0.9997
    660.1807        0.9980
    660.1850        0.9963
    660.1892        0.9947
    660.1935        0.9931
    660.1977        0.9918
    660.2019        0.9908
    660.2062        0.9903
    660.2104        0.9899
    660.2146        0.9897
    660.2189        0.9901
    660.2231        0.9913
    660.2274        0.9938
    660.2316        0.9964
    660.2358        0.9986
    660.2401        1.0006
    660.2443        1.0025
    660.2485        1.0041
    660.2528        1.0054
    660.2570        1.0063
    660.2612        1.0071
    660.2655        1.0076
    660.2697        1.0080
    660.2740        1.0082
    660.2782        1.0081
    660.2824        1.0078
    660.2867        1.0076
    660.2909        1.0073
    660.2951        1.0073
    660.2994        1.0075
    660.3036        1.0084
    660.3079        1.0092
    660.3121        1.0099
    660.3163        1.0099
    660.3206        1.0096
    660.3248        1.0092
    660.3290        1.0089
    660.3333        1.0086
    660.3375        1.0082
    660.3418        1.0076
    660.3460        1.0069
    660.3502        1.0060
    660.3545        1.0049
    660.3587        1.0037
    660.3629        1.0030
    660.3672        1.0031
    660.3714        1.0039
    660.3757        1.0048
    660.3799        1.0057
    660.3841        1.0062
    660.3884        1.0068
    660.3926        1.0074
    660.3968        1.0079
    660.4011        1.0085
    660.4053        1.0094
    660.4095        1.0100
    660.4138        1.0100
    660.4180        1.0091
    660.4223        1.0074
    660.4265        1.0061
    660.4307        1.0056
    660.4350        1.0058
    660.4392        1.0063
    660.4434        1.0065
    660.4477        1.0059
    660.4519        1.0041
    660.4562        1.0019
    660.4604        1.0005
    660.4646        1.0006
    660.4689        1.0017
    660.4731        1.0028
    660.4773        1.0032
    660.4816        1.0027
    660.4858        1.0016
    660.4901        1.0007
    660.4943        1.0005
    660.4985        1.0010
    660.5028        1.0020
    660.5070        1.0027
    660.5112        1.0028
    660.5155        1.0032
    660.5197        1.0040
    660.5239        1.0042
    660.5282        1.0033
    660.5324        1.0008
    660.5367        0.9978
    660.5409        0.9956
    660.5451        0.9947
    660.5494        0.9944
    660.5536        0.9944
    660.5578        0.9944
    660.5621        0.9946
    660.5663        0.9953
    660.5706        0.9962
    660.5748        0.9974
    660.5790        0.9990
    660.5833        1.0009
    660.5875        1.0025
    660.5917        1.0034
    660.5960        1.0035
    660.6002        1.0033
    660.6045        1.0031
    660.6087        1.0029
    660.6129        1.0022
    660.6172        1.0009
    660.6214        0.9999
    660.6256        0.9997
    660.6299        1.0003
    660.6341        1.0016
    660.6383        1.0028
    660.6426        1.0036
    660.6468        1.0043
    660.6511        1.0047
    660.6553        1.0048
    660.6595        1.0045
    660.6638        1.0037
    660.6680        1.0028
    660.6722        1.0023
    660.6765        1.0023
    660.6807        1.0026
    660.6850        1.0026
    660.6892        1.0022
    660.6934        1.0013
    660.6977        1.0004
    660.7019        0.9999
    660.7061        1.0002
    660.7104        1.0013
    660.7146        1.0026
    660.7189        1.0034
    660.7231        1.0032
    660.7273        1.0025
    660.7316        1.0018
    660.7358        1.0014
    660.7400        1.0014
    660.7443        1.0016
    660.7485        1.0017
    660.7528        1.0014
    660.7570        1.0006
    660.7612        0.9997
    660.7655        0.9992
    660.7697        0.9993
    660.7739        0.9994
    660.7782        0.9996
    660.7824        1.0000
    660.7866        1.0003
    660.7909        1.0007
    660.7951        1.0011
    660.7994        1.0013
    660.8036        1.0017
    660.8078        1.0021
    660.8121        1.0026
    660.8163        1.0030
    660.8205        1.0029
    660.8248        1.0023
    660.8290        1.0017
    660.8333        1.0015
    660.8375        1.0020
    660.8417        1.0025
    660.8460        1.0027
    660.8502        1.0026
    660.8544        1.0021
    660.8587        1.0017
    660.8629        1.0016
    660.8672        1.0018
    660.8714        1.0020
    660.8756        1.0023
    660.8799        1.0023
    660.8841        1.0025
    660.8883        1.0028
    660.8926        1.0027
    660.8968        1.0022
    660.9010        1.0012
    660.9053        0.9997
    660.9095        0.9985
    660.9138        0.9978
    660.9180        0.9977
    660.9222        0.9978
    660.9265        0.9982
    660.9307        0.9984
    660.9349        0.9984
    660.9392        0.9982
    660.9434        0.9978
    660.9477        0.9975
    660.9519        0.9972
    660.9561        0.9971
    660.9604        0.9971
    660.9646        0.9970
    660.9688        0.9972
    660.9731        0.9974
    660.9773        0.9976
    660.9816        0.9978
    660.9858        0.9978
    660.9900        0.9976
    660.9943        0.9976
    660.9985        0.9978
    661.0027        0.9978
    661.0070        0.9978
    661.0112        0.9980
    661.0154        0.9986
    661.0197        0.9994
    661.0239        1.0002
    661.0282        1.0010
    661.0324        1.0017
    661.0366        1.0022
    661.0409        1.0023
    661.0451        1.0020
    661.0493        1.0018
    661.0536        1.0020
    661.0578        1.0021
    661.0621        1.0021
    661.0663        1.0019
    661.0705        1.0016
    661.0748        1.0012
    661.0790        1.0007
    661.0832        1.0001
    661.0875        0.9996
    661.0917        0.9995
    661.0960        0.9997
    661.1002        1.0001
    661.1044        1.0004
    661.1087        1.0005
    661.1129        1.0007
    661.1171        1.0009
    661.1214        1.0007
    661.1256        1.0003
    661.1299        0.9997
    661.1341        0.9992
    661.1383        0.9990
    661.1426        0.9993
    661.1468        0.9999
    661.1510        1.0002
    661.1553        1.0000
    661.1595        0.9990
    661.1637        0.9978
    661.1680        0.9970
    661.1722        0.9971
    661.1765        0.9978
    661.1807        0.9985
    661.1849        0.9986
    661.1892        0.9982
    661.1934        0.9978
    661.1976        0.9978
    661.2019        0.9980
    661.2061        0.9985
    661.2104        0.9994
    661.2146        1.0000
    661.2188        0.9994
    661.2231        0.9975
    661.2273        0.9951
    661.2315        0.9930
    661.2358        0.9917
    661.2400        0.9908
    661.2443        0.9898
    661.2485        0.9890
    661.2527        0.9888
    661.2570        0.9894
    661.2612        0.9909
    661.2654        0.9928
    661.2697        0.9944
    661.2739        0.9957
    661.2781        0.9969
    661.2824        0.9979
    661.2866        0.9994
    661.2909        1.0009
    661.2951        1.0022
    661.2993        1.0029
    661.3036        1.0027
    661.3078        1.0021
    661.3120        1.0017
    661.3163        1.0015
    661.3205        1.0014
    661.3248        1.0011
    661.3290        1.0007
    661.3332        1.0008
    661.3375        1.0012
    661.3417        1.0018
    661.3459        1.0021
    661.3502        1.0016
    661.3544        1.0007
    661.3587        0.9997
    661.3629        0.9995
    661.3671        0.9999
    661.3714        1.0007
    661.3756        1.0013
    661.3798        1.0017
    661.3841        1.0015
    661.3883        1.0011
    661.3925        1.0007
    661.3968        1.0008
    661.4010        1.0016
    661.4053        1.0024
    661.4095        1.0030
    661.4137        1.0030
    661.4180        1.0030
    661.4222        1.0034
    661.4264        1.0037
    661.4307        1.0042
    661.4349        1.0046
    661.4392        1.0048
    661.4434        1.0046
    661.4476        1.0037
    661.4519        1.0025
    661.4561        1.0014
    661.4603        1.0010
    661.4646        1.0013
    661.4688        1.0022
    661.4731        1.0029
    661.4773        1.0033
    661.4815        1.0033
    661.4858        1.0033
    661.4900        1.0034
    661.4942        1.0037
    661.4985        1.0036
    661.5027        1.0033
    661.5070        1.0029
    661.5112        1.0026
    661.5154        1.0022
    661.5197        1.0020
    661.5239        1.0018
    661.5281        1.0012
    661.5324        1.0002
    661.5366        0.9995
    661.5408        0.9992
    661.5451        0.9996
    661.5493        1.0000
    661.5536        1.0004
    661.5578        1.0003
    661.5620        0.9998
    661.5663        0.9994
    661.5705        0.9994
    661.5747        1.0000
    661.5790        1.0006
