    650.3352        0.9990
    650.3394        0.9948
    650.3435        0.9920
    650.3477        0.9895
    650.3518        0.9869
    650.3560        0.9848
    650.3601        0.9848
    650.3642        0.9880
    650.3684        0.9937
    650.3725        0.9992
    650.3767        1.0019
    650.3808        1.0003
    650.3850        0.9948
    650.3891        0.9872
    650.3933        0.9793
    650.3974        0.9726
    650.4016        0.9680
    650.4057        0.9656
    650.4098        0.9656
    650.4140        0.9685
    650.4181        0.9753
    650.4223        0.9865
    650.4264        1.0007
    650.4306        1.0148
    650.4347        1.0256
    650.4389        1.0311
    650.4430        1.0325
    650.4472        1.0322
    650.4513        1.0327
    650.4555        1.0346
    650.4596        1.0367
    650.4637        1.0369
    650.4679        1.0340
    650.4720        1.0285
    650.4762        1.0224
    650.4803        1.0183
    650.4845        1.0179
    650.4886        1.0208
    650.4928        1.0250
    650.4969        1.0280
    650.5011        1.0291
    650.5052        1.0288
    650.5094        1.0279
    650.5135        1.0268
    650.5176        1.0256
    650.5218        1.0248
    650.5259        1.0249
    650.5301        1.0260
    650.5342        1.0270
    650.5384        1.0269
    650.5425        1.0250
    650.5467        1.0219
    650.5508        1.0188
    650.5550        1.0167
    650.5591        1.0154
    650.5632        1.0139
    650.5674        1.0106
    650.5715        1.0051
    650.5757        0.9990
    650.5798        0.9950
    650.5840        0.9947
    650.5881        0.9974
    650.5923        1.0010
    650.5964        1.0042
    650.6006        1.0076
    650.6047        1.0127
    650.6089        1.0202
    650.6130        1.0286
    650.6171        1.0354
    650.6213        1.0389
    650.6254        1.0392
    650.6296        1.0379
    650.6337        1.0376
    650.6379        1.0395
    650.6420        1.0430
    650.6462        1.0456
    650.6503        1.0445
    650.6545        1.0389
    650.6586        1.0304
    650.6628        1.0218
    650.6669        1.0152
    650.6710        1.0113
    650.6752        1.0091
    650.6793        1.0083
    650.6835        1.0092
    650.6876        1.0126
    650.6918        1.0186
    650.6959        1.0265
    650.7001        1.0352
    650.7042        1.0444
    650.7084        1.0533
    650.7125        1.0601
    650.7166        1.0623
    650.7208        1.0588
    650.7249        1.0505
    650.7291        1.0401
    650.7332        1.0302
    650.7374        1.0224
    650.7415        1.0176
    650.7457        1.0161
    650.7498        1.0175
    650.7540        1.0208
    650.7581        1.0238
    650.7623        1.0246
    650.7664        1.0225
    650.7705        1.0190
    650.7747        1.0169
    650.7788        1.0179
    650.7830        1.0220
    650.7871        1.0269
    650.7913        1.0300
    650.7954        1.0296
    650.7996        1.0260
    650.8037        1.0208
    650.8079        1.0159
    650.8120        1.0126
    650.8161        1.0112
    650.8203        1.0117
    650.8244        1.0140
    650.8286        1.0181
    650.8327        1.0230
    650.8369        1.0272
    650.8410        1.0288
    650.8452        1.0271
    650.8493        1.0225
    650.8535        1.0166
    650.8576        1.0110
    650.8618        1.0062
    650.8659        1.0026
    650.8700        0.9997
    650.8742        0.9978
    650.8783        0.9979
    650.8825        1.0013
    650.8866        1.0085
    650.8908        1.0181
    650.8949        1.0274
    650.8991        1.0338
    650.9032        1.0357
    650.9074        1.0330
    650.9115        1.0268
    650.9157        1.0199
    650.9198        1.0157
    650.9239        1.0163
    650.9281        1.0210
    650.9322        1.0269
    650.9364        1.0304
    650.9405        1.0291
    650.9447        1.0232
    650.9488        1.0155
    650.9530        1.0098
    650.9571        1.0095
    650.9613        1.0154
    650.9654        1.0252
    650.9695        1.0353
    650.9737        1.0427
    650.9778        1.0466
    650.9820        1.0483
    650.9861        1.0492
    650.9903        1.0499
    650.9944        1.0498
    650.9986        1.0489
    651.0027        1.0475
    651.0069        1.0464
    651.0110        1.0462
    651.0152        1.0465
    651.0193        1.0470
    651.0234        1.0467
    651.0276        1.0452
    651.0317        1.0426
    651.0359        1.0399
    651.0400        1.0375
    651.0442        1.0349
    651.0483        1.0309
    651.0525        1.0250
    651.0566        1.0171
    651.0608        1.0084
    651.0649        1.0004
    651.0690        0.9953
    651.0732        0.9952
    651.0773        1.0005
    651.0815        1.0091
    651.0856        1.0165
    651.0898        1.0189
    651.0939        1.0152
    651.0981        1.0081
    651.1022        1.0024
    651.1064        1.0013
    651.1105        1.0054
    651.1147        1.0127
    651.1188        1.0208
    651.1229        1.0281
    651.1271        1.0342
    651.1312        1.0390
    651.1354        1.0422
    651.1395        1.0436
    651.1437        1.0429
    651.1478        1.0402
    651.1520        1.0356
    651.1561        1.0291
    651.1603        1.0207
    651.1644        1.0108
    651.1686        1.0009
    651.1727        0.9932
    651.1768        0.9890
    651.1810        0.9877
    651.1851        0.9877
    651.1893        0.9877
    651.1934        0.9873
    651.1976        0.9870
    651.2017        0.9872
    651.2059        0.9877
    651.2100        0.9882
    651.2142        0.9889
    651.2183        0.9907
    651.2224        0.9948
    651.2266        1.0016
    651.2307        1.0098
    651.2349        1.0175
    651.2390        1.0228
    651.2432        1.0249
    651.2473        1.0248
    651.2515        1.0244
    651.2556        1.0249
    651.2598        1.0267
    651.2639        1.0284
    651.2681        1.0281
    651.2722        1.0244
    651.2763        1.0175
    651.2805        1.0097
    651.2846        1.0042
    651.2888        1.0035
    651.2929        1.0082
    651.2971        1.0165
    651.3012        1.0254
    651.3054        1.0318
    651.3095        1.0336
    651.3137        1.0301
    651.3178        1.0218
    651.3220        1.0104
    651.3261        0.9981
    651.3302        0.9871
    651.3344        0.9791
    651.3385        0.9754
    651.3427        0.9770
    651.3468        0.9839
    651.3510        0.9953
    651.3551        1.0094
    651.3593        1.0233
    651.3634        1.0341
    651.3676        1.0393
    651.3717        1.0380
    651.3758        1.0313
    651.3800        1.0222
    651.3841        1.0142
    651.3883        1.0095
    651.3924        1.0086
    651.3966        1.0110
    651.4007        1.0152
    651.4049        1.0190
    651.4090        1.0196
    651.4132        1.0150
    651.4173        1.0048
    651.4215        0.9911
    651.4256        0.9763
    651.4297        0.9622
    651.4339        0.9496
    651.4380        0.9388
    651.4422        0.9304
    651.4463        0.9253
    651.4505        0.9239
    651.4546        0.9265
    651.4588        0.9335
    651.4629        0.9444
    651.4671        0.9575
    651.4712        0.9697
    651.4753        0.9785
    651.4795        0.9834
    651.4836        0.9862
    651.4878        0.9893
    651.4919        0.9941
    651.4961        1.0001
    651.5002        1.0066
    651.5044        1.0128
    651.5085        1.0181
    651.5127        1.0212
    651.5168        1.0209
    651.5210        1.0164
    651.5251        1.0093
    651.5292        1.0022
    651.5334        0.9972
    651.5375        0.9944
    651.5417        0.9925
    651.5458        0.9906
    651.5500        0.9886
    651.5541        0.9868
    651.5583        0.9854
    651.5624        0.9835
    651.5666        0.9810
    651.5707        0.9781
    651.5749        0.9759
    651.5790        0.9754
    651.5831        0.9765
    651.5873        0.9781
    651.5914        0.9780
    651.5956        0.9738
    651.5997        0.9647
    651.6039        0.9512
    651.6080        0.9344
    651.6122        0.9160
    651.6163        0.8975
    651.6205        0.8805
    651.6246        0.8659
    651.6287        0.8535
    651.6329        0.8423
    651.6370        0.8322
    651.6412        0.8243
    651.6453        0.8203
    651.6495        0.8208
    651.6536        0.8249
    651.6578        0.8318
    651.6619        0.8416
    651.6661        0.8546
    651.6702        0.8702
    651.6744        0.8868
    651.6785        0.9030
    651.6826        0.9179
    651.6868        0.9304
    651.6909        0.9397
    651.6951        0.9451
    651.6992        0.9469
    651.7034        0.9462
    651.7075        0.9452
    651.7117        0.9472
    651.7158        0.9549
    651.7200        0.9687
    651.7241        0.9857
    651.7283        1.0003
    651.7324        1.0074
    651.7365        1.0056
    651.7407        0.9970
    651.7448        0.9854
    651.7490        0.9738
    651.7531        0.9630
    651.7573        0.9524
    651.7614        0.9419
    651.7656        0.9332
    651.7697        0.9290
    651.7739        0.9315
    651.7780        0.9406
    651.7821        0.9539
    651.7863        0.9683
    651.7904        0.9815
    651.7946        0.9933
    651.7987        1.0041
    651.8029        1.0143
    651.8070        1.0231
    651.8112        1.0288
    651.8153        1.0297
    651.8195        1.0258
    651.8236        1.0186
    651.8278        1.0106
    651.8319        1.0038
    651.8360        0.9992
    651.8402        0.9963
    651.8443        0.9949
    651.8485        0.9951
    651.8526        0.9972
    651.8568        1.0012
    651.8609        1.0064
    651.8651        1.0118
    651.8692        1.0156
    651.8734        1.0170
    651.8775        1.0165
    651.8816        1.0153
    651.8858        1.0146
    651.8899        1.0139
    651.8941        1.0121
    651.8982        1.0092
    651.9024        1.0068
    651.9065        1.0061
    651.9107        1.0064
    651.9148        1.0047
    651.9190        0.9979
    651.9231        0.9853
    651.9273        0.9699
    651.9314        0.9565
    651.9355        0.9494
    651.9397        0.9507
    651.9438        0.9588
    651.9480        0.9697
    651.9521        0.9789
    651.9563        0.9841
    651.9604        0.9860
    651.9646        0.9874
    651.9687        0.9908
    651.9729        0.9973
    651.9770        1.0056
    651.9812        1.0129
    651.9853        1.0165
    651.9894        1.0156
    651.9936        1.0114
    651.9977        1.0070
    652.0019        1.0043
    652.0060        1.0036
    652.0102        1.0038
    652.0143        1.0046
    652.0185        1.0065
    652.0226        1.0108
    652.0268        1.0174
    652.0309        1.0251
    652.0350        1.0322
    652.0392        1.0371
    652.0433        1.0397
    652.0475        1.0408
    652.0516        1.0420
    652.0558        1.0445
    652.0599        1.0479
    652.0641        1.0507
    652.0682        1.0512
    652.0724        1.0488
    652.0765        1.0444
    652.0807        1.0395
    652.0848        1.0356
    652.0889        1.0332
    652.0931        1.0324
    652.0972        1.0334
    652.1014        1.0362
    652.1055        1.0405
    652.1097        1.0450
    652.1138        1.0484
    652.1180        1.0501
    652.1221        1.0504
    652.1263        1.0503
    652.1304        1.0496
    652.1346        1.0481
    652.1387        1.0460
    652.1428        1.0445
    652.1470        1.0444
    652.1511        1.0448
    652.1553        1.0441
    652.1594        1.0412
    652.1636        1.0361
    652.1677        1.0299
    652.1719        1.0240
    652.1760        1.0196
    652.1802        1.0172
    652.1843        1.0162
    652.1884        1.0149
    652.1926        1.0122
    652.1967        1.0081
    652.2009        1.0045
    652.2050        1.0033
    652.2092        1.0045
    652.2133        1.0066
    652.2175        1.0076
    652.2216        1.0068
    652.2258        1.0058
    652.2299        1.0069
    652.2341        1.0119
    652.2382        1.0210
    652.2423        1.0320
    652.2465        1.0418
    652.2506        1.0475
    652.2548        1.0482
    652.2589        1.0450
    652.2631        1.0399
    652.2672        1.0337
    652.2714        1.0270
    652.2755        1.0210
    652.2797        1.0173
    652.2838        1.0162
    652.2879        1.0164
    652.2921        1.0161
    652.2962        1.0147
    652.3004        1.0129
    652.3045        1.0122
    652.3087        1.0139
    652.3128        1.0181
    652.3170        1.0236
    652.3211        1.0288
    652.3253        1.0318
    652.3294        1.0315
    652.3336        1.0273
    652.3377        1.0196
    652.3418        1.0087
    652.3460        0.9947
    652.3501        0.9781
    652.3543        0.9607
    652.3584        0.9455
    652.3626        0.9361
    652.3667        0.9346
    652.3709        0.9401
    652.3750        0.9493
    652.3792        0.9584
    652.3833        0.9647
    652.3875        0.9675
    652.3916        0.9685
    652.3957        0.9703
    652.3999        0.9750
    652.4040        0.9836
    652.4082        0.9951
    652.4123        1.0068
    652.4165        1.0158
    652.4206        1.0199
    652.4248        1.0185
    652.4289        1.0131
    652.4331        1.0059
    652.4372        0.9988
    652.4413        0.9930
    652.4455        0.9895
    652.4496        0.9899
    652.4538        0.9959
    652.4579        1.0072
    652.4621        1.0207
    652.4662        1.0318
    652.4704        1.0369
    652.4745        1.0359
    652.4787        1.0317
    652.4828        1.0280
    652.4870        1.0272
    652.4911        1.0292
    652.4952        1.0327
    652.4994        1.0366
    652.5035        1.0401
    652.5077        1.0419
    652.5118        1.0404
    652.5160        1.0350
    652.5201        1.0274
    652.5243        1.0204
    652.5284        1.0158
    652.5326        1.0137
    652.5367        1.0129
    652.5409        1.0119
    652.5450        1.0101
    652.5491        1.0077
    652.5533        1.0055
    652.5574        1.0044
    652.5616        1.0054
    652.5657        1.0091
    652.5699        1.0157
    652.5740        1.0246
    652.5782        1.0340
    652.5823        1.0417
    652.5865        1.0454
    652.5906        1.0445
    652.5947        1.0396
    652.5989        1.0330
    652.6030        1.0269
    652.6072        1.0223
    652.6113        1.0185
    652.6155        1.0148
    652.6196        1.0109
    652.6238        1.0078
    652.6279        1.0060
    652.6321        1.0055
    652.6362        1.0069
    652.6404        1.0116
    652.6445        1.0208
    652.6486        1.0343
    652.6528        1.0503
    652.6569        1.0658
    652.6611        1.0776
    652.6652        1.0837
    652.6694        1.0829
    652.6735        1.0755
    652.6777        1.0627
    652.6818        1.0471
    652.6860        1.0315
    652.6901        1.0187
    652.6942        1.0100
    652.6984        1.0058
    652.7025        1.0055
    652.7067        1.0082
    652.7108        1.0133
    652.7150        1.0200
    652.7191        1.0268
    652.7233        1.0318
    652.7274        1.0338
    652.7316        1.0328
    652.7357        1.0301
    652.7399        1.0273
    652.7440        1.0259
    652.7481        1.0269
    652.7523        1.0305
    652.7564        1.0361
    652.7606        1.0419
    652.7647        1.0459
    652.7689        1.0471
    652.7730        1.0461
    652.7772        1.0442
    652.7813        1.0422
    652.7855        1.0407
    652.7896        1.0396
    652.7938        1.0384
    652.7979        1.0367
    652.8020        1.0337
    652.8062        1.0296
    652.8103        1.0256
    652.8145        1.0238
    652.8186        1.0260
    652.8228        1.0326
    652.8269        1.0411
    652.8311        1.0477
    652.8352        1.0489
    652.8394        1.0442
    652.8435        1.0364
    652.8476        1.0299
    652.8518        1.0284
    652.8559        1.0331
    652.8601        1.0416
    652.8642        1.0499
    652.8684        1.0547
    652.8725        1.0550
    652.8767        1.0523
    652.8808        1.0489
    652.8850        1.0467
    652.8891        1.0462
    652.8933        1.0470
    652.8974        1.0483
    652.9015        1.0491
    652.9057        1.0492
    652.9098        1.0482
    652.9140        1.0466
    652.9181        1.0447
    652.9223        1.0430
    652.9264        1.0426
    652.9306        1.0442
    652.9347        1.0489
    652.9389        1.0563
    652.9430        1.0646
    652.9472        1.0704
    652.9513        1.0706
    652.9554        1.0644
    652.9596        1.0535
    652.9637        1.0419
    652.9679        1.0338
    652.9720        1.0319
    652.9762        1.0370
    652.9803        1.0472
    652.9845        1.0593
    652.9886        1.0699
    652.9928        1.0763
    652.9969        1.0776
    653.0010        1.0735
    653.0052        1.0647
    653.0093        1.0527
    653.0135        1.0395
    653.0176        1.0283
    653.0218        1.0213
    653.0259        1.0195
    653.0301        1.0213
    653.0342        1.0240
    653.0384        1.0255
    653.0425        1.0252
    653.0467        1.0235
    653.0508        1.0211
    653.0549        1.0189
    653.0591        1.0179
    653.0632        1.0194
    653.0674        1.0244
    653.0715        1.0327
    653.0757        1.0428
    653.0798        1.0524
    653.0840        1.0598
    653.0881        1.0647
    653.0923        1.0674
    653.0964        1.0686
    653.1005        1.0680
    653.1047        1.0650
    653.1088        1.0587
    653.1130        1.0495
    653.1171        1.0383
    653.1213        1.0263
    653.1254        1.0147
    653.1296        1.0046
    653.1337        0.9970
    653.1379        0.9935
    653.1420        0.9956
    653.1462        1.0040
    653.1503        1.0175
    653.1544        1.0333
    653.1586        1.0479
    653.1627        1.0588
    653.1669        1.0644
    653.1710        1.0640
    653.1752        1.0579
    653.1793        1.0475
    653.1835        1.0353
    653.1876        1.0233
    653.1918        1.0122
    653.1959        1.0013
    653.2001        0.9902
    653.2042        0.9790
    653.2083        0.9685
    653.2125        0.9589
    653.2166        0.9499
    653.2208        0.9418
    653.2249        0.9361
    653.2291        0.9350
    653.2332        0.9404
    653.2374        0.9520
    653.2415        0.9675
    653.2457        0.9831
    653.2498        0.9954
    653.2539        1.0030
    653.2581        1.0065
    653.2622        1.0082
    653.2664        1.0100
    653.2705        1.0134
    653.2747        1.0192
    653.2788        1.0274
    653.2830        1.0368
    653.2871        1.0456
    653.2913        1.0517
    653.2954        1.0536
    653.2996        1.0509
    653.3037        1.0448
    653.3078        1.0372
    653.3120        1.0306
    653.3161        1.0269
    653.3203        1.0268
    653.3244        1.0296
    653.3286        1.0330
    653.3327        1.0345
    653.3369        1.0325
    653.3410        1.0272
    653.3452        1.0200
    653.3493        1.0130
    653.3535        1.0074
    653.3576        1.0038
    653.3617        1.0017
    653.3659        0.9997
    653.3700        0.9965
    653.3742        0.9912
    653.3783        0.9837
    653.3825        0.9747
    653.3866        0.9659
    653.3908        0.9600
    653.3949        0.9591
    653.3991        0.9634
    653.4032        0.9712
    653.4073        0.9794
    653.4115        0.9855
    653.4156        0.9882
    653.4198        0.9875
    653.4239        0.9846
    653.4281        0.9821
    653.4322        0.9824
    653.4364        0.9864
    653.4405        0.9932
    653.4447        1.0005
    653.4488        1.0066
    653.4530        1.0114
    653.4571        1.0152
    653.4612        1.0183
    653.4654        1.0201
    653.4695        1.0203
    653.4737        1.0189
    653.4778        1.0160
    653.4820        1.0122
    653.4861        1.0081
    653.4903        1.0053
    653.4944        1.0050
    653.4986        1.0077
    653.5027        1.0115
    653.5068        1.0141
    653.5110        1.0143
    653.5151        1.0129
    653.5193        1.0118
    653.5234        1.0121
    653.5276        1.0138
    653.5317        1.0167
    653.5359        1.0203
    653.5400        1.0240
    653.5442        1.0262
    653.5483        1.0264
    653.5525        1.0248
    653.5566        1.0229
    653.5607        1.0217
    653.5649        1.0216
    653.5690        1.0223
    653.5732        1.0234
    653.5773        1.0249
    653.5815        1.0262
    653.5856        1.0271
    653.5898        1.0275
    653.5939        1.0283
    653.5981        1.0304
    653.6022        1.0336
    653.6064        1.0366
    653.6105        1.0380
    653.6146        1.0369
    653.6188        1.0333
    653.6229        1.0274
    653.6271        1.0192
    653.6312        1.0095
    653.6354        1.0001
    653.6395        0.9926
    653.6437        0.9877
    653.6478        0.9849
    653.6520        0.9833
    653.6561        0.9825
    653.6602        0.9830
    653.6644        0.9855
    653.6685        0.9902
    653.6727        0.9962
    653.6768        1.0022
    653.6810        1.0075
    653.6851        1.0125
    653.6893        1.0184
    653.6934        1.0257
    653.6976        1.0333
    653.7017        1.0388
    653.7059        1.0400
    653.7100        1.0367
    653.7141        1.0310
    653.7183        1.0262
    653.7224        1.0244
    653.7266        1.0257
    653.7307        1.0288
    653.7349        1.0318
    653.7390        1.0337
    653.7432        1.0347
    653.7473        1.0355
    653.7515        1.0366
    653.7556        1.0384
    653.7597        1.0406
    653.7639        1.0427
    653.7680        1.0443
    653.7722        1.0451
    653.7763        1.0450
    653.7805        1.0435
    653.7846        1.0399
    653.7888        1.0339
    653.7929        1.0263
    653.7971        1.0195
    653.8012        1.0158
    653.8054        1.0163
    653.8095        1.0200
    653.8136        1.0252
    653.8178        1.0308
    653.8219        1.0365
    653.8261        1.0423
    653.8302        1.0475
    653.8344        1.0508
    653.8385        1.0520
    653.8427        1.0514
    653.8468        1.0498
    653.8510        1.0468
    653.8551        1.0419
    653.8593        1.0347
    653.8634        1.0259
    653.8675        1.0172
    653.8717        1.0110
    653.8758        1.0089
    653.8800        1.0107
    653.8841        1.0146
    653.8883        1.0188
    653.8924        1.0228
    653.8966        1.0271
    653.9007        1.0316
    653.9049        1.0349
    653.9090        1.0354
    653.9131        1.0322
    653.9173        1.0261
    653.9214        1.0189
    653.9256        1.0124
    653.9297        1.0076
    653.9339        1.0039
    653.9380        0.9998
    653.9422        0.9944
    653.9463        0.9886
    653.9505        0.9847
    653.9546        0.9846
    653.9588        0.9881
    653.9629        0.9932
    653.9670        0.9979
    653.9712        1.0008
    653.9753        1.0016
    653.9795        1.0011
    653.9836        1.0002
    653.9878        1.0005
    653.9919        1.0027
    653.9961        1.0070
    654.0002        1.0126
    654.0044        1.0182
    654.0085        1.0229
    654.0127        1.0261
    654.0168        1.0275
    654.0209        1.0267
    654.0251        1.0235
    654.0292        1.0179
    654.0334        1.0107
    654.0375        1.0035
    654.0417        0.9979
    654.0458        0.9956
    654.0500        0.9973
    654.0541        1.0031
    654.0583        1.0114
    654.0624        1.0205
    654.0665        1.0288
    654.0707        1.0351
    654.0748        1.0379
    654.0790        1.0361
    654.0831        1.0303
    654.0873        1.0225
    654.0914        1.0159
    654.0956        1.0126
    654.0997        1.0129
    654.1039        1.0157
    654.1080        1.0191
    654.1122        1.0217
    654.1163        1.0228
    654.1204        1.0231
    654.1246        1.0238
    654.1287        1.0260
    654.1329        1.0294
    654.1370        1.0322
    654.1412        1.0330
    654.1453        1.0312
    654.1495        1.0277
    654.1536        1.0241
    654.1578        1.0212
    654.1619        1.0193
    654.1660        1.0182
    654.1702        1.0177
    654.1743        1.0170
    654.1785        1.0148
    654.1826        1.0097
    654.1868        1.0022
    654.1909        0.9948
    654.1951        0.9908
    654.1992        0.9917
    654.2034        0.9961
    654.2075        0.9999
    654.2117        0.9994
    654.2158        0.9934
    654.2199        0.9840
    654.2241        0.9753
    654.2282        0.9711
    654.2324        0.9731
    654.2365        0.9800
    654.2407        0.9889
    654.2448        0.9967
    654.2490        1.0015
    654.2531        1.0031
    654.2573        1.0023
    654.2614        1.0005
    654.2656        0.9997
    654.2697        1.0011
    654.2738        1.0044
    654.2780        1.0074
    654.2821        1.0076
    654.2863        1.0033
    654.2904        0.9956
    654.2946        0.9876
    654.2987        0.9830
    654.3029        0.9836
    654.3070        0.9880
    654.3112        0.9928
    654.3153        0.9946
    654.3194        0.9924
    654.3236        0.9870
    654.3277        0.9806
    654.3319        0.9756
    654.3360        0.9732
    654.3402        0.9732
    654.3443        0.9740
    654.3485        0.9730
    654.3526        0.9682
    654.3568        0.9592
    654.3609        0.9469
    654.3651        0.9327
    654.3692        0.9186
    654.3733        0.9067
    654.3775        0.8992
    654.3816        0.8967
    654.3858        0.8981
    654.3899        0.9018
    654.3941        0.9060
    654.3982        0.9102
    654.4024        0.9148
    654.4065        0.9206
    654.4107        0.9280
    654.4148        0.9371
    654.4190        0.9475
    654.4231        0.9590
    654.4272        0.9713
    654.4314        0.9835
    654.4355        0.9935
    654.4397        0.9989
    654.4438        0.9984
    654.4480        0.9931
    654.4521        0.9863
    654.4563        0.9810
    654.4604        0.9789
    654.4646        0.9794
    654.4687        0.9807
    654.4728        0.9808
    654.4770        0.9793
    654.4811        0.9773
    654.4853        0.9768
    654.4894        0.9794
    654.4936        0.9851
    654.4977        0.9919
    654.5019        0.9976
    654.5060        1.0015
    654.5102        1.0040
    654.5143        1.0063
    654.5185        1.0093
    654.5226        1.0129
    654.5267        1.0159
    654.5309        1.0167
    654.5350        1.0146
    654.5392        1.0108
    654.5433        1.0075
    654.5475        1.0058
    654.5516        1.0052
    654.5558        1.0044
    654.5599        1.0019
    654.5641        0.9964
    654.5682        0.9873
    654.5723        0.9756
    654.5765        0.9638
    654.5806        0.9560
    654.5848        0.9551
    654.5889        0.9609
    654.5931        0.9707
    654.5972        0.9802
    654.6014        0.9866
    654.6055        0.9887
    654.6097        0.9871
    654.6138        0.9834
    654.6180        0.9794
    654.6221        0.9761
    654.6262        0.9736
    654.6304        0.9712
    654.6345        0.9685
    654.6387        0.9664
    654.6428        0.9669
    654.6470        0.9715
    654.6511        0.9797
    654.6553        0.9883
    654.6594        0.9935
    654.6636        0.9940
    654.6677        0.9917
    654.6719        0.9905
    654.6760        0.9920
    654.6801        0.9946
    654.6843        0.9949
    654.6884        0.9906
    654.6926        0.9827
    654.6967        0.9736
    654.7009        0.9656
    654.7050        0.9604
    654.7092        0.9585
    654.7133        0.9595
    654.7175        0.9616
    654.7216        0.9624
    654.7257        0.9604
    654.7299        0.9572
    654.7340        0.9552
    654.7382        0.9554
    654.7423        0.9561
    654.7465        0.9543
    654.7506        0.9481
    654.7548        0.9379
    654.7589        0.9264
    654.7631        0.9175
    654.7672        0.9143
    654.7714        0.9178
    654.7755        0.9271
    654.7796        0.9397
    654.7838        0.9529
    654.7879        0.9641
    654.7921        0.9713
    654.7962        0.9735
    654.8004        0.9712
    654.8045        0.9658
    654.8087        0.9593
    654.8128        0.9540
    654.8170        0.9516
    654.8211        0.9520
    654.8253        0.9527
    654.8294        0.9499
    654.8335        0.9409
    654.8377        0.9259
    654.8418        0.9084
    654.8460        0.8928
    654.8501        0.8820
    654.8543        0.8765
    654.8584        0.8757
    654.8626        0.8788
    654.8667        0.8855
    654.8709        0.8951
    654.8750        0.9065
    654.8791        0.9177
    654.8833        0.9277
    654.8874        0.9363
    654.8916        0.9442
    654.8957        0.9524
    654.8999        0.9610
    654.9040        0.9698
    654.9082        0.9776
    654.9123        0.9831
    654.9165        0.9853
    654.9206        0.9847
    654.9248        0.9826
    654.9289        0.9801
    654.9330        0.9779
    654.9372        0.9763
    654.9413        0.9757
    654.9455        0.9769
    654.9496        0.9798
    654.9538        0.9836
    654.9579        0.9863
    654.9621        0.9861
    654.9662        0.9824
    654.9704        0.9766
    654.9745        0.9708
    654.9786        0.9667
    654.9828        0.9652
    654.9869        0.9661
    654.9911        0.9692
    654.9952        0.9736
    654.9994        0.9777
    655.0035        0.9797
    655.0077        0.9783
    655.0118        0.9741
    655.0160        0.9690
    655.0201        0.9654
    655.0243        0.9645
    655.0284        0.9659
    655.0325        0.9676
    655.0367        0.9675
    655.0408        0.9647
    655.0450        0.9596
    655.0491        0.9538
    655.0533        0.9488
    655.0574        0.9460
    655.0616        0.9462
    655.0657        0.9486
    655.0699        0.9514
    655.0740        0.9524
    655.0782        0.9509
    655.0823        0.9477
    655.0864        0.9444
    655.0906        0.9421
    655.0947        0.9405
    655.0989        0.9391
    655.1030        0.9374
    655.1072        0.9360
    655.1113        0.9358
    655.1155        0.9363
    655.1196        0.9361
    655.1238        0.9332
    655.1279        0.9268
    655.1320        0.9183
    655.1362        0.9100
    655.1403        0.9038
    655.1445        0.9004
    655.1486        0.8998
    655.1528        0.9016
    655.1569        0.9054
    655.1611        0.9108
    655.1652        0.9171
    655.1694        0.9234
    655.1735        0.9288
    655.1777        0.9329
    655.1818        0.9351
    655.1859        0.9348
    655.1901        0.9317
    655.1942        0.9263
    655.1984        0.9197
    655.2025        0.9127
    655.2067        0.9054
    655.2108        0.8979
    655.2150        0.8906
    655.2191        0.8842
    655.2233        0.8793
    655.2274        0.8758
    655.2316        0.8726
    655.2357        0.8690
    655.2398        0.8648
    655.2440        0.8603
    655.2481        0.8564
    655.2523        0.8533
    655.2564        0.8508
    655.2606        0.8493
    655.2647        0.8495
    655.2689        0.8523
    655.2730        0.8583
    655.2772        0.8671
    655.2813        0.8771
    655.2854        0.8862
    655.2896        0.8931
    655.2937        0.8981
    655.2979        0.9023
    655.3020        0.9063
    655.3062        0.9097
    655.3103        0.9112
    655.3145        0.9111
    655.3186        0.9108
    655.3228        0.9121
    655.3269        0.9150
    655.3311        0.9171
    655.3352        0.9156
    655.3393        0.9086
    655.3435        0.8967
    655.3476        0.8822
    655.3518        0.8677
    655.3559        0.8551
    655.3601        0.8459
    655.3642        0.8414
    655.3684        0.8427
    655.3725        0.8494
    655.3767        0.8595
    655.3808        0.8704
    655.3849        0.8798
    655.3891        0.8869
    655.3932        0.8918
    655.3974        0.8948
    655.4015        0.8963
    655.4057        0.8968
    655.4098        0.8973
    655.4140        0.8988
    655.4181        0.9016
    655.4223        0.9045
    655.4264        0.9066
    655.4306        0.9078
    655.4347        0.9094
    655.4388        0.9123
    655.4430        0.9158
    655.4471        0.9186
    655.4513        0.9199
    655.4554        0.9196
    655.4596        0.9170
    655.4637        0.9104
    655.4679        0.8988
    655.4720        0.8831
    655.4762        0.8674
    655.4803        0.8564
    655.4845        0.8533
    655.4886        0.8574
    655.4927        0.8650
    655.4969        0.8712
    655.5010        0.8727
    655.5052        0.8692
    655.5093        0.8629
    655.5135        0.8569
    655.5176        0.8534
    655.5218        0.8530
    655.5259        0.8546
    655.5301        0.8566
    655.5342        0.8575
    655.5383        0.8559
    655.5425        0.8515
    655.5466        0.8455
    655.5508        0.8401
    655.5549        0.8374
    655.5591        0.8385
    655.5632        0.8423
    655.5674        0.8471
    655.5715        0.8510
    655.5757        0.8528
    655.5798        0.8522
    655.5840        0.8498
    655.5881        0.8468
    655.5922        0.8450
    655.5964        0.8453
    655.6005        0.8477
    655.6047        0.8507
    655.6088        0.8531
    655.6130        0.8542
    655.6171        0.8550
    655.6213        0.8567
    655.6254        0.8598
    655.6296        0.8636
    655.6337        0.8660
    655.6379        0.8654
    655.6420        0.8617
    655.6461        0.8567
    655.6503        0.8521
    655.6544        0.8489
    655.6586        0.8462
    655.6627        0.8429
    655.6669        0.8382
    655.6710        0.8319
    655.6752        0.8245
    655.6793        0.8169
    655.6835        0.8105
    655.6876        0.8067
    655.6917        0.8049
    655.6959        0.8032
    655.7000        0.7990
    655.7042        0.7917
    655.7083        0.7836
    655.7125        0.7787
    655.7166        0.7794
    655.7208        0.7848
    655.7249        0.7922
    655.7291        0.7994
    655.7332        0.8060
    655.7374        0.8121
    655.7415        0.8174
    655.7456        0.8214
    655.7498        0.8236
    655.7539        0.8244
    655.7581        0.8247
    655.7622        0.8252
    655.7664        0.8258
    655.7705        0.8246
    655.7747        0.8198
    655.7788        0.8113
    655.7830        0.8014
    655.7871        0.7930
    655.7912        0.7876
    655.7954        0.7844
    655.7995        0.7811
    655.8037        0.7759
    655.8078        0.7689
    655.8120        0.7618
    655.8161        0.7566
    655.8203        0.7541
    655.8244        0.7545
    655.8286        0.7572
    655.8327        0.7613
    655.8369        0.7656
    655.8410        0.7683
    655.8451        0.7686
    655.8493        0.7673
    655.8534        0.7665
    655.8576        0.7679
    655.8617        0.7719
    655.8659        0.7766
    655.8700        0.7800
    655.8742        0.7815
    655.8783        0.7824
    655.8825        0.7846
    655.8866        0.7886
    655.8908        0.7928
    655.8949        0.7945
    655.8990        0.7916
    655.9032        0.7846
    655.9073        0.7756
    655.9115        0.7671
    655.9156        0.7612
    655.9198        0.7588
    655.9239        0.7599
    655.9281        0.7640
    655.9322        0.7700
    655.9364        0.7767
    655.9405        0.7828
    655.9446        0.7872
    655.9488        0.7890
    655.9529        0.7872
    655.9571        0.7809
    655.9612        0.7698
    655.9654        0.7549
    655.9695        0.7384
    655.9737        0.7233
    655.9778        0.7115
    655.9820        0.7036
    655.9861        0.6986
    655.9903        0.6952
    655.9944        0.6920
    655.9985        0.6882
    656.0027        0.6839
    656.0068        0.6792
    656.0110        0.6739
    656.0151        0.6676
    656.0193        0.6604
    656.0234        0.6533
    656.0276        0.6483
    656.0317        0.6464
    656.0359        0.6468
    656.0400        0.6471
    656.0441        0.6440
    656.0483        0.6357
    656.0524        0.6226
    656.0566        0.6073
    656.0607        0.5936
    656.0649        0.5847
    656.0690        0.5819
    656.0732        0.5845
    656.0773        0.5906
    656.0815        0.5980
    656.0856        0.6053
    656.0898        0.6115
    656.0939        0.6164
    656.0980        0.6199
    656.1022        0.6221
    656.1063        0.6235
    656.1105        0.6255
    656.1146        0.6292
    656.1188        0.6344
    656.1229        0.6388
    656.1271        0.6394
    656.1312        0.6345
    656.1354        0.6250
    656.1395        0.6144
    656.1437        0.6063
    656.1478        0.6024
    656.1519        0.6017
    656.1561        0.6024
    656.1602        0.6035
    656.1644        0.6057
    656.1685        0.6094
    656.1727        0.6144
    656.1768        0.6192
    656.1810        0.6223
    656.1851        0.6235
    656.1893        0.6237
    656.1934        0.6245
    656.1975        0.6270
    656.2017        0.6309
    656.2058        0.6351
    656.2100        0.6390
    656.2141        0.6422
    656.2183        0.6446
    656.2224        0.6458
    656.2266        0.6450
    656.2307        0.6423
    656.2349        0.6391
    656.2390        0.6372
    656.2432        0.6377
    656.2473        0.6400
    656.2514        0.6423
    656.2556        0.6436
    656.2597        0.6441
    656.2639        0.6445
    656.2680        0.6453
    656.2722        0.6462
    656.2763        0.6468
    656.2805        0.6465
    656.2846        0.6450
    656.2888        0.6419
    656.2929        0.6376
    656.2971        0.6332
    656.3012        0.6300
    656.3053        0.6289
    656.3095        0.6294
    656.3136        0.6306
    656.3178        0.6318
    656.3219        0.6328
    656.3261        0.6340
    656.3302        0.6353
    656.3344        0.6358
    656.3385        0.6349
    656.3427        0.6332
    656.3468        0.6327
    656.3509        0.6355
    656.3551        0.6423
    656.3592        0.6513
    656.3634        0.6599
    656.3675        0.6664
    656.3717        0.6710
    656.3758        0.6746
    656.3800        0.6774
    656.3841        0.6782
    656.3883        0.6752
    656.3924        0.6681
    656.3966        0.6587
    656.4007        0.6502
    656.4048        0.6456
    656.4090        0.6467
    656.4131        0.6535
    656.4173        0.6649
    656.4214        0.6790
    656.4256        0.6935
    656.4297        0.7058
    656.4339        0.7144
    656.4380        0.7195
    656.4422        0.7233
    656.4463        0.7282
    656.4504        0.7357
    656.4546        0.7452
    656.4587        0.7543
    656.4629        0.7604
    656.4670        0.7629
    656.4712        0.7630
    656.4753        0.7633
    656.4795        0.7656
    656.4836        0.7706
    656.4878        0.7777
    656.4919        0.7852
    656.4961        0.7910
    656.5002        0.7936
    656.5043        0.7929
    656.5085        0.7899
    656.5126        0.7855
    656.5168        0.7805
    656.5209        0.7751
    656.5251        0.7698
    656.5292        0.7658
    656.5334        0.7644
    656.5375        0.7669
    656.5417        0.7736
    656.5458        0.7831
    656.5500        0.7929
    656.5541        0.8003
    656.5582        0.8040
    656.5624        0.8050
    656.5665        0.8050
    656.5707        0.8058
    656.5748        0.8083
    656.5790        0.8122
    656.5831        0.8173
    656.5873        0.8238
    656.5914        0.8315
    656.5956        0.8394
    656.5997        0.8450
    656.6038        0.8456
    656.6080        0.8402
    656.6121        0.8301
    656.6163        0.8176
    656.6204        0.8052
    656.6246        0.7948
    656.6287        0.7886
    656.6329        0.7878
    656.6370        0.7927
    656.6412        0.8021
    656.6453        0.8135
    656.6495        0.8232
    656.6536        0.8287
    656.6577        0.8298
    656.6619        0.8285
    656.6660        0.8273
    656.6702        0.8272
    656.6743        0.8273
    656.6785        0.8262
    656.6826        0.8234
    656.6868        0.8195
    656.6909        0.8164
    656.6951        0.8157
    656.6992        0.8185
    656.7034        0.8244
    656.7075        0.8308
    656.7116        0.8349
    656.7158        0.8356
    656.7199        0.8333
    656.7241        0.8299
    656.7282        0.8267
    656.7324        0.8248
    656.7365        0.8253
    656.7407        0.8294
    656.7448        0.8374
    656.7490        0.8477
    656.7531        0.8575
    656.7572        0.8640
    656.7614        0.8665
    656.7655        0.8662
    656.7697        0.8654
    656.7738        0.8657
    656.7780        0.8667
    656.7821        0.8665
    656.7863        0.8634
    656.7904        0.8576
    656.7946        0.8515
    656.7987        0.8483
    656.8029        0.8500
    656.8070        0.8562
    656.8111        0.8645
    656.8153        0.8720
    656.8194        0.8768
    656.8236        0.8787
    656.8277        0.8782
    656.8319        0.8763
    656.8360        0.8731
    656.8402        0.8690
    656.8443        0.8641
    656.8485        0.8583
    656.8526        0.8515
    656.8567        0.8436
    656.8609        0.8352
    656.8650        0.8277
    656.8692        0.8221
    656.8733        0.8186
    656.8775        0.8167
    656.8816        0.8157
    656.8858        0.8158
    656.8899        0.8174
    656.8941        0.8203
    656.8982        0.8237
    656.9024        0.8272
    656.9065        0.8308
    656.9106        0.8353
    656.9148        0.8416
    656.9189        0.8502
    656.9231        0.8609
    656.9272        0.8723
    656.9314        0.8821
    656.9355        0.8887
    656.9397        0.8920
    656.9438        0.8931
    656.9480        0.8931
    656.9521        0.8929
    656.9563        0.8927
    656.9604        0.8923
    656.9645        0.8912
    656.9687        0.8890
    656.9728        0.8854
    656.9770        0.8804
    656.9811        0.8752
    656.9853        0.8719
    656.9894        0.8724
    656.9936        0.8769
    656.9977        0.8838
    657.0019        0.8908
    657.0060        0.8964
    657.0101        0.9000
    657.0143        0.9014
    657.0184        0.9005
    657.0226        0.8978
    657.0267        0.8940
    657.0309        0.8907
    657.0350        0.8892
    657.0392        0.8896
    657.0433        0.8906
    657.0475        0.8909
    657.0516        0.8898
    657.0558        0.8880
    657.0599        0.8861
    657.0640        0.8846
    657.0682        0.8833
    657.0723        0.8825
    657.0765        0.8830
    657.0806        0.8849
    657.0848        0.8872
    657.0889        0.8885
    657.0931        0.8883
    657.0972        0.8876
    657.1014        0.8875
    657.1055        0.8885
    657.1097        0.8907
    657.1138        0.8940
    657.1179        0.8986
    657.1221        0.9045
    657.1262        0.9111
    657.1304        0.9172
    657.1345        0.9217
    657.1387        0.9247
    657.1428        0.9267
    657.1470        0.9278
    657.1511        0.9273
    657.1553        0.9240
    657.1594        0.9172
    657.1635        0.9077
    657.1677        0.8970
    657.1718        0.8874
    657.1760        0.8808
    657.1801        0.8780
    657.1843        0.8778
    657.1884        0.8777
    657.1926        0.8753
    657.1967        0.8701
    657.2009        0.8637
    657.2050        0.8587
    657.2092        0.8568
    657.2133        0.8590
    657.2174        0.8653
    657.2216        0.8754
    657.2257        0.8878
    657.2299        0.9007
    657.2340        0.9115
    657.2382        0.9185
    657.2423        0.9217
    657.2465        0.9233
    657.2506        0.9259
    657.2548        0.9308
    657.2589        0.9373
    657.2630        0.9435
    657.2672        0.9486
    657.2713        0.9525
    657.2755        0.9560
    657.2796        0.9593
    657.2838        0.9627
    657.2879        0.9660
    657.2921        0.9687
    657.2962        0.9704
    657.3004        0.9705
    657.3045        0.9689
    657.3087        0.9657
    657.3128        0.9610
    657.3169        0.9549
    657.3211        0.9479
    657.3252        0.9413
    657.3294        0.9361
    657.3335        0.9332
    657.3377        0.9323
    657.3418        0.9333
    657.3460        0.9356
    657.3501        0.9389
    657.3543        0.9428
    657.3584        0.9471
    657.3626        0.9518
    657.3667        0.9576
    657.3708        0.9640
    657.3750        0.9701
    657.3791        0.9745
    657.3833        0.9763
    657.3874        0.9758
    657.3916        0.9744
    657.3957        0.9736
    657.3999        0.9745
    657.4040        0.9778
    657.4082        0.9830
    657.4123        0.9887
    657.4164        0.9937
    657.4206        0.9969
    657.4247        0.9979
    657.4289        0.9964
    657.4330        0.9917
    657.4372        0.9834
    657.4413        0.9707
    657.4455        0.9533
    657.4496        0.9323
    657.4538        0.9098
    657.4579        0.8888
    657.4621        0.8723
    657.4662        0.8621
    657.4703        0.8585
    657.4745        0.8599
    657.4786        0.8633
    657.4828        0.8660
    657.4869        0.8670
    657.4911        0.8672
    657.4952        0.8688
    657.4994        0.8728
    657.5035        0.8789
    657.5077        0.8850
    657.5118        0.8892
    657.5160        0.8905
    657.5201        0.8896
    657.5242        0.8881
    657.5284        0.8875
    657.5325        0.8883
    657.5367        0.8909
    657.5408        0.8961
    657.5450        0.9042
    657.5491        0.9141
    657.5533        0.9237
    657.5574        0.9319
    657.5616        0.9390
    657.5657        0.9452
    657.5698        0.9499
    657.5740        0.9518
    657.5781        0.9504
    657.5823        0.9469
    657.5864        0.9430
    657.5906        0.9409
    657.5947        0.9412
    657.5989        0.9433
    657.6030        0.9458
    657.6072        0.9474
    657.6113        0.9478
    657.6155        0.9482
    657.6196        0.9498
    657.6237        0.9527
    657.6279        0.9562
    657.6320        0.9592
    657.6362        0.9610
    657.6403        0.9609
    657.6445        0.9581
    657.6486        0.9522
    657.6528        0.9441
    657.6569        0.9354
    657.6611        0.9282
    657.6652        0.9237
    657.6693        0.9219
    657.6735        0.9216
    657.6776        0.9222
    657.6818        0.9233
    657.6859        0.9251
    657.6901        0.9275
    657.6942        0.9307
    657.6984        0.9351
    657.7025        0.9413
    657.7067        0.9491
    657.7108        0.9575
    657.7150        0.9652
    657.7191        0.9713
    657.7232        0.9754
    657.7274        0.9777
    657.7315        0.9780
    657.7357        0.9755
    657.7398        0.9691
    657.7440        0.9594
    657.7481        0.9487
    657.7523        0.9399
    657.7564        0.9345
    657.7606        0.9315
    657.7647        0.9293
    657.7689        0.9270
    657.7730        0.9254
    657.7771        0.9247
    657.7813        0.9244
    657.7854        0.9237
    657.7896        0.9236
    657.7937        0.9260
    657.7979        0.9324
    657.8020        0.9417
    657.8062        0.9510
    657.8103        0.9576
    657.8145        0.9605
    657.8186        0.9607
    657.8227        0.9597
    657.8269        0.9589
    657.8310        0.9588
    657.8352        0.9593
    657.8393        0.9601
    657.8435        0.9609
    657.8476        0.9614
    657.8518        0.9614
    657.8559        0.9613
    657.8601        0.9614
    657.8642        0.9619
    657.8684        0.9632
    657.8725        0.9655
    657.8766        0.9690
    657.8808        0.9734
    657.8849        0.9781
    657.8891        0.9821
    657.8932        0.9843
    657.8974        0.9836
    657.9015        0.9789
    657.9057        0.9703
    657.9098        0.9591
    657.9140        0.9477
    657.9181        0.9390
    657.9223        0.9348
    657.9264        0.9355
    657.9305        0.9400
    657.9347        0.9465
    657.9388        0.9539
    657.9430        0.9620
    657.9471        0.9707
    657.9513        0.9797
    657.9554        0.9876
    657.9596        0.9926
    657.9637        0.9932
    657.9679        0.9893
    657.9720        0.9823
    657.9761        0.9747
    657.9803        0.9690
    657.9844        0.9664
    657.9886        0.9658
    657.9927        0.9654
    657.9969        0.9638
    658.0010        0.9614
    658.0052        0.9594
    658.0093        0.9588
    658.0135        0.9592
    658.0176        0.9607
    658.0218        0.9640
    658.0259        0.9703
    658.0300        0.9788
    658.0342        0.9865
    658.0383        0.9901
    658.0425        0.9877
    658.0466        0.9798
    658.0508        0.9681
    658.0549        0.9538
    658.0591        0.9386
    658.0632        0.9249
    658.0674        0.9158
    658.0715        0.9136
    658.0756        0.9186
    658.0798        0.9287
    658.0839        0.9409
    658.0881        0.9520
    658.0922        0.9597
    658.0964        0.9632
    658.1005        0.9632
    658.1047        0.9616
    658.1088        0.9604
    658.1130        0.9606
    658.1171        0.9618
    658.1213        0.9638
    658.1254        0.9668
    658.1295        0.9717
    658.1337        0.9783
    658.1378        0.9850
    658.1420        0.9890
    658.1461        0.9881
    658.1503        0.9825
    658.1544        0.9748
    658.1586        0.9687
    658.1627        0.9666
    658.1669        0.9685
    658.1710        0.9728
    658.1752        0.9777
    658.1793        0.9821
    658.1834        0.9851
    658.1876        0.9861
    658.1917        0.9855
    658.1959        0.9847
    658.2000        0.9848
    658.2042        0.9860
    658.2083        0.9874
    658.2125        0.9875
    658.2166        0.9859
    658.2208        0.9830
    658.2249        0.9790
    658.2290        0.9734
    658.2332        0.9662
    658.2373        0.9589
    658.2415        0.9544
    658.2456        0.9543
    658.2498        0.9576
    658.2539        0.9615
    658.2581        0.9641
    658.2622        0.9663
    658.2664        0.9697
    658.2705        0.9751
    658.2747        0.9812
    658.2788        0.9857
    658.2829        0.9872
    658.2871        0.9859
    658.2912        0.9831
    658.2954        0.9807
    658.2995        0.9803
    658.3037        0.9820
    658.3078        0.9847
    658.3120        0.9862
    658.3161        0.9846
    658.3203        0.9797
    658.3244        0.9732
    658.3286        0.9671
    658.3327        0.9623
    658.3368        0.9579
    658.3410        0.9524
    658.3451        0.9461
    658.3493        0.9410
    658.3534        0.9404
    658.3576        0.9453
    658.3617        0.9535
    658.3659        0.9614
    658.3700        0.9670
    658.3742        0.9712
    658.3783        0.9756
    658.3824        0.9813
    658.3866        0.9882
    658.3907        0.9952
    658.3949        1.0008
    658.3990        1.0040
    658.4032        1.0048
    658.4073        1.0047
    658.4115        1.0055
    658.4156        1.0083
    658.4198        1.0127
    658.4239        1.0179
    658.4281        1.0230
    658.4322        1.0276
    658.4363        1.0311
    658.4405        1.0329
    658.4446        1.0322
    658.4488        1.0292
    658.4529        1.0248
    658.4571        1.0207
    658.4612        1.0185
    658.4654        1.0186
    658.4695        1.0203
    658.4737        1.0218
    658.4778        1.0210
    658.4819        1.0168
    658.4861        1.0094
    658.4902        1.0009
    658.4944        0.9935
    658.4985        0.9883
    658.5027        0.9848
    658.5068        0.9826
    658.5110        0.9821
    658.5151        0.9844
    658.5193        0.9901
    658.5234        0.9984
    658.5276        1.0075
    658.5317        1.0153
    658.5358        1.0206
    658.5400        1.0232
    658.5441        1.0230
    658.5483        1.0194
    658.5524        1.0116
    658.5566        1.0002
    658.5607        0.9881
    658.5649        0.9792
    658.5690        0.9756
    658.5732        0.9762
    658.5773        0.9776
    658.5815        0.9773
    658.5856        0.9751
    658.5897        0.9730
    658.5939        0.9739
    658.5980        0.9789
    658.6022        0.9865
    658.6063        0.9933
    658.6105        0.9958
    658.6146        0.9928
    658.6188        0.9859
    658.6229        0.9788
    658.6271        0.9746
    658.6312        0.9740
    658.6353        0.9759
    658.6395        0.9782
    658.6436        0.9793
    658.6478        0.9776
    658.6519        0.9729
    658.6561        0.9660
    658.6602        0.9586
    658.6644        0.9517
    658.6685        0.9458
    658.6727        0.9408
    658.6768        0.9371
    658.6810        0.9356
    658.6851        0.9371
    658.6892        0.9416
    658.6934        0.9484
    658.6975        0.9569
    658.7017        0.9666
    658.7058        0.9767
    658.7100        0.9857
    658.7141        0.9913
    658.7183        0.9922
    658.7224        0.9886
    658.7266        0.9831
    658.7307        0.9784
    658.7348        0.9766
    658.7390        0.9778
    658.7431        0.9802
    658.7473        0.9815
    658.7514        0.9805
    658.7556        0.9778
    658.7597        0.9763
    658.7639        0.9786
    658.7680        0.9857
    658.7722        0.9963
    658.7763        1.0077
    658.7805        1.0178
    658.7846        1.0253
    658.7887        1.0295
    658.7929        1.0295
    658.7970        1.0250
    658.8012        1.0172
    658.8053        1.0086
    658.8095        1.0019
    658.8136        0.9990
    658.8178        0.9997
    658.8219        1.0020
    658.8261        1.0033
    658.8302        1.0022
    658.8344        0.9988
    658.8385        0.9952
    658.8426        0.9936
    658.8468        0.9947
    658.8509        0.9978
    658.8551        1.0013
    658.8592        1.0042
    658.8634        1.0063
    658.8675        1.0079
    658.8717        1.0099
    658.8758        1.0124
    658.8800        1.0147
    658.8841        1.0156
    658.8882        1.0139
    658.8924        1.0096
    658.8965        1.0030
    658.9007        0.9958
    658.9048        0.9902
    658.9090        0.9884
    658.9131        0.9918
    658.9173        0.9994
    658.9214        1.0089
    658.9256        1.0175
    658.9297        1.0233
    658.9339        1.0259
    658.9380        1.0266
    658.9421        1.0271
    658.9463        1.0286
    658.9504        1.0304
    658.9546        1.0304
    658.9587        1.0268
    658.9629        1.0197
    658.9670        1.0113
    658.9712        1.0049
    658.9753        1.0023
    658.9795        1.0035
    658.9836        1.0065
    658.9878        1.0091
    658.9919        1.0103
    658.9960        1.0101
    659.0002        1.0094
    659.0043        1.0087
    659.0085        1.0081
    659.0126        1.0080
    659.0168        1.0090
    659.0209        1.0123
    659.0251        1.0187
    659.0292        1.0274
    659.0334        1.0361
    659.0375        1.0420
    659.0416        1.0431
    659.0458        1.0394
    659.0499        1.0317
    659.0541        1.0221
    659.0582        1.0134
    659.0624        1.0083
    659.0665        1.0080
    659.0707        1.0110
    659.0748        1.0145
    659.0790        1.0159
    659.0831        1.0142
    659.0873        1.0094
    659.0914        1.0020
    659.0955        0.9929
    659.0997        0.9838
    659.1038        0.9776
    659.1080        0.9763
    659.1121        0.9797
    659.1163        0.9856
    659.1204        0.9914
    659.1246        0.9961
    659.1287        0.9997
    659.1329        1.0021
    659.1370        1.0027
    659.1411        1.0013
    659.1453        0.9990
    659.1494        0.9978
    659.1536        0.9991
    659.1577        1.0033
    659.1619        1.0099
    659.1660        1.0177
    659.1702        1.0244
    659.1743        1.0274
    659.1785        1.0256
    659.1826        1.0200
    659.1868        1.0136
    659.1909        1.0091
    659.1950        1.0073
    659.1992        1.0075
    659.2033        1.0084
    659.2075        1.0090
    659.2116        1.0085
    659.2158        1.0067
    659.2199        1.0038
    659.2241        1.0010
    659.2282        0.9997
    659.2324        1.0011
    659.2365        1.0049
    659.2407        1.0097
    659.2448        1.0130
    659.2489        1.0131
    659.2531        1.0093
    659.2572        1.0027
    659.2614        0.9955
    659.2655        0.9891
    659.2697        0.9835
    659.2738        0.9786
    659.2780        0.9751
    659.2821        0.9741
    659.2863        0.9759
    659.2904        0.9792
    659.2945        0.9821
    659.2987        0.9835
    659.3028        0.9833
    659.3070        0.9822
    659.3111        0.9809
    659.3153        0.9797
    659.3194        0.9786
    659.3236        0.9764
    659.3277        0.9726
    659.3319        0.9678
    659.3360        0.9645
    659.3402        0.9651
    659.3443        0.9699
    659.3484        0.9772
    659.3526        0.9842
    659.3567        0.9884
    659.3609        0.9892
    659.3650        0.9876
    659.3692        0.9852
    659.3733        0.9833
    659.3775        0.9822
    659.3816        0.9814
    659.3858        0.9803
    659.3899        0.9789
    659.3941        0.9781
    659.3982        0.9787
    659.4023        0.9806
    659.4065        0.9824
    659.4106        0.9825
    659.4148        0.9798
    659.4189        0.9746
    659.4231        0.9685
    659.4272        0.9635
    659.4314        0.9609
    659.4355        0.9614
    659.4397        0.9655
    659.4438        0.9726
    659.4479        0.9817
    659.4521        0.9901
    659.4562        0.9956
    659.4604        0.9972
    659.4645        0.9959
    659.4687        0.9936
    659.4728        0.9922
    659.4770        0.9929
    659.4811        0.9956
    659.4853        0.9995
    659.4894        1.0031
    659.4936        1.0054
    659.4977        1.0066
    659.5018        1.0078
    659.5060        1.0104
    659.5101        1.0147
    659.5143        1.0196
    659.5184        1.0228
    659.5226        1.0227
    659.5267        1.0189
    659.5309        1.0126
    659.5350        1.0055
    659.5392        0.9996
    659.5433        0.9965
    659.5474        0.9972
    659.5516        1.0014
    659.5557        1.0078
    659.5599        1.0145
    659.5640        1.0204
    659.5682        1.0247
    659.5723        1.0274
    659.5765        1.0279
    659.5806        1.0261
    659.5848        1.0224
    659.5889        1.0177
    659.5931        1.0131
    659.5972        1.0087
    659.6013        1.0042
    659.6055        0.9988
    659.6096        0.9933
    659.6138        0.9897
    659.6179        0.9901
    659.6221        0.9952
    659.6262        1.0028
    659.6304        1.0089
    659.6345        1.0102
    659.6387        1.0063
    659.6428        0.9999
    659.6470        0.9946
    659.6511        0.9924
    659.6552        0.9933
    659.6594        0.9951
    659.6635        0.9961
    659.6677        0.9957
    659.6718        0.9947
    659.6760        0.9945
    659.6801        0.9960
    659.6843        0.9995
    659.6884        1.0046
    659.6926        1.0098
    659.6967        1.0131
    659.7008        1.0128
    659.7050        1.0084
    659.7091        1.0014
    659.7133        0.9946
    659.7174        0.9906
    659.7216        0.9907
    659.7257        0.9946
    659.7299        1.0001
    659.7340        1.0043
    659.7382        1.0050
    659.7423        1.0016
    659.7465        0.9952
    659.7506        0.9876
    659.7547        0.9804
    659.7589        0.9749
    659.7630        0.9720
    659.7672        0.9719
    659.7713        0.9742
    659.7755        0.9782
    659.7796        0.9838
    659.7838        0.9914
    659.7879        1.0008
    659.7921        1.0108
    659.7962        1.0197
    659.8004        1.0264
    659.8045        1.0304
    659.8086        1.0317
    659.8128        1.0303
    659.8169        1.0261
    659.8211        1.0198
    659.8252        1.0130
    659.8294        1.0080
    659.8335        1.0065
    659.8377        1.0092
    659.8418        1.0155
    659.8460        1.0235
    659.8501        1.0307
    659.8542        1.0347
    659.8584        1.0343
    659.8625        1.0295
    659.8667        1.0217
    659.8708        1.0133
    659.8750        1.0066
    659.8791        1.0029
    659.8833        1.0016
    659.8874        1.0011
    659.8916        0.9998
    659.8957        0.9965
    659.8999        0.9913
    659.9040        0.9854
    659.9081        0.9802
    659.9123        0.9768
    659.9164        0.9759
    659.9206        0.9772
    659.9247        0.9806
    659.9289        0.9856
    659.9330        0.9915
    659.9372        0.9974
    659.9413        1.0024
    659.9455        1.0053
    659.9496        1.0051
    659.9537        1.0012
    659.9579        0.9946
    659.9620        0.9882
    659.9662        0.9858
    659.9703        0.9901
    659.9745        1.0007
    659.9786        1.0133
    659.9828        1.0228
    659.9869        1.0252
    659.9911        1.0195
    659.9952        1.0078
    659.9994        0.9946
    660.0035        0.9840
    660.0076        0.9785
    660.0118        0.9777
    660.0159        0.9792
    660.0201        0.9805
    660.0242        0.9806
    660.0284        0.9803
    660.0325        0.9814
    660.0367        0.9846
    660.0408        0.9893
    660.0450        0.9942
    660.0491        0.9982
    660.0533        1.0011
    660.0574        1.0034
    660.0615        1.0060
    660.0657        1.0101
    660.0698        1.0161
    660.0740        1.0221
    660.0781        1.0254
    660.0823        1.0244
    660.0864        1.0195
    660.0906        1.0128
    660.0947        1.0070
    660.0989        1.0038
    660.1030        1.0036
    660.1071        1.0059
    660.1113        1.0093
    660.1154        1.0125
    660.1196        1.0150
    660.1237        1.0172
    660.1279        1.0195
    660.1320        1.0221
    660.1362        1.0246
    660.1403        1.0259
    660.1445        1.0252
    660.1486        1.0220
    660.1528        1.0170
    660.1569        1.0116
    660.1610        1.0074
    660.1652        1.0061
    660.1693        1.0080
    660.1735        1.0121
    660.1776        1.0156
    660.1818        1.0159
    660.1859        1.0116
    660.1901        1.0034
    660.1942        0.9938
    660.1984        0.9858
    660.2025        0.9817
    660.2067        0.9820
    660.2108        0.9853
    660.2149        0.9888
    660.2191        0.9897
    660.2232        0.9865
    660.2274        0.9797
    660.2315        0.9719
    660.2357        0.9660
    660.2398        0.9640
    660.2440        0.9662
    660.2481        0.9711
    660.2523        0.9770
    660.2564        0.9831
    660.2605        0.9898
    660.2647        0.9980
    660.2688        1.0077
    660.2730        1.0170
    660.2771        1.0236
    660.2813        1.0257
    660.2854        1.0238
    660.2896        1.0194
    660.2937        1.0144
    660.2979        1.0097
    660.3020        1.0055
    660.3062        1.0021
    660.3103        0.9996
    660.3144        0.9972
    660.3186        0.9942
    660.3227        0.9895
    660.3269        0.9829
    660.3310        0.9749
    660.3352        0.9675
    660.3393        0.9630
    660.3435        0.9635
    660.3476        0.9698
    660.3518        0.9813
    660.3559        0.9951
    660.3600        1.0067
    660.3642        1.0124
    660.3683        1.0119
    660.3725        1.0084
    660.3766        1.0056
    660.3808        1.0052
    660.3849        1.0071
    660.3891        1.0098
    660.3932        1.0117
    660.3974        1.0124
    660.4015        1.0128
    660.4057        1.0148
    660.4098        1.0188
    660.4139        1.0243
    660.4181        1.0296
    660.4222        1.0342
    660.4264        1.0379
    660.4305        1.0411
    660.4347        1.0434
    660.4388        1.0444
    660.4430        1.0437
    660.4471        1.0406
    660.4513        1.0341
    660.4554        1.0242
    660.4596        1.0133
    660.4637        1.0050
    660.4678        1.0022
    660.4720        1.0049
    660.4761        1.0104
    660.4803        1.0159
    660.4844        1.0196
    660.4886        1.0210
    660.4927        1.0203
    660.4969        1.0184
    660.5010        1.0161
    660.5052        1.0133
    660.5093        1.0098
    660.5134        1.0055
    660.5176        1.0006
    660.5217        0.9950
    660.5259        0.9888
    660.5300        0.9831
    660.5342        0.9797
    660.5383        0.9805
    660.5425        0.9855
    660.5466        0.9932
    660.5508        1.0015
    660.5549        1.0089
    660.5591        1.0149
    660.5632        1.0193
    660.5673        1.0221
    660.5715        1.0231
    660.5756        1.0222
    660.5798        1.0201
    660.5839        1.0178
    660.5881        1.0174
    660.5922        1.0202
    660.5964        1.0259
    660.6005        1.0323
    660.6047        1.0362
    660.6088        1.0364
    660.6130        1.0344
    660.6171        1.0331
    660.6212        1.0349
    660.6254        1.0395
    660.6295        1.0445
    660.6337        1.0465
    660.6378        1.0442
    660.6420        1.0382
    660.6461        1.0308
    660.6503        1.0243
    660.6544        1.0192
    660.6586        1.0146
    660.6627        1.0094
    660.6668        1.0038
    660.6710        0.9994
    660.6751        0.9981
    660.6793        1.0008
    660.6834        1.0065
    660.6876        1.0132
    660.6917        1.0188
    660.6959        1.0211
    660.7000        1.0190
    660.7042        1.0122
    660.7083        1.0026
    660.7125        0.9941
    660.7166        0.9903
    660.7207        0.9925
    660.7249        0.9989
    660.7290        1.0060
    660.7332        1.0112
    660.7373        1.0138
    660.7415        1.0155
    660.7456        1.0181
    660.7498        1.0223
    660.7539        1.0273
    660.7581        1.0309
    660.7622        1.0319
    660.7663        1.0301
    660.7705        1.0265
    660.7746        1.0220
    660.7788        1.0173
    660.7829        1.0127
    660.7871        1.0087
    660.7912        1.0059
    660.7954        1.0042
    660.7995        1.0032
    660.8037        1.0017
    660.8078        0.9995
    660.8120        0.9974
    660.8161        0.9963
    660.8202        0.9968
    660.8244        0.9976
    660.8285        0.9977
    660.8327        0.9965
    660.8368        0.9952
    660.8410        0.9950
    660.8451        0.9967
    660.8493        1.0003
    660.8534        1.0046
    660.8576        1.0081
    660.8617        1.0097
    660.8659        1.0088
    660.8700        1.0057
    660.8741        1.0015
    660.8783        0.9974
    660.8824        0.9949
    660.8866        0.9950
    660.8907        0.9973
    660.8949        1.0004
    660.8990        1.0026
    660.9032        1.0026
    660.9073        1.0003
    660.9115        0.9970
    660.9156        0.9939
    660.9197        0.9910
    660.9239        0.9871
    660.9280        0.9816
    660.9322        0.9757
    660.9363        0.9727
    660.9405        0.9752
    660.9446        0.9829
    660.9488        0.9930
    660.9529        1.0021
    660.9571        1.0082
    660.9612        1.0105
    660.9654        1.0095
    660.9695        1.0061
    660.9736        1.0013
    660.9778        0.9961
    660.9819        0.9920
    660.9861        0.9902
    660.9902        0.9908
    660.9944        0.9927
    660.9985        0.9941
    661.0027        0.9942
    661.0068        0.9937
    661.0110        0.9942
    661.0151        0.9960
    661.0192        0.9984
    661.0234        1.0001
    661.0275        1.0007
    661.0317        1.0010
    661.0358        1.0018
    661.0400        1.0031
    661.0441        1.0048
    661.0483        1.0074
    661.0524        1.0112
    661.0566        1.0150
    661.0607        1.0166
    661.0649        1.0143
    661.0690        1.0089
    661.0731        1.0029
    661.0773        0.9994
    661.0814        1.0003
    661.0856        1.0058
    661.0897        1.0142
    661.0939        1.0233
    661.0980        1.0307
    661.1022        1.0356
    661.1063        1.0385
    661.1105        1.0402
    661.1146        0.0000
    661.1188        0.0000
    661.1229        0.0000
    661.1270        0.0000
