    652.7259        1.0044
    652.7317        1.0098
    652.7375        1.0112
    652.7433        1.0075
    652.7491        1.0011
    652.7549        0.9956
    652.7607        0.9965
    652.7665        1.0056
    652.7724        1.0120
    652.7782        1.0076
    652.7840        1.0030
    652.7898        1.0073
    652.7956        1.0139
    652.8014        1.0166
    652.8072        1.0154
    652.8130        1.0132
    652.8189        1.0162
    652.8247        1.0251
    652.8305        1.0301
    652.8363        1.0269
    652.8421        1.0203
    652.8479        1.0148
    652.8537        1.0129
    652.8595        1.0141
    652.8653        1.0156
    652.8712        1.0155
    652.8770        1.0141
    652.8828        1.0136
    652.8886        1.0184
    652.8944        1.0237
    652.9002        1.0188
    652.9060        1.0078
    652.9118        1.0038
    652.9177        1.0080
    652.9235        1.0142
    652.9293        1.0202
    652.9351        1.0258
    652.9409        1.0298
    652.9467        1.0308
    652.9525        1.0284
    652.9583        1.0233
    652.9642        1.0169
    652.9700        1.0112
    652.9758        1.0095
    652.9816        1.0132
    652.9874        1.0166
    652.9932        1.0152
    652.9990        1.0153
    653.0048        1.0222
    653.0107        1.0292
    653.0165        1.0294
    653.0223        1.0239
    653.0281        1.0158
    653.0339        1.0068
    653.0397        0.9990
    653.0455        0.9959
    653.0513        0.9978
    653.0571        0.9990
    653.0630        0.9962
    653.0688        0.9924
    653.0746        0.9903
    653.0804        0.9913
    653.0862        0.9955
    653.0920        1.0020
    653.0978        1.0084
    653.1036        1.0112
    653.1095        1.0097
    653.1153        1.0068
    653.1211        1.0060
    653.1269        1.0108
    653.1327        1.0179
    653.1385        1.0184
    653.1443        1.0133
    653.1501        1.0111
    653.1560        1.0128
    653.1618        1.0134
    653.1676        1.0112
    653.1734        1.0074
    653.1792        1.0051
    653.1850        1.0070
    653.1908        1.0084
    653.1966        1.0008
    653.2025        0.9809
    653.2083        0.9507
    653.2141        0.9212
    653.2199        0.9040
    653.2257        0.8942
    653.2315        0.8837
    653.2373        0.8800
    653.2431        0.8910
    653.2490        0.9094
    653.2548        0.9266
    653.2606        0.9471
    653.2664        0.9745
    653.2722        0.9957
    653.2780        1.0001
    653.2838        1.0004
    653.2896        1.0086
    653.2954        1.0180
    653.3013        1.0209
    653.3071        1.0195
    653.3129        1.0168
    653.3187        1.0108
    653.3245        1.0018
    653.3303        0.9970
    653.3361        1.0002
    653.3419        1.0033
    653.3478        1.0012
    653.3536        1.0016
    653.3594        1.0075
    653.3652        1.0075
    653.3710        0.9955
    653.3768        0.9799
    653.3826        0.9678
    653.3884        0.9571
    653.3943        0.9465
    653.4001        0.9386
    653.4059        0.9364
    653.4117        0.9423
    653.4175        0.9538
    653.4233        0.9605
    653.4291        0.9591
    653.4349        0.9580
    653.4408        0.9624
    653.4466        0.9687
    653.4524        0.9733
    653.4582        0.9747
    653.4640        0.9739
    653.4698        0.9753
    653.4756        0.9793
    653.4814        0.9798
    653.4872        0.9771
    653.4931        0.9817
    653.4989        0.9944
    653.5047        1.0012
    653.5105        0.9987
    653.5163        0.9999
    653.5221        1.0067
    653.5279        1.0074
    653.5337        1.0021
    653.5396        1.0063
    653.5454        1.0187
    653.5512        1.0188
    653.5570        1.0057
    653.5628        0.9998
    653.5686        1.0061
    653.5744        1.0127
    653.5802        1.0141
    653.5861        1.0118
    653.5919        1.0090
    653.5977        1.0094
    653.6035        1.0121
    653.6093        1.0115
    653.6151        1.0071
    653.6209        1.0024
    653.6267        0.9998
    653.6326        1.0000
    653.6384        0.9987
    653.6442        0.9885
    653.6500        0.9755
    653.6558        0.9749
    653.6616        0.9843
    653.6674        0.9866
    653.6732        0.9811
    653.6790        0.9793
    653.6849        0.9822
    653.6907        0.9830
    653.6965        0.9844
    653.7023        0.9950
    653.7081        1.0085
    653.7139        1.0100
    653.7197        1.0027
    653.7255        1.0011
    653.7314        1.0049
    653.7372        1.0041
    653.7430        0.9988
    653.7488        0.9948
    653.7546        0.9957
    653.7604        1.0033
    653.7662        1.0139
    653.7720        1.0210
    653.7779        1.0232
    653.7837        1.0212
    653.7895        1.0170
    653.7953        1.0128
    653.8011        1.0112
    653.8069        1.0143
    653.8127        1.0195
    653.8185        1.0221
    653.8244        1.0200
    653.8302        1.0131
    653.8360        1.0053
    653.8418        1.0012
    653.8476        1.0009
    653.8534        1.0021
    653.8592        1.0022
    653.8650        1.0000
    653.8708        0.9989
    653.8767        1.0028
    653.8825        1.0099
    653.8883        1.0154
    653.8941        1.0169
    653.8999        1.0140
    653.9057        1.0099
    653.9115        1.0086
    653.9173        1.0100
    653.9232        1.0120
    653.9290        1.0128
    653.9348        1.0109
    653.9406        1.0085
    653.9464        1.0082
    653.9522        1.0098
    653.9580        1.0121
    653.9638        1.0128
    653.9697        1.0099
    653.9755        1.0052
    653.9813        1.0010
    653.9871        0.9970
    653.9929        0.9938
    653.9987        0.9983
    654.0045        1.0144
    654.0103        1.0235
    654.0162        1.0100
    654.0220        0.9952
    654.0278        1.0005
    654.0336        1.0087
    654.0394        1.0003
    654.0452        0.9882
    654.0510        0.9886
    654.0568        0.9963
    654.0626        1.0017
    654.0685        1.0029
    654.0743        1.0015
    654.0801        0.9990
    654.0859        0.9977
    654.0917        1.0004
    654.0975        1.0077
    654.1033        1.0155
    654.1091        1.0189
    654.1150        1.0169
    654.1208        1.0105
    654.1266        1.0043
    654.1324        1.0016
    654.1382        0.9997
    654.1440        0.9965
    654.1498        0.9956
    654.1556        0.9991
    654.1615        1.0009
    654.1673        0.9963
    654.1731        0.9903
    654.1789        0.9868
    654.1847        0.9814
    654.1905        0.9715
    654.1963        0.9650
    654.2021        0.9659
    654.2080        0.9644
    654.2138        0.9540
    654.2196        0.9428
    654.2254        0.9376
    654.2312        0.9351
    654.2370        0.9320
    654.2428        0.9307
    654.2486        0.9346
    654.2544        0.9472
    654.2603        0.9666
    654.2661        0.9810
    654.2719        0.9831
    654.2777        0.9788
    654.2835        0.9744
    654.2893        0.9698
    654.2951        0.9660
    654.3009        0.9691
    654.3068        0.9794
    654.3126        0.9841
    654.3184        0.9771
    654.3242        0.9707
    654.3300        0.9729
    654.3358        0.9750
    654.3416        0.9693
    654.3474        0.9552
    654.3533        0.9350
    654.3591        0.9154
    654.3649        0.8992
    654.3707        0.8809
    654.3765        0.8581
    654.3823        0.8379
    654.3881        0.8260
    654.3939        0.8234
    654.3998        0.8298
    654.4056        0.8420
    654.4114        0.8595
    654.4172        0.8857
    654.4230        0.9157
    654.4288        0.9354
    654.4346        0.9457
    654.4404        0.9603
    654.4462        0.9759
    654.4521        0.9781
    654.4579        0.9713
    654.4637        0.9687
    654.4695        0.9690
    654.4753        0.9662
    654.4811        0.9647
    654.4869        0.9698
    654.4927        0.9756
    654.4986        0.9765
    654.5044        0.9758
    654.5102        0.9764
    654.5160        0.9750
    654.5218        0.9706
    654.5276        0.9689
    654.5334        0.9711
    654.5392        0.9714
    654.5451        0.9669
    654.5509        0.9597
    654.5567        0.9526
    654.5625        0.9484
    654.5683        0.9476
    654.5741        0.9482
    654.5799        0.9487
    654.5857        0.9486
    654.5916        0.9503
    654.5974        0.9569
    654.6032        0.9673
    654.6090        0.9783
    654.6148        0.9845
    654.6206        0.9834
    654.6264        0.9798
    654.6322        0.9777
    654.6381        0.9745
    654.6439        0.9686
    654.6497        0.9632
    654.6555        0.9613
    654.6613        0.9657
    654.6671        0.9725
    654.6729        0.9722
    654.6787        0.9656
    654.6845        0.9630
    654.6904        0.9670
    654.6962        0.9734
    654.7020        0.9763
    654.7078        0.9706
    654.7136        0.9596
    654.7194        0.9500
    654.7252        0.9433
    654.7310        0.9377
    654.7369        0.9271
    654.7427        0.9093
    654.7485        0.8966
    654.7543        0.8969
    654.7601        0.9011
    654.7659        0.9016
    654.7717        0.9000
    654.7775        0.9024
    654.7834        0.9188
    654.7892        0.9442
    654.7950        0.9572
    654.8008        0.9526
    654.8066        0.9407
    654.8124        0.9259
    654.8182        0.9082
    654.8240        0.8892
    654.8299        0.8712
    654.8357        0.8531
    654.8415        0.8342
    654.8473        0.8249
    654.8531        0.8350
    654.8589        0.8532
    654.8647        0.8668
    654.8705        0.8785
    654.8763        0.8920
    654.8822        0.9039
    654.8880        0.9109
    654.8938        0.9158
    654.8996        0.9218
    654.9054        0.9288
    654.9112        0.9357
    654.9170        0.9415
    654.9228        0.9459
    654.9287        0.9491
    654.9345        0.9521
    654.9403        0.9568
    654.9461        0.9635
    654.9519        0.9673
    654.9577        0.9631
    654.9635        0.9557
    654.9693        0.9529
    654.9752        0.9549
    654.9810        0.9578
    654.9868        0.9578
    654.9926        0.9521
    654.9984        0.9469
    655.0042        0.9522
    655.0100        0.9625
    655.0158        0.9655
    655.0217        0.9582
    655.0275        0.9436
    655.0333        0.9322
    655.0391        0.9371
    655.0449        0.9517
    655.0507        0.9567
    655.0565        0.9513
    655.0623        0.9491
    655.0681        0.9503
    655.0740        0.9437
    655.0798        0.9317
    655.0856        0.9286
    655.0914        0.9369
    655.0972        0.9459
    655.1030        0.9498
    655.1088        0.9484
    655.1146        0.9450
    655.1205        0.9462
    655.1263        0.9523
    655.1321        0.9559
    655.1379        0.9529
    655.1437        0.9446
    655.1495        0.9351
    655.1553        0.9318
    655.1611        0.9350
    655.1670        0.9361
    655.1728        0.9308
    655.1786        0.9232
    655.1844        0.9173
    655.1902        0.9150
    655.1960        0.9165
    655.2018        0.9199
    655.2076        0.9218
    655.2135        0.9162
    655.2193        0.8997
    655.2251        0.8773
    655.2309        0.8542
    655.2367        0.8345
    655.2425        0.8207
    655.2483        0.8112
    655.2541        0.8035
    655.2599        0.7953
    655.2658        0.7881
    655.2716        0.7980
    655.2774        0.8315
    655.2832        0.8626
    655.2890        0.8717
    655.2948        0.8732
    655.3006        0.8809
    655.3064        0.8905
    655.3123        0.8983
    655.3181        0.9077
    655.3239        0.9177
    655.3297        0.9173
    655.3355        0.9052
    655.3413        0.8952
    655.3471        0.8920
    655.3529        0.8872
    655.3588        0.8784
    655.3646        0.8708
    655.3704        0.8669
    655.3762        0.8661
    655.3820        0.8684
    655.3878        0.8750
    655.3936        0.8818
    655.3994        0.8824
    655.4053        0.8801
    655.4111        0.8843
    655.4169        0.8927
    655.4227        0.8963
    655.4285        0.8953
    655.4343        0.8944
    655.4401        0.8945
    655.4459        0.8944
    655.4517        0.8932
    655.4576        0.8902
    655.4634        0.8856
    655.4692        0.8810
    655.4750        0.8806
    655.4808        0.8861
    655.4866        0.8897
    655.4924        0.8853
    655.4982        0.8787
    655.5041        0.8770
    655.5099        0.8809
    655.5157        0.8882
    655.5215        0.8943
    655.5273        0.8954
    655.5331        0.8908
    655.5389        0.8829
    655.5447        0.8783
    655.5506        0.8795
    655.5564        0.8815
    655.5622        0.8826
    655.5680        0.8864
    655.5738        0.8909
    655.5796        0.8864
    655.5854        0.8756
    655.5912        0.8748
    655.5971        0.8867
    655.6029        0.8990
    655.6087        0.9019
    655.6145        0.8902
    655.6203        0.8755
    655.6261        0.8795
    655.6319        0.8958
    655.6377        0.9006
    655.6435        0.8931
    655.6494        0.8863
    655.6552        0.8849
    655.6610        0.8879
    655.6668        0.8882
    655.6726        0.8783
    655.6784        0.8642
    655.6842        0.8544
    655.6900        0.8461
    655.6959        0.8339
    655.7017        0.8207
    655.7075        0.8114
    655.7133        0.8104
    655.7191        0.8190
    655.7249        0.8291
    655.7307        0.8358
    655.7365        0.8486
    655.7424        0.8712
    655.7482        0.8882
    655.7540        0.8911
    655.7598        0.8935
    655.7656        0.9048
    655.7714        0.9186
    655.7772        0.9263
    655.7830        0.9190
    655.7889        0.8992
    655.7947        0.8885
    655.8005        0.8953
    655.8063        0.9059
    655.8121        0.9135
    655.8179        0.9222
    655.8237        0.9327
    655.8295        0.9414
    655.8353        0.9490
    655.8412        0.9606
    655.8470        0.9756
    655.8528        0.9868
    655.8586        0.9944
    655.8644        1.0040
    655.8702        1.0170
    655.8760        1.0314
    655.8818        1.0460
    655.8877        1.0608
    655.8935        1.0730
    655.8993        1.0794
    655.9051        1.0838
    655.9109        1.0935
    655.9167        1.1131
    655.9225        1.1429
    655.9283        1.1692
    655.9342        1.1760
    655.9400        1.1785
    655.9458        1.1995
    655.9516        1.2289
    655.9574        1.2473
    655.9632        1.2586
    655.9690        1.2739
    655.9748        1.2916
    655.9807        1.3074
    655.9865        1.3226
    655.9923        1.3387
    655.9981        1.3530
    656.0039        1.3626
    656.0097        1.3675
    656.0155        1.3707
    656.0213        1.3798
    656.0271        1.3971
    656.0330        1.4117
    656.0388        1.4179
    656.0446        1.4288
    656.0504        1.4510
    656.0562        1.4699
    656.0620        1.4783
    656.0678        1.4885
    656.0736        1.5062
    656.0795        1.5204
    656.0853        1.5254
    656.0911        1.5279
    656.0969        1.5346
    656.1027        1.5508
    656.1085        1.5734
    656.1143        1.5892
    656.1201        1.5963
    656.1260        1.6075
    656.1318        1.6241
    656.1376        1.6344
    656.1434        1.6378
    656.1492        1.6451
    656.1550        1.6555
    656.1608        1.6581
    656.1666        1.6524
    656.1725        1.6462
    656.1783        1.6402
    656.1841        1.6305
    656.1899        1.6177
    656.1957        1.6054
    656.2015        1.5913
    656.2073        1.5714
    656.2131        1.5526
    656.2190        1.5455
    656.2248        1.5436
    656.2306        1.5346
    656.2364        1.5177
    656.2422        1.4975
    656.2480        1.4838
    656.2538        1.4847
    656.2596        1.4899
    656.2654        1.4879
    656.2713        1.4850
    656.2771        1.4893
    656.2829        1.4944
    656.2887        1.4937
    656.2945        1.4923
    656.3003        1.4939
    656.3061        1.4896
    656.3119        1.4748
    656.3178        1.4631
    656.3236        1.4650
    656.3294        1.4778
    656.3352        1.4932
    656.3410        1.4976
    656.3468        1.4904
    656.3526        1.4940
    656.3584        1.5160
    656.3643        1.5358
    656.3701        1.5410
    656.3759        1.5363
    656.3817        1.5260
    656.3875        1.5094
    656.3933        1.4899
    656.3991        1.4761
    656.4049        1.4723
    656.4108        1.4782
    656.4166        1.4914
    656.4224        1.5076
    656.4282        1.5270
    656.4340        1.5534
    656.4398        1.5837
    656.4456        1.6094
    656.4514        1.6266
    656.4572        1.6348
    656.4631        1.6345
    656.4689        1.6276
    656.4747        1.6215
    656.4805        1.6242
    656.4863        1.6283
    656.4921        1.6201
    656.4979        1.6030
    656.5037        1.5881
    656.5096        1.5763
    656.5154        1.5643
    656.5212        1.5536
    656.5270        1.5454
    656.5328        1.5338
    656.5386        1.5141
    656.5444        1.4951
    656.5502        1.4848
    656.5561        1.4752
    656.5619        1.4582
    656.5677        1.4414
    656.5735        1.4305
    656.5793        1.4153
    656.5851        1.3878
    656.5909        1.3562
    656.5967        1.3290
    656.6026        1.3100
    656.6084        1.2988
    656.6142        1.2884
    656.6200        1.2734
    656.6258        1.2539
    656.6316        1.2321
    656.6374        1.2133
    656.6432        1.1983
    656.6490        1.1804
    656.6549        1.1595
    656.6607        1.1447
    656.6665        1.1374
    656.6723        1.1290
    656.6781        1.1167
    656.6839        1.1036
    656.6897        1.0901
    656.6955        1.0734
    656.7014        1.0581
    656.7072        1.0532
    656.7130        1.0540
    656.7188        1.0467
    656.7246        1.0313
    656.7304        1.0163
    656.7362        1.0061
    656.7420        1.0018
    656.7479        0.9982
    656.7537        0.9882
    656.7595        0.9755
    656.7653        0.9674
    656.7711        0.9636
    656.7769        0.9611
    656.7827        0.9556
    656.7885        0.9449
    656.7944        0.9381
    656.8002        0.9427
    656.8060        0.9478
    656.8118        0.9430
    656.8176        0.9353
    656.8234        0.9316
    656.8292        0.9247
    656.8350        0.9093
    656.8408        0.8929
    656.8467        0.8820
    656.8525        0.8750
    656.8583        0.8692
    656.8641        0.8631
    656.8699        0.8581
    656.8757        0.8608
    656.8815        0.8691
    656.8873        0.8675
    656.8932        0.8552
    656.8990        0.8518
    656.9048        0.8627
    656.9106        0.8745
    656.9164        0.8781
    656.9222        0.8712
    656.9280        0.8611
    656.9338        0.8629
    656.9397        0.8724
    656.9455        0.8707
    656.9513        0.8619
    656.9571        0.8659
    656.9629        0.8801
    656.9687        0.8874
    656.9745        0.8854
    656.9803        0.8811
    656.9862        0.8792
    656.9920        0.8817
    656.9978        0.8830
    657.0036        0.8768
    657.0094        0.8710
    657.0152        0.8758
    657.0210        0.8820
    657.0268        0.8778
    657.0326        0.8710
    657.0385        0.8719
    657.0443        0.8741
    657.0501        0.8689
    657.0559        0.8582
    657.0617        0.8492
    657.0675        0.8542
    657.0733        0.8756
    657.0791        0.8920
    657.0850        0.8892
    657.0908        0.8785
    657.0966        0.8719
    657.1024        0.8731
    657.1082        0.8817
    657.1140        0.8928
    657.1198        0.9006
    657.1256        0.8991
    657.1315        0.8894
    657.1373        0.8826
    657.1431        0.8817
    657.1489        0.8796
    657.1547        0.8750
    657.1605        0.8733
    657.1663        0.8709
    657.1721        0.8570
    657.1780        0.8357
    657.1838        0.8222
    657.1896        0.8167
    657.1954        0.8088
    657.2012        0.8016
    657.2070        0.8052
    657.2128        0.8171
    657.2186        0.8280
    657.2244        0.8364
    657.2303        0.8443
    657.2361        0.8547
    657.2419        0.8696
    657.2477        0.8862
    657.2535        0.8996
    657.2593        0.9069
    657.2651        0.9068
    657.2709        0.9034
    657.2768        0.9025
    657.2826        0.9063
    657.2884        0.9147
    657.2942        0.9210
    657.3000        0.9188
    657.3058        0.9132
    657.3116        0.9107
    657.3174        0.9104
    657.3233        0.9100
    657.3291        0.9101
    657.3349        0.9118
    657.3407        0.9148
    657.3465        0.9186
    657.3523        0.9218
    657.3581        0.9237
    657.3639        0.9246
    657.3698        0.9243
    657.3756        0.9201
    657.3814        0.9129
    657.3872        0.9128
    657.3930        0.9235
    657.3988        0.9323
    657.4046        0.9316
    657.4104        0.9276
    657.4162        0.9269
    657.4221        0.9316
    657.4279        0.9372
    657.4337        0.9304
    657.4395        0.9089
    657.4453        0.8883
    657.4511        0.8750
    657.4569        0.8584
    657.4627        0.8345
    657.4686        0.8108
    657.4744        0.7937
    657.4802        0.7864
    657.4860        0.7889
    657.4918        0.7980
    657.4976        0.8115
    657.5034        0.8287
    657.5092        0.8479
    657.5151        0.8659
    657.5209        0.8816
    657.5267        0.8963
    657.5325        0.9082
    657.5383        0.9122
    657.5441        0.9110
    657.5499        0.9172
    657.5557        0.9318
    657.5616        0.9429
    657.5674        0.9453
    657.5732        0.9424
    657.5790        0.9374
    657.5848        0.9329
    657.5906        0.9308
    657.5964        0.9325
    657.6022        0.9359
    657.6080        0.9357
    657.6139        0.9324
    657.6197        0.9317
    657.6255        0.9353
    657.6313        0.9403
    657.6371        0.9435
    657.6429        0.9418
    657.6487        0.9367
    657.6545        0.9341
    657.6604        0.9349
    657.6662        0.9355
    657.6720        0.9358
    657.6778        0.9396
    657.6836        0.9452
    657.6894        0.9466
    657.6952        0.9449
    657.7010        0.9474
    657.7069        0.9531
    657.7127        0.9529
    657.7185        0.9466
    657.7243        0.9421
    657.7301        0.9412
    657.7359        0.9403
    657.7417        0.9395
    657.7475        0.9429
    657.7534        0.9499
    657.7592        0.9563
    657.7650        0.9590
    657.7708        0.9564
    657.7766        0.9528
    657.7824        0.9571
    657.7882        0.9668
    657.7940        0.9716
    657.7999        0.9678
    657.8057        0.9565
    657.8115        0.9451
    657.8173        0.9439
    657.8231        0.9516
    657.8289        0.9597
    657.8347        0.9647
    657.8405        0.9671
    657.8463        0.9658
    657.8522        0.9593
    657.8580        0.9522
    657.8638        0.9523
    657.8696        0.9569
    657.8754        0.9575
    657.8812        0.9547
    657.8870        0.9549
    657.8928        0.9575
    657.8987        0.9579
    657.9045        0.9569
    657.9103        0.9581
    657.9161        0.9604
    657.9219        0.9607
    657.9277        0.9595
    657.9335        0.9595
    657.9393        0.9618
    657.9452        0.9656
    657.9510        0.9677
    657.9568        0.9641
    657.9626        0.9592
    657.9684        0.9603
    657.9742        0.9658
    657.9800        0.9707
    657.9858        0.9743
    657.9917        0.9772
    657.9975        0.9745
    658.0033        0.9616
    658.0091        0.9536
    658.0149        0.9676
    658.0207        0.9857
    658.0265        0.9822
    658.0323        0.9682
    658.0381        0.9642
    658.0440        0.9636
    658.0498        0.9537
    658.0556        0.9412
    658.0614        0.9373
    658.0672        0.9377
    658.0730        0.9342
    658.0788        0.9278
    658.0846        0.9230
    658.0905        0.9215
    658.0963        0.9235
    658.1021        0.9298
    658.1079        0.9396
    658.1137        0.9494
    658.1195        0.9559
    658.1253        0.9593
    658.1311        0.9606
    658.1370        0.9594
    658.1428        0.9567
    658.1486        0.9578
    658.1544        0.9636
    658.1602        0.9654
    658.1660        0.9607
    658.1718        0.9641
    658.1776        0.9801
    658.1835        0.9921
    658.1893        0.9908
    658.1951        0.9834
    658.2009        0.9769
    658.2067        0.9759
    658.2125        0.9794
    658.2183        0.9803
    658.2241        0.9770
    658.2299        0.9750
    658.2358        0.9750
    658.2416        0.9721
    658.2474        0.9675
    658.2532        0.9680
    658.2590        0.9713
    658.2648        0.9678
    658.2706        0.9609
    658.2764        0.9625
    658.2823        0.9696
    658.2881        0.9702
    658.2939        0.9661
    658.2997        0.9657
    658.3055        0.9669
    658.3113        0.9631
    658.3171        0.9564
    658.3229        0.9518
    658.3288        0.9467
    658.3346        0.9372
    658.3404        0.9276
    658.3462        0.9239
    658.3520        0.9288
    658.3578        0.9411
    658.3636        0.9506
    658.3694        0.9498
    658.3753        0.9489
    658.3811        0.9565
    658.3869        0.9647
    658.3927        0.9661
    658.3985        0.9643
    658.4043        0.9648
    658.4101        0.9734
    658.4159        0.9905
    658.4217        1.0051
    658.4276        1.0099
    658.4334        1.0059
    658.4392        0.9982
    658.4450        0.9952
    658.4508        0.9983
    658.4566        0.9991
    658.4624        0.9943
    658.4682        0.9871
    658.4741        0.9789
    658.4799        0.9687
    658.4857        0.9606
    658.4915        0.9629
    658.4973        0.9732
    658.5031        0.9815
    658.5089        0.9838
    658.5147        0.9803
    658.5206        0.9758
    658.5264        0.9762
    658.5322        0.9801
    658.5380        0.9824
    658.5438        0.9797
    658.5496        0.9711
    658.5554        0.9628
    658.5612        0.9621
    658.5671        0.9665
    658.5729        0.9701
    658.5787        0.9694
    658.5845        0.9639
    658.5903        0.9607
    658.5961        0.9657
    658.6019        0.9752
    658.6077        0.9830
    658.6135        0.9843
    658.6194        0.9775
    658.6252        0.9676
    658.6310        0.9594
    658.6368        0.9574
    658.6426        0.9572
    658.6484        0.9590
    658.6542        0.9173
    658.6600        0.9129
    658.6659        0.9107
    658.6717        0.9213
    658.6775        0.9309
    658.6833        0.9301
    658.6891        0.9341
    658.6949        0.9534
    658.7007        0.9687
    658.7065        0.9678
    658.7124        0.9684
    658.7182        0.9809
    658.7240        0.9952
    658.7298        1.0031
    658.7356        1.0037
    658.7414        0.9976
    658.7472        0.9872
    658.7530        0.9774
    658.7589        0.9751
    658.7647        0.9802
    658.7705        0.9860
    658.7763        0.9894
    658.7821        0.9900
    658.7879        0.9888
    658.7937        0.9880
    658.7995        0.9915
    658.8053        1.0012
    658.8112        1.0056
    658.8170        0.9943
    658.8228        0.9852
    658.8286        0.9953
    658.8344        1.0078
    658.8402        1.0057
    658.8460        0.9958
    658.8518        0.9873
    658.8577        0.9836
    658.8635        0.9843
    658.8693        0.9847
    658.8751        0.9824
    658.8809        0.9803
    658.8867        0.9811
    658.8925        0.9861
    658.8983        0.9918
    658.9042        0.9899
    658.9100        0.9846
    658.9158        0.9896
    658.9216        1.0003
    658.9274        1.0011
    658.9332        0.9964
    658.9390        0.9998
    658.9448        1.0039
    658.9507        0.9964
    658.9565        0.9867
    658.9623        0.9880
    658.9681        0.9970
    658.9739        1.0049
    658.9797        1.0044
    658.9855        0.9956
    658.9913        0.9933
    658.9971        1.0038
    659.0030        1.0123
    659.0088        1.0113
    659.0146        1.0116
    659.0204        1.0160
    659.0262        1.0144
    659.0320        1.0064
    659.0378        1.0034
    659.0436        1.0074
    659.0495        1.0113
    659.0553        1.0112
    659.0611        1.0069
    659.0669        1.0039
    659.0727        1.0092
    659.0785        1.0154
    659.0843        1.0114
    659.0901        1.0003
    659.0960        0.9909
    659.1018        0.9898
    659.1076        0.9987
    659.1134        1.0077
    659.1192        1.0083
    659.1250        1.0009
    659.1308        0.9904
    659.1366        0.9855
    659.1425        0.9900
    659.1483        1.0000
    659.1541        1.0088
    659.1599        1.0076
    659.1657        0.9983
    659.1715        0.9917
    659.1773        0.9912
    659.1831        0.9938
    659.1889        0.9963
    659.1948        0.9963
    659.2006        0.9970
    659.2064        1.0028
    659.2122        1.0080
    659.2180        1.0057
    659.2238        1.0018
    659.2296        1.0040
    659.2354        1.0130
    659.2413        1.0246
    659.2471        1.0267
    659.2529        1.0142
    659.2587        1.0014
    659.2645        0.9979
    659.2703        1.0009
    659.2761        1.0045
    659.2819        1.0007
    659.2878        0.9924
    659.2936        0.9933
    659.2994        1.0014
    659.3052        1.0017
    659.3110        0.9961
    659.3168        0.9960
    659.3226        0.9975
    659.3284        0.9914
    659.3343        0.9875
    659.3401        0.9986
    659.3459        1.0140
    659.3517        1.0194
    659.3575        1.0158
    659.3633        1.0084
    659.3691        1.0042
    659.3749        1.0066
    659.3808        1.0107
    659.3866        1.0114
    659.3924        1.0064
    659.3982        0.9969
    659.4040        0.9887
    659.4098        0.9833
    659.4156        0.9771
    659.4214        0.9701
    659.4272        0.9650
    659.4331        0.9648
    659.4389        0.9711
    659.4447        0.9824
    659.4505        0.9944
    659.4563        1.0013
    659.4621        0.9999
    659.4679        0.9949
    659.4737        0.9919
    659.4796        0.9907
    659.4854        0.9914
    659.4912        0.9973
    659.4970        1.0087
    659.5028        1.0209
    659.5086        1.0272
    659.5144        1.0190
    659.5202        1.0017
    659.5261        0.9928
    659.5319        0.9957
    659.5377        1.0017
    659.5435        1.0057
    659.5493        1.0058
    659.5551        1.0055
    659.5609        1.0097
    659.5667        1.0150
    659.5726        1.0172
    659.5784        1.0195
    659.5842        1.0246
    659.5900        1.0255
    659.5958        1.0180
    659.6016        1.0092
    659.6074        1.0044
    659.6132        1.0031
    659.6190        1.0039
    659.6249        1.0051
    659.6307        1.0057
    659.6365        1.0055
    659.6423        1.0035
    659.6481        0.9986
    659.6539        0.9941
    659.6597        0.9952
    659.6655        0.9987
    659.6714        0.9989
    659.6772        0.9971
    659.6830        0.9964
    659.6888        0.9973
    659.6946        0.9990
    659.7004        0.9994
    659.7062        0.9978
    659.7120        0.9980
    659.7179        1.0017
    659.7237        1.0059
    659.7295        1.0093
    659.7353        1.0124
    659.7411        1.0134
    659.7469        1.0095
    659.7527        1.0056
    659.7585        1.0102
    659.7644        1.0158
    659.7702        1.0108
    659.7760        1.0040
    659.7818        1.0066
    659.7876        1.0090
    659.7934        1.0023
    659.7992        0.9967
    659.8050        0.9997
    659.8108        1.0039
    659.8167        1.0056
    659.8225        1.0102
    659.8283        1.0169
    659.8341        1.0164
    659.8399        1.0116
    659.8457        1.0154
    659.8515        1.0220
    659.8573        1.0156
    659.8632        1.0031
    659.8690        0.9999
    659.8748        1.0007
    659.8806        0.9958
    659.8864        0.9877
    659.8922        0.9813
    659.8980        0.9787
    659.9038        0.9782
    659.9097        0.9719
    659.9155        0.9602
    659.9213        0.9580
    659.9271        0.9695
    659.9329        0.9834
    659.9387        0.9934
    659.9445        0.9988
    659.9503        1.0012
    659.9562        1.0033
    659.9620        1.0010
    659.9678        0.9903
    659.9736        0.9811
    659.9794        0.9841
    659.9852        0.9954
    659.9910        1.0068
    659.9968        1.0119
    660.0026        1.0102
    660.0085        1.0094
    660.0143        1.0124
    660.0201        1.0139
    660.0259        1.0118
    660.0317        1.0087
    660.0375        1.0069
    660.0433        1.0081
    660.0491        1.0076
    660.0550        0.9994
    660.0608        0.9921
    660.0666        0.9957
    660.0724        1.0025
    660.0782        1.0032
    660.0840        0.9994
    660.0898        0.9964
    660.0956        1.0013
    660.1015        1.0137
    660.1073        1.0204
    660.1131        1.0169
    660.1189        1.0103
    660.1247        1.0059
    660.1305        1.0063
    660.1363        1.0087
    660.1421        1.0076
    660.1480        1.0037
    660.1538        1.0003
    660.1596        0.9989
    660.1654        0.9986
    660.1712        0.9930
    660.1770        0.9818
    660.1828        0.9782
    660.1886        0.9866
    660.1944        0.9945
    660.2003        0.9946
    660.2061        0.9881
    660.2119        0.9827
    660.2177        0.9891
    660.2235        1.0017
    660.2293        1.0069
    660.2351        1.0031
    660.2409        0.9953
    660.2468        0.9915
    660.2526        0.9966
    660.2584        1.0026
    660.2642        1.0038
    660.2700        1.0055
    660.2758        1.0102
    660.2816        1.0134
    660.2874        1.0122
    660.2933        1.0060
    660.2991        0.9970
    660.3049        0.9900
    660.3107        0.9915
    660.3165        1.0048
    660.3223        1.0168
    660.3281        1.0139
    660.3339        1.0072
    660.3398        1.0092
    660.3456        1.0141
    660.3514        1.0157
    660.3572        1.0131
    660.3630        1.0084
    660.3688        1.0053
    660.3746        1.0044
    660.3804        1.0027
    660.3862        0.9980
    660.3921        0.9895
    660.3979        0.9841
    660.4037        0.9890
    660.4095        0.9980
    660.4153        1.0033
    660.4211        1.0074
    660.4269        1.0131
    660.4327        1.0179
    660.4386        1.0211
    660.4444        1.0254
    660.4502        1.0266
    660.4560        1.0144
    660.4618        0.9977
    660.4676        0.9982
    660.4734        1.0084
    660.4792        1.0080
    660.4851        1.0002
    660.4909        0.9963
    660.4967        1.0001
    660.5025        1.0087
    660.5083        1.0086
    660.5141        0.9962
    660.5199        0.9861
    660.5257        0.9859
    660.5316        0.9919
    660.5374        0.9986
    660.5432        1.0007
    660.5490        1.0012
    660.5548        1.0062
    660.5606        1.0120
    660.5664        1.0134
    660.5722        1.0142
    660.5780        1.0177
    660.5839        1.0194
    660.5897        1.0161
    660.5955        1.0098
    660.6013        1.0063
    660.6071        1.0135
    660.6129        1.0275
    660.6187        1.0340
    660.6245        1.0314
    660.6304        1.0259
    660.6362        1.0198
    660.6420        1.0147
    660.6478        1.0145
    660.6536        1.0195
    660.6594        1.0203
    660.6652        1.0142
    660.6710        1.0115
    660.6769        1.0143
    660.6827        1.0141
    660.6885        1.0070
    660.6943        0.9948
    660.7001        0.9909
    660.7059        1.0090
    660.7117        1.0298
    660.7175        1.0308
    660.7234        1.0207
    660.7292        1.0112
    660.7350        1.0046
    660.7408        1.0028
    660.7466        1.0084
    660.7524        1.0187
    660.7582        1.0252
    660.7640        1.0224
    660.7698        1.0098
    660.7757        0.9988
    660.7815        1.0017
    660.7873        1.0101
    660.7931        1.0132
    660.7989        1.0135
    660.8047        1.0148
    660.8105        1.0154
    660.8163        1.0132
    660.8222        1.0065
    660.8280        0.9992
    660.8338        0.9992
    660.8396        1.0067
    660.8454        1.0174
    660.8512        1.0251
    660.8570        1.0252
    660.8628        1.0209
    660.8687        1.0181
    660.8745        1.0238
    660.8803        1.0358
    660.8861        1.0377
    660.8919        1.0258
    660.8977        1.0108
    660.9035        1.0050
    660.9093        1.0161
    660.9152        1.0265
    660.9210        1.0156
    660.9268        1.0004
    660.9326        0.9994
    660.9384        1.0038
    660.9442        1.0062
    660.9500        1.0122
    660.9558        1.0191
    660.9617        1.0136
    660.9675        1.0002
    660.9733        0.9963
    660.9791        1.0051
    660.9849        1.0200
    660.9907        1.0282
    660.9965        1.0216
    661.0023        1.0098
    661.0081        1.0034
    661.0140        1.0064
    661.0198        1.0148
    661.0256        1.0174
    661.0314        1.0129
    661.0372        1.0083
    661.0430        1.0085
    661.0488        1.0156
    661.0546        1.0218
    661.0605        1.0202
    661.0663        1.0156
    661.0721        1.0135
    661.0779        1.0150
    661.0837        1.0183
    661.0895        1.0194
    661.0953        1.0173
    661.1011        1.0139
    661.1070        1.0087
    661.1128        1.0009
    661.1186        0.9934
    661.1244        0.9897
    661.1302        0.9910
    661.1360        0.9961
    661.1418        1.0003
    661.1476        1.0015
    661.1535        1.0011
    661.1593        0.9984
    661.1651        0.9920
    661.1709        0.9901
    661.1767        1.0036
    661.1825        1.0275
    661.1883        1.0628
    661.1941        1.0648
    661.1999        1.0195
    661.2058        1.0277
    661.2116        1.0256
    661.2174        1.0262
    661.2232        1.0262
    661.2290        1.0263
    661.2348        1.0263
    661.2406        1.0264
    661.2464        1.0265
    661.2523        1.0265
