    650.3803        0.9978
    650.3845        0.9924
    650.3886        0.9876
    650.3928        0.9841
    650.3969        0.9821
    650.4011        0.9815
    650.4052        0.9818
    650.4093        0.9824
    650.4135        0.9828
    650.4176        0.9826
    650.4218        0.9814
    650.4259        0.9793
    650.4301        0.9770
    650.4342        0.9756
    650.4384        0.9768
    650.4425        0.9813
    650.4467        0.9893
    650.4508        0.9995
    650.4549        1.0104
    650.4591        1.0207
    650.4632        1.0294
    650.4674        1.0367
    650.4715        1.0426
    650.4757        1.0476
    650.4798        1.0514
    650.4840        1.0529
    650.4881        1.0514
    650.4923        1.0459
    650.4964        1.0369
    650.5006        1.0256
    650.5047        1.0139
    650.5088        1.0039
    650.5130        0.9965
    650.5171        0.9918
    650.5213        0.9891
    650.5254        0.9872
    650.5296        0.9851
    650.5337        0.9824
    650.5379        0.9790
    650.5420        0.9753
    650.5462        0.9725
    650.5503        0.9715
    650.5544        0.9736
    650.5586        0.9793
    650.5627        0.9882
    650.5669        0.9990
    650.5710        1.0099
    650.5752        1.0195
    650.5793        1.0267
    650.5835        1.0318
    650.5876        1.0353
    650.5918        1.0379
    650.5959        1.0399
    650.6001        1.0413
    650.6042        1.0423
    650.6083        1.0426
    650.6125        1.0425
    650.6166        1.0419
    650.6208        1.0408
    650.6249        1.0386
    650.6291        1.0359
    650.6332        1.0328
    650.6374        1.0298
    650.6415        1.0274
    650.6457        1.0257
    650.6498        1.0250
    650.6540        1.0253
    650.6581        1.0268
    650.6622        1.0292
    650.6664        1.0325
    650.6705        1.0357
    650.6747        1.0381
    650.6788        1.0389
    650.6830        1.0375
    650.6871        1.0336
    650.6913        1.0271
    650.6954        1.0185
    650.6996        1.0085
    650.7037        0.9989
    650.7078        0.9912
    650.7120        0.9870
    650.7161        0.9863
    650.7203        0.9887
    650.7244        0.9925
    650.7286        0.9964
    650.7327        0.9998
    650.7369        1.0027
    650.7410        1.0057
    650.7452        1.0093
    650.7493        1.0140
    650.7535        1.0195
    650.7576        1.0252
    650.7617        1.0297
    650.7659        1.0318
    650.7700        1.0308
    650.7742        1.0267
    650.7783        1.0212
    650.7825        1.0164
    650.7866        1.0143
    650.7908        1.0158
    650.7949        1.0196
    650.7991        1.0232
    650.8032        1.0238
    650.8074        1.0189
    650.8115        1.0081
    650.8156        0.9925
    650.8198        0.9750
    650.8239        0.9590
    650.8281        0.9467
    650.8322        0.9389
    650.8364        0.9343
    650.8405        0.9302
    650.8447        0.9241
    650.8488        0.9144
    650.8530        0.9013
    650.8571        0.8865
    650.8612        0.8722
    650.8654        0.8607
    650.8695        0.8539
    650.8737        0.8529
    650.8778        0.8573
    650.8820        0.8663
    650.8861        0.8780
    650.8903        0.8905
    650.8944        0.9026
    650.8986        0.9135
    650.9027        0.9236
    650.9069        0.9333
    650.9110        0.9430
    650.9151        0.9523
    650.9193        0.9606
    650.9234        0.9667
    650.9276        0.9695
    650.9317        0.9690
    650.9359        0.9661
    650.9400        0.9623
    650.9442        0.9601
    650.9483        0.9605
    650.9525        0.9643
    650.9566        0.9709
    650.9607        0.9788
    650.9649        0.9865
    650.9690        0.9928
    650.9732        0.9972
    650.9773        0.9998
    650.9815        1.0008
    650.9856        1.0009
    650.9898        1.0002
    650.9939        0.9984
    650.9981        0.9956
    651.0022        0.9914
    651.0064        0.9863
    651.0105        0.9815
    651.0146        0.9785
    651.0188        0.9793
    651.0229        0.9847
    651.0271        0.9943
    651.0312        1.0064
    651.0354        1.0181
    651.0395        1.0267
    651.0437        1.0300
    651.0478        1.0275
    651.0520        1.0195
    651.0561        1.0075
    651.0603        0.9931
    651.0644        0.9786
    651.0685        0.9661
    651.0727        0.9570
    651.0768        0.9525
    651.0810        0.9527
    651.0851        0.9566
    651.0893        0.9622
    651.0934        0.9678
    651.0976        0.9721
    651.1017        0.9749
    651.1059        0.9767
    651.1100        0.9781
    651.1141        0.9796
    651.1183        0.9807
    651.1224        0.9811
    651.1266        0.9808
    651.1307        0.9804
    651.1349        0.9810
    651.1390        0.9835
    651.1432        0.9886
    651.1473        0.9960
    651.1515        1.0047
    651.1556        1.0133
    651.1598        1.0210
    651.1639        1.0268
    651.1680        1.0307
    651.1722        1.0330
    651.1763        1.0340
    651.1805        1.0341
    651.1846        1.0331
    651.1888        1.0303
    651.1929        1.0255
    651.1971        1.0187
    651.2012        1.0104
    651.2054        1.0019
    651.2095        0.9945
    651.2137        0.9891
    651.2178        0.9860
    651.2219        0.9846
    651.2261        0.9838
    651.2302        0.9824
    651.2344        0.9794
    651.2385        0.9752
    651.2427        0.9709
    651.2468        0.9683
    651.2510        0.9693
    651.2551        0.9750
    651.2593        0.9856
    651.2634        1.0003
    651.2675        1.0169
    651.2717        1.0328
    651.2758        1.0452
    651.2800        1.0524
    651.2841        1.0535
    651.2883        1.0490
    651.2924        1.0406
    651.2966        1.0305
    651.3007        1.0209
    651.3049        1.0137
    651.3090        1.0097
    651.3132        1.0092
    651.3173        1.0113
    651.3214        1.0149
    651.3256        1.0187
    651.3297        1.0216
    651.3339        1.0239
    651.3380        1.0257
    651.3422        1.0275
    651.3463        1.0293
    651.3505        1.0304
    651.3546        1.0303
    651.3588        1.0282
    651.3629        1.0241
    651.3670        1.0184
    651.3712        1.0116
    651.3753        1.0038
    651.3795        0.9948
    651.3836        0.9839
    651.3878        0.9715
    651.3919        0.9582
    651.3961        0.9458
    651.4002        0.9365
    651.4044        0.9313
    651.4085        0.9304
    651.4127        0.9323
    651.4168        0.9353
    651.4209        0.9381
    651.4251        0.9406
    651.4292        0.9431
    651.4334        0.9466
    651.4375        0.9512
    651.4417        0.9564
    651.4458        0.9614
    651.4500        0.9652
    651.4541        0.9671
    651.4583        0.9668
    651.4624        0.9642
    651.4666        0.9597
    651.4707        0.9537
    651.4748        0.9470
    651.4790        0.9407
    651.4831        0.9362
    651.4873        0.9349
    651.4914        0.9378
    651.4956        0.9457
    651.4997        0.9581
    651.5039        0.9746
    651.5080        0.9941
    651.5122        1.0149
    651.5163        1.0354
    651.5204        1.0542
    651.5246        1.0701
    651.5287        1.0829
    651.5329        1.0930
    651.5370        1.1006
    651.5412        1.1052
    651.5453        1.1061
    651.5495        1.1018
    651.5536        1.0917
    651.5578        1.0765
    651.5619        1.0580
    651.5661        1.0393
    651.5702        1.0233
    651.5743        1.0123
    651.5785        1.0068
    651.5826        1.0069
    651.5868        1.0114
    651.5909        1.0183
    651.5951        1.0254
    651.5992        1.0301
    651.6034        1.0306
    651.6075        1.0257
    651.6117        1.0154
    651.6158        1.0004
    651.6200        0.9823
    651.6241        0.9622
    651.6282        0.9416
    651.6324        0.9215
    651.6365        0.9022
    651.6407        0.8839
    651.6448        0.8663
    651.6490        0.8487
    651.6531        0.8312
    651.6573        0.8143
    651.6614        0.7993
    651.6656        0.7881
    651.6697        0.7826
    651.6738        0.7840
    651.6780        0.7925
    651.6821        0.8070
    651.6863        0.8257
    651.6904        0.8455
    651.6946        0.8637
    651.6987        0.8779
    651.7029        0.8872
    651.7070        0.8916
    651.7112        0.8925
    651.7153        0.8916
    651.7195        0.8904
    651.7236        0.8905
    651.7277        0.8924
    651.7319        0.8963
    651.7360        0.9017
    651.7402        0.9080
    651.7443        0.9152
    651.7485        0.9232
    651.7526        0.9327
    651.7568        0.9442
    651.7609        0.9576
    651.7651        0.9716
    651.7692        0.9841
    651.7733        0.9929
    651.7775        0.9962
    651.7816        0.9937
    651.7858        0.9873
    651.7899        0.9804
    651.7941        0.9767
    651.7982        0.9790
    651.8024        0.9872
    651.8065        0.9999
    651.8107        1.0139
    651.8148        1.0260
    651.8190        1.0338
    651.8231        1.0358
    651.8272        1.0321
    651.8314        1.0234
    651.8355        1.0123
    651.8397        1.0014
    651.8438        0.9937
    651.8480        0.9910
    651.8521        0.9935
    651.8563        0.9995
    651.8604        1.0055
    651.8646        1.0087
    651.8687        1.0078
    651.8729        1.0030
    651.8770        0.9961
    651.8811        0.9891
    651.8853        0.9835
    651.8894        0.9792
    651.8936        0.9756
    651.8977        0.9721
    651.9019        0.9686
    651.9060        0.9664
    651.9102        0.9668
    651.9143        0.9706
    651.9185        0.9775
    651.9226        0.9855
    651.9267        0.9919
    651.9309        0.9946
    651.9350        0.9921
    651.9392        0.9856
    651.9433        0.9777
    651.9475        0.9716
    651.9516        0.9701
    651.9558        0.9740
    651.9599        0.9821
    651.9641        0.9913
    651.9682        0.9987
    651.9724        1.0020
    651.9765        1.0011
    651.9806        0.9974
    651.9848        0.9928
    651.9889        0.9898
    651.9931        0.9901
    651.9972        0.9942
    652.0014        1.0020
    652.0055        1.0117
    652.0097        1.0215
    652.0138        1.0296
    652.0180        1.0349
    652.0221        1.0371
    652.0263        1.0371
    652.0304        1.0357
    652.0345        1.0342
    652.0387        1.0331
    652.0428        1.0326
    652.0470        1.0328
    652.0511        1.0337
    652.0553        1.0350
    652.0594        1.0369
    652.0636        1.0395
    652.0677        1.0419
    652.0719        1.0434
    652.0760        1.0431
    652.0801        1.0402
    652.0843        1.0349
    652.0884        1.0275
    652.0926        1.0191
    652.0967        1.0106
    652.1009        1.0030
    652.1050        0.9962
    652.1092        0.9903
    652.1133        0.9852
    652.1175        0.9808
    652.1216        0.9780
    652.1258        0.9773
    652.1299        0.9797
    652.1340        0.9843
    652.1382        0.9904
    652.1423        0.9966
    652.1465        1.0021
    652.1506        1.0069
    652.1548        1.0117
    652.1589        1.0173
    652.1631        1.0245
    652.1672        1.0334
    652.1714        1.0435
    652.1755        1.0538
    652.1796        1.0629
    652.1838        1.0693
    652.1879        1.0715
    652.1921        1.0684
    652.1962        1.0598
    652.2004        1.0464
    652.2045        1.0304
    652.2087        1.0146
    652.2128        1.0018
    652.2170        0.9941
    652.2211        0.9920
    652.2253        0.9945
    652.2294        0.9996
    652.2335        1.0052
    652.2377        1.0089
    652.2418        1.0098
    652.2460        1.0076
    652.2501        1.0027
    652.2543        0.9957
    652.2584        0.9873
    652.2626        0.9786
    652.2667        0.9713
    652.2709        0.9669
    652.2750        0.9665
    652.2792        0.9702
    652.2833        0.9772
    652.2874        0.9863
    652.2916        0.9960
    652.2957        1.0049
    652.2999        1.0128
    652.3040        1.0196
    652.3082        1.0258
    652.3123        1.0325
    652.3165        1.0399
    652.3206        1.0477
    652.3248        1.0542
    652.3289        1.0578
    652.3330        1.0570
    652.3372        1.0515
    652.3413        1.0429
    652.3455        1.0331
    652.3496        1.0242
    652.3538        1.0176
    652.3579        1.0138
    652.3621        1.0118
    652.3662        1.0099
    652.3704        1.0066
    652.3745        1.0005
    652.3787        0.9911
    652.3828        0.9785
    652.3869        0.9635
    652.3911        0.9474
    652.3952        0.9318
    652.3994        0.9185
    652.4035        0.9096
    652.4077        0.9060
    652.4118        0.9086
    652.4160        0.9160
    652.4201        0.9266
    652.4243        0.9381
    652.4284        0.9490
    652.4325        0.9590
    652.4367        0.9687
    652.4408        0.9794
    652.4450        0.9923
    652.4491        1.0073
    652.4533        1.0238
    652.4574        1.0401
    652.4616        1.0545
    652.4657        1.0659
    652.4699        1.0744
    652.4740        1.0811
    652.4782        1.0873
    652.4823        1.0945
    652.4864        1.1026
    652.4906        1.1100
    652.4947        1.1144
    652.4989        1.1135
    652.5030        1.1058
    652.5072        1.0919
    652.5113        1.0741
    652.5155        1.0556
    652.5196        1.0394
    652.5238        1.0276
    652.5279        1.0204
    652.5321        1.0172
    652.5362        1.0167
    652.5403        1.0183
    652.5445        1.0217
    652.5486        1.0266
    652.5528        1.0329
    652.5569        1.0389
    652.5611        1.0431
    652.5652        1.0440
    652.5694        1.0417
    652.5735        1.0372
    652.5777        1.0326
    652.5818        1.0292
    652.5859        1.0275
    652.5901        1.0269
    652.5942        1.0258
    652.5984        1.0232
    652.6025        1.0189
    652.6067        1.0137
    652.6108        1.0092
    652.6150        1.0067
    652.6191        1.0071
    652.6233        1.0104
    652.6274        1.0156
    652.6316        1.0217
    652.6357        1.0273
    652.6398        1.0310
    652.6440        1.0320
    652.6481        1.0297
    652.6523        1.0239
    652.6564        1.0159
    652.6606        1.0070
    652.6647        0.9995
    652.6689        0.9949
    652.6730        0.9941
    652.6772        0.9963
    652.6813        1.0001
    652.6855        1.0041
    652.6896        1.0073
    652.6937        1.0103
    652.6979        1.0141
    652.7020        1.0198
    652.7062        1.0273
    652.7103        1.0354
    652.7145        1.0418
    652.7186        1.0440
    652.7228        1.0410
    652.7269        1.0336
    652.7311        1.0241
    652.7352        1.0157
    652.7393        1.0109
    652.7435        1.0110
    652.7476        1.0154
    652.7518        1.0220
    652.7559        1.0284
    652.7601        1.0323
    652.7642        1.0321
    652.7684        1.0279
    652.7725        1.0205
    652.7767        1.0117
    652.7808        1.0029
    652.7850        0.9952
    652.7891        0.9890
    652.7932        0.9844
    652.7974        0.9815
    652.8015        0.9801
    652.8057        0.9805
    652.8098        0.9823
    652.8140        0.9854
    652.8181        0.9899
    652.8223        0.9957
    652.8264        1.0026
    652.8306        1.0100
    652.8347        1.0169
    652.8388        1.0216
    652.8430        1.0226
    652.8471        1.0191
    652.8513        1.0110
    652.8554        1.0001
    652.8596        0.9887
    652.8637        0.9802
    652.8679        0.9771
    652.8720        0.9813
    652.8762        0.9926
    652.8803        1.0097
    652.8845        1.0295
    652.8886        1.0486
    652.8927        1.0631
    652.8969        1.0706
    652.9010        1.0704
    652.9052        1.0640
    652.9093        1.0545
    652.9135        1.0463
    652.9176        1.0420
    652.9218        1.0432
    652.9259        1.0484
    652.9301        1.0553
    652.9342        1.0605
    652.9384        1.0616
    652.9425        1.0578
    652.9466        1.0501
    652.9508        1.0403
    652.9549        1.0305
    652.9591        1.0221
    652.9632        1.0152
    652.9674        1.0099
    652.9715        1.0068
    652.9757        1.0066
    652.9798        1.0111
    652.9840        1.0205
    652.9881        1.0343
    652.9922        1.0499
    652.9964        1.0646
    653.0005        1.0749
    653.0047        1.0792
    653.0088        1.0766
    653.0130        1.0677
    653.0171        1.0544
    653.0213        1.0388
    653.0254        1.0237
    653.0296        1.0107
    653.0337        1.0009
    653.0379        0.9937
    653.0420        0.9883
    653.0461        0.9834
    653.0503        0.9783
    653.0544        0.9737
    653.0586        0.9704
    653.0627        0.9694
    653.0669        0.9712
    653.0710        0.9750
    653.0752        0.9793
    653.0793        0.9825
    653.0835        0.9835
    653.0876        0.9823
    653.0918        0.9793
    653.0959        0.9758
    653.1000        0.9726
    653.1042        0.9704
    653.1083        0.9692
    653.1125        0.9688
    653.1166        0.9695
    653.1208        0.9719
    653.1249        0.9770
    653.1291        0.9854
    653.1332        0.9973
    653.1374        1.0118
    653.1415        1.0278
    653.1456        1.0433
    653.1498        1.0567
    653.1539        1.0661
    653.1581        1.0704
    653.1622        1.0694
    653.1664        1.0633
    653.1705        1.0540
    653.1747        1.0431
    653.1788        1.0323
    653.1830        1.0220
    653.1871        1.0122
    653.1913        1.0020
    653.1954        0.9908
    653.1995        0.9788
    653.2037        0.9669
    653.2078        0.9568
    653.2120        0.9501
    653.2161        0.9473
    653.2203        0.9480
    653.2244        0.9504
    653.2286        0.9526
    653.2327        0.9534
    653.2369        0.9528
    653.2410        0.9514
    653.2451        0.9505
    653.2493        0.9515
    653.2534        0.9547
    653.2576        0.9600
    653.2617        0.9671
    653.2659        0.9754
    653.2700        0.9841
    653.2742        0.9922
    653.2783        0.9982
    653.2825        1.0009
    653.2866        0.9992
    653.2908        0.9938
    653.2949        0.9866
    653.2990        0.9802
    653.3032        0.9769
    653.3073        0.9782
    653.3115        0.9841
    653.3156        0.9928
    653.3198        1.0021
    653.3239        1.0098
    653.3281        1.0151
    653.3322        1.0182
    653.3364        1.0206
    653.3405        1.0242
    653.3447        1.0303
    653.3488        1.0393
    653.3529        1.0506
    653.3571        1.0627
    653.3612        1.0735
    653.3654        1.0807
    653.3695        1.0818
    653.3737        1.0752
    653.3778        1.0604
    653.3820        1.0384
    653.3861        1.0119
    653.3903        0.9845
    653.3944        0.9604
    653.3985        0.9417
    653.4027        0.9298
    653.4068        0.9240
    653.4110        0.9232
    653.4151        0.9251
    653.4193        0.9278
    653.4234        0.9299
    653.4276        0.9306
    653.4317        0.9311
    653.4359        0.9336
    653.4400        0.9401
    653.4442        0.9522
    653.4483        0.9691
    653.4524        0.9887
    653.4566        1.0073
    653.4607        1.0219
    653.4649        1.0301
    653.4690        1.0314
    653.4732        1.0259
    653.4773        1.0149
    653.4815        1.0000
    653.4856        0.9834
    653.4898        0.9673
    653.4939        0.9538
    653.4981        0.9450
    653.5022        0.9425
    653.5063        0.9463
    653.5105        0.9557
    653.5146        0.9688
    653.5188        0.9829
    653.5229        0.9958
    653.5271        1.0058
    653.5312        1.0126
    653.5354        1.0166
    653.5395        1.0190
    653.5437        1.0212
    653.5478        1.0247
    653.5519        1.0305
    653.5561        1.0394
    653.5602        1.0510
    653.5644        1.0645
    653.5685        1.0778
    653.5727        1.0890
    653.5768        1.0962
    653.5810        1.0985
    653.5851        1.0962
    653.5893        1.0903
    653.5934        1.0825
    653.5976        1.0737
    653.6017        1.0651
    653.6058        1.0571
    653.6100        1.0498
    653.6141        1.0435
    653.6183        1.0381
    653.6224        1.0337
    653.6266        1.0309
    653.6307        1.0299
    653.6349        1.0312
    653.6390        1.0347
    653.6432        1.0397
    653.6473        1.0442
    653.6514        1.0461
    653.6556        1.0431
    653.6597        1.0344
    653.6639        1.0211
    653.6680        1.0055
    653.6722        0.9905
    653.6763        0.9784
    653.6805        0.9702
    653.6846        0.9656
    653.6888        0.9641
    653.6929        0.9652
    653.6971        0.9687
    653.7012        0.9746
    653.7053        0.9824
    653.7095        0.9915
    653.7136        1.0005
    653.7178        1.0080
    653.7219        1.0131
    653.7261        1.0148
    653.7302        1.0132
    653.7344        1.0087
    653.7385        1.0025
    653.7427        0.9963
    653.7468        0.9919
    653.7510        0.9909
    653.7551        0.9939
    653.7592        1.0008
    653.7634        1.0105
    653.7675        1.0214
    653.7717        1.0315
    653.7758        1.0396
    653.7800        1.0443
    653.7841        1.0449
    653.7883        1.0417
    653.7924        1.0358
    653.7966        1.0291
    653.8007        1.0240
    653.8048        1.0226
    653.8090        1.0254
    653.8131        1.0321
    653.8173        1.0405
    653.8214        1.0483
    653.8256        1.0532
    653.8297        1.0536
    653.8339        1.0498
    653.8380        1.0427
    653.8422        1.0345
    653.8463        1.0270
    653.8505        1.0215
    653.8546        1.0183
    653.8587        1.0169
    653.8629        1.0168
    653.8670        1.0167
    653.8712        1.0157
    653.8753        1.0128
    653.8795        1.0074
    653.8836        0.9995
    653.8878        0.9892
    653.8919        0.9778
    653.8961        0.9663
    653.9002        0.9560
    653.9044        0.9478
    653.9085        0.9421
    653.9126        0.9392
    653.9168        0.9392
    653.9209        0.9418
    653.9251        0.9473
    653.9292        0.9561
    653.9334        0.9679
    653.9375        0.9824
    653.9417        0.9979
    653.9458        1.0125
    653.9500        1.0242
    653.9541        1.0317
    653.9582        1.0348
    653.9624        1.0349
    653.9665        1.0333
    653.9707        1.0312
    653.9748        1.0287
    653.9790        1.0254
    653.9831        1.0206
    653.9873        1.0140
    653.9914        1.0068
    653.9956        1.0006
    653.9997        0.9974
    654.0039        0.9978
    654.0080        1.0021
    654.0121        1.0091
    654.0163        1.0177
    654.0204        1.0259
    654.0246        1.0328
    654.0287        1.0371
    654.0329        1.0383
    654.0370        1.0367
    654.0412        1.0325
    654.0453        1.0264
    654.0495        1.0193
    654.0536        1.0120
    654.0577        1.0051
    654.0619        0.9990
    654.0660        0.9948
    654.0702        0.9932
    654.0743        0.9951
    654.0785        1.0005
    654.0826        1.0084
    654.0868        1.0171
    654.0909        1.0242
    654.0951        1.0284
    654.0992        1.0298
    654.1034        1.0302
    654.1075        1.0317
    654.1116        1.0361
    654.1158        1.0438
    654.1199        1.0541
    654.1241        1.0649
    654.1282        1.0741
    654.1324        1.0799
    654.1365        1.0811
    654.1407        1.0781
    654.1448        1.0717
    654.1490        1.0631
    654.1531        1.0543
    654.1573        1.0471
    654.1614        1.0434
    654.1655        1.0443
    654.1697        1.0495
    654.1738        1.0575
    654.1780        1.0655
    654.1821        1.0702
    654.1863        1.0692
    654.1904        1.0610
    654.1946        1.0464
    654.1987        1.0276
    654.2029        1.0079
    654.2070        0.9901
    654.2111        0.9769
    654.2153        0.9690
    654.2194        0.9655
    654.2236        0.9650
    654.2277        0.9656
    654.2319        0.9663
    654.2360        0.9666
    654.2402        0.9673
    654.2443        0.9691
    654.2485        0.9729
    654.2526        0.9787
    654.2568        0.9865
    654.2609        0.9950
    654.2650        1.0029
    654.2692        1.0090
    654.2733        1.0124
    654.2775        1.0135
    654.2816        1.0129
    654.2858        1.0121
    654.2899        1.0121
    654.2941        1.0138
    654.2982        1.0170
    654.3024        1.0210
    654.3065        1.0244
    654.3107        1.0264
    654.3148        1.0259
    654.3189        1.0225
    654.3231        1.0161
    654.3272        1.0076
    654.3314        0.9976
    654.3355        0.9875
    654.3397        0.9780
    654.3438        0.9698
    654.3480        0.9631
    654.3521        0.9570
    654.3563        0.9509
    654.3604        0.9434
    654.3645        0.9340
    654.3687        0.9229
    654.3728        0.9106
    654.3770        0.8986
    654.3811        0.8879
    654.3853        0.8798
    654.3894        0.8750
    654.3936        0.8744
    654.3977        0.8779
    654.4019        0.8857
    654.4060        0.8972
    654.4102        0.9118
    654.4143        0.9282
    654.4184        0.9454
    654.4226        0.9620
    654.4267        0.9771
    654.4309        0.9902
    654.4350        1.0005
    654.4392        1.0081
    654.4433        1.0124
    654.4475        1.0134
    654.4516        1.0113
    654.4558        1.0065
    654.4599        1.0002
    654.4640        0.9938
    654.4682        0.9892
    654.4723        0.9877
    654.4765        0.9899
    654.4806        0.9950
    654.4848        1.0020
    654.4889        1.0089
    654.4931        1.0143
    654.4972        1.0171
    654.5014        1.0175
    654.5055        1.0164
    654.5097        1.0149
    654.5138        1.0143
    654.5179        1.0155
    654.5221        1.0190
    654.5262        1.0245
    654.5304        1.0311
    654.5345        1.0373
    654.5387        1.0417
    654.5428        1.0435
    654.5470        1.0423
    654.5511        1.0389
    654.5553        1.0343
    654.5594        1.0302
    654.5636        1.0279
    654.5677        1.0283
    654.5718        1.0318
    654.5760        1.0382
    654.5801        1.0456
    654.5843        1.0519
    654.5884        1.0548
    654.5926        1.0525
    654.5967        1.0447
    654.6009        1.0323
    654.6050        1.0173
    654.6092        1.0017
    654.6133        0.9878
    654.6174        0.9770
    654.6216        0.9699
    654.6257        0.9660
    654.6299        0.9646
    654.6340        0.9645
    654.6382        0.9650
    654.6423        0.9662
    654.6465        0.9684
    654.6506        0.9725
    654.6548        0.9792
    654.6589        0.9887
    654.6631        0.9999
    654.6672        1.0115
    654.6713        1.0215
    654.6755        1.0281
    654.6796        1.0305
    654.6838        1.0286
    654.6879        1.0228
    654.6921        1.0146
    654.6962        1.0049
    654.7004        0.9958
    654.7045        0.9883
    654.7087        0.9840
    654.7128        0.9843
    654.7169        0.9897
    654.7211        0.9996
    654.7252        1.0125
    654.7294        1.0261
    654.7335        1.0374
    654.7377        1.0446
    654.7418        1.0466
    654.7460        1.0437
    654.7501        1.0371
    654.7543        1.0282
    654.7584        1.0180
    654.7626        1.0075
    654.7667        0.9969
    654.7708        0.9872
    654.7750        0.9796
    654.7791        0.9752
    654.7833        0.9745
    654.7874        0.9775
    654.7916        0.9825
    654.7957        0.9875
    654.7999        0.9907
    654.8040        0.9908
    654.8082        0.9882
    654.8123        0.9841
    654.8165        0.9802
    654.8206        0.9776
    654.8247        0.9769
    654.8289        0.9773
    654.8330        0.9772
    654.8372        0.9750
    654.8413        0.9699
    654.8455        0.9614
    654.8496        0.9509
    654.8538        0.9396
    654.8579        0.9293
    654.8621        0.9212
    654.8662        0.9161
    654.8703        0.9141
    654.8745        0.9154
    654.8786        0.9191
    654.8828        0.9246
    654.8869        0.9308
    654.8911        0.9368
    654.8952        0.9424
    654.8994        0.9477
    654.9035        0.9537
    654.9077        0.9609
    654.9118        0.9698
    654.9160        0.9796
    654.9201        0.9891
    654.9242        0.9970
    654.9284        1.0019
    654.9325        1.0030
    654.9367        1.0004
    654.9408        0.9944
    654.9450        0.9866
    654.9491        0.9786
    654.9533        0.9724
    654.9574        0.9690
    654.9616        0.9688
    654.9657        0.9711
    654.9699        0.9744
    654.9740        0.9772
    654.9781        0.9777
    654.9823        0.9754
    654.9864        0.9708
    654.9906        0.9652
    654.9947        0.9602
    654.9989        0.9574
    655.0030        0.9572
    655.0072        0.9595
    655.0113        0.9633
    655.0155        0.9670
    655.0196        0.9697
    655.0237        0.9711
    655.0279        0.9716
    655.0320        0.9719
    655.0362        0.9730
    655.0403        0.9756
    655.0445        0.9799
    655.0486        0.9854
    655.0528        0.9914
    655.0569        0.9965
    655.0611        0.9999
    655.0652        1.0007
    655.0694        0.9990
    655.0735        0.9956
    655.0776        0.9914
    655.0818        0.9877
    655.0859        0.9855
    655.0901        0.9852
    655.0942        0.9872
    655.0984        0.9908
    655.1025        0.9950
    655.1067        0.9990
    655.1108        1.0024
    655.1150        1.0047
    655.1191        1.0065
    655.1232        1.0076
    655.1274        1.0078
    655.1315        1.0061
    655.1357        1.0013
    655.1398        0.9932
    655.1440        0.9826
    655.1481        0.9714
    655.1523        0.9619
    655.1564        0.9560
    655.1606        0.9538
    655.1647        0.9546
    655.1689        0.9565
    655.1730        0.9577
    655.1771        0.9574
    655.1813        0.9555
    655.1854        0.9534
    655.1896        0.9521
    655.1937        0.9531
    655.1979        0.9567
    655.2020        0.9621
    655.2062        0.9684
    655.2103        0.9736
    655.2145        0.9765
    655.2186        0.9763
    655.2228        0.9732
    655.2269        0.9672
    655.2310        0.9593
    655.2352        0.9498
    655.2393        0.9391
    655.2435        0.9285
    655.2476        0.9190
    655.2518        0.9119
    655.2559        0.9076
    655.2601        0.9062
    655.2642        0.9068
    655.2684        0.9082
    655.2725        0.9101
    655.2766        0.9128
    655.2808        0.9171
    655.2849        0.9242
    655.2891        0.9346
    655.2932        0.9477
    655.2974        0.9623
    655.3015        0.9768
    655.3057        0.9894
    655.3098        0.9985
    655.3140        1.0033
    655.3181        1.0039
    655.3223        1.0011
    655.3264        0.9965
    655.3305        0.9914
    655.3347        0.9871
    655.3388        0.9844
    655.3430        0.9834
    655.3471        0.9840
    655.3513        0.9859
    655.3554        0.9885
    655.3596        0.9910
    655.3637        0.9925
    655.3679        0.9925
    655.3720        0.9903
    655.3762        0.9861
    655.3803        0.9805
    655.3844        0.9748
    655.3886        0.9702
    655.3927        0.9673
    655.3969        0.9660
    655.4010        0.9656
    655.4052        0.9649
    655.4093        0.9633
    655.4135        0.9605
    655.4176        0.9567
    655.4218        0.9523
    655.4259        0.9481
    655.4300        0.9444
    655.4342        0.9418
    655.4383        0.9411
    655.4425        0.9430
    655.4466        0.9480
    655.4508        0.9558
    655.4549        0.9650
    655.4591        0.9739
    655.4632        0.9804
    655.4674        0.9831
    655.4715        0.9816
    655.4757        0.9764
    655.4798        0.9694
    655.4839        0.9625
    655.4881        0.9580
    655.4922        0.9570
    655.4964        0.9602
    655.5005        0.9668
    655.5047        0.9749
    655.5088        0.9825
    655.5130        0.9869
    655.5171        0.9869
    655.5213        0.9824
    655.5254        0.9749
    655.5295        0.9673
    655.5337        0.9624
    655.5378        0.9624
    655.5420        0.9681
    655.5461        0.9791
    655.5503        0.9936
    655.5544        1.0096
    655.5586        1.0252
    655.5627        1.0388
    655.5669        1.0494
    655.5710        1.0558
    655.5752        1.0574
    655.5793        1.0543
    655.5834        1.0469
    655.5876        1.0371
    655.5917        1.0269
    655.5959        1.0184
    655.6000        1.0129
    655.6042        1.0106
    655.6083        1.0109
    655.6125        1.0123
    655.6166        1.0136
    655.6208        1.0139
    655.6249        1.0134
    655.6291        1.0128
    655.6332        1.0131
    655.6373        1.0146
    655.6415        1.0174
    655.6456        1.0209
    655.6498        1.0240
    655.6539        1.0256
    655.6581        1.0255
    655.6622        1.0239
    655.6664        1.0216
    655.6705        1.0192
    655.6747        1.0170
    655.6788        1.0148
    655.6829        1.0115
    655.6871        1.0065
    655.6912        0.9993
    655.6954        0.9905
    655.6995        0.9809
    655.7037        0.9718
    655.7078        0.9642
    655.7120        0.9593
    655.7161        0.9576
    655.7203        0.9593
    655.7244        0.9639
    655.7286        0.9703
    655.7327        0.9770
    655.7368        0.9826
    655.7410        0.9861
    655.7451        0.9870
    655.7493        0.9857
    655.7534        0.9831
    655.7576        0.9802
    655.7617        0.9786
    655.7659        0.9794
    655.7700        0.9837
    655.7742        0.9914
    655.7783        1.0016
    655.7825        1.0127
    655.7866        1.0231
    655.7907        1.0318
    655.7949        1.0387
    655.7990        1.0441
    655.8032        1.0485
    655.8073        1.0520
    655.8115        1.0545
    655.8156        1.0557
    655.8198        1.0555
    655.8239        1.0545
    655.8281        1.0530
    655.8322        1.0516
    655.8363        1.0502
    655.8405        1.0487
    655.8446        1.0469
    655.8488        1.0449
    655.8529        1.0436
    655.8571        1.0444
    655.8612        1.0485
    655.8654        1.0562
    655.8695        1.0671
    655.8737        1.0798
    655.8778        1.0932
    655.8820        1.1060
    655.8861        1.1175
    655.8902        1.1272
    655.8944        1.1352
    655.8985        1.1420
    655.9027        1.1485
    655.9068        1.1556
    655.9110        1.1644
    655.9151        1.1758
    655.9193        1.1894
    655.9234        1.2038
    655.9276        1.2168
    655.9317        1.2259
    655.9358        1.2294
    655.9400        1.2275
    655.9441        1.2214
    655.9483        1.2134
    655.9524        1.2057
    655.9566        1.1995
    655.9607        1.1953
    655.9649        1.1928
    655.9690        1.1921
    655.9732        1.1939
    655.9773        1.1990
    655.9815        1.2084
    655.9856        1.2222
    655.9897        1.2392
    655.9939        1.2573
    655.9980        1.2739
    656.0022        1.2866
    656.0063        1.2942
    656.0105        1.2964
    656.0146        1.2940
    656.0188        1.2890
    656.0229        1.2841
    656.0271        1.2814
    656.0312        1.2829
    656.0354        1.2896
    656.0395        1.3018
    656.0436        1.3195
    656.0478        1.3416
    656.0519        1.3669
    656.0561        1.3936
    656.0602        1.4196
    656.0644        1.4437
    656.0685        1.4653
    656.0727        1.4847
    656.0768        1.5027
    656.0810        1.5195
    656.0851        1.5352
    656.0892        1.5493
    656.0934        1.5609
    656.0975        1.5694
    656.1017        1.5747
    656.1058        1.5777
    656.1100        1.5796
    656.1141        1.5825
    656.1183        1.5880
    656.1224        1.5973
    656.1266        1.6107
    656.1307        1.6269
    656.1349        1.6448
    656.1390        1.6632
    656.1431        1.6812
    656.1473        1.6986
    656.1514        1.7154
    656.1556        1.7323
    656.1597        1.7501
    656.1639        1.7693
    656.1680        1.7900
    656.1722        1.8114
    656.1763        1.8322
    656.1805        1.8511
    656.1846        1.8669
    656.1888        1.8793
    656.1929        1.8884
    656.1970        1.8955
    656.2012        1.9016
    656.2053        1.9082
    656.2095        1.9165
    656.2136        1.9269
    656.2178        1.9393
    656.2219        1.9527
    656.2261        1.9657
    656.2302        1.9765
    656.2344        1.9843
    656.2385        1.9893
    656.2426        1.9932
    656.2468        1.9988
    656.2509        2.0086
    656.2551        2.0237
    656.2592        2.0436
    656.2634        2.0658
    656.2675        2.0876
    656.2717        2.1069
    656.2758        2.1232
    656.2800        2.1369
    656.2841        2.1493
    656.2883        2.1608
    656.2924        2.1708
    656.2965        2.1781
    656.3007        2.1813
    656.3048        2.1795
    656.3090        2.1726
    656.3131        2.1605
    656.3173        2.1447
    656.3214        2.1264
    656.3256        2.1078
    656.3297        2.0906
    656.3339        2.0762
    656.3380        2.0651
    656.3421        2.0572
    656.3463        2.0522
    656.3504        2.0491
    656.3546        2.0473
    656.3587        2.0450
    656.3629        2.0409
    656.3670        2.0334
    656.3712        2.0219
    656.3753        2.0066
    656.3795        1.9886
    656.3836        1.9690
    656.3878        1.9486
    656.3919        1.9280
    656.3960        1.9073
    656.4002        1.8874
    656.4043        1.8692
    656.4085        1.8540
    656.4126        1.8426
    656.4168        1.8354
    656.4209        1.8320
    656.4251        1.8316
    656.4292        1.8336
    656.4334        1.8370
    656.4375        1.8409
    656.4417        1.8447
    656.4458        1.8478
    656.4499        1.8496
    656.4541        1.8499
    656.4582        1.8488
    656.4624        1.8472
    656.4665        1.8464
    656.4707        1.8483
    656.4748        1.8544
    656.4790        1.8650
    656.4831        1.8797
    656.4873        1.8965
    656.4914        1.9136
    656.4955        1.9297
    656.4997        1.9443
    656.5038        1.9580
    656.5080        1.9715
    656.5121        1.9852
    656.5163        1.9989
    656.5204        2.0119
    656.5246        2.0236
    656.5287        2.0331
    656.5329        2.0408
    656.5370        2.0474
    656.5412        2.0540
    656.5453        2.0615
    656.5494        2.0706
    656.5536        2.0810
    656.5577        2.0917
    656.5619        2.1013
    656.5660        2.1078
    656.5702        2.1094
    656.5743        2.1048
    656.5785        2.0942
    656.5826        2.0787
    656.5868        2.0610
    656.5909        2.0436
    656.5951        2.0294
    656.5992        2.0197
    656.6033        2.0144
    656.6075        2.0121
    656.6116        2.0103
    656.6158        2.0064
    656.6199        1.9985
    656.6241        1.9859
    656.6282        1.9693
    656.6324        1.9502
    656.6365        1.9304
    656.6407        1.9119
    656.6448        1.8957
    656.6489        1.8821
    656.6531        1.8705
    656.6572        1.8601
    656.6614        1.8502
    656.6655        1.8403
    656.6697        1.8297
    656.6738        1.8181
    656.6780        1.8054
    656.6821        1.7913
    656.6863        1.7759
    656.6904        1.7594
    656.6946        1.7422
    656.6987        1.7246
    656.7028        1.7071
    656.7070        1.6896
    656.7111        1.6719
    656.7153        1.6538
    656.7194        1.6349
    656.7236        1.6156
    656.7277        1.5966
    656.7319        1.5787
    656.7360        1.5624
    656.7402        1.5483
    656.7443        1.5363
    656.7484        1.5266
    656.7526        1.5190
    656.7567        1.5130
    656.7609        1.5085
    656.7650        1.5045
    656.7692        1.4999
    656.7733        1.4933
    656.7775        1.4835
    656.7816        1.4700
    656.7858        1.4536
    656.7899        1.4362
    656.7941        1.4199
    656.7982        1.4066
    656.8023        1.3968
    656.8065        1.3899
    656.8106        1.3842
    656.8148        1.3779
    656.8189        1.3699
    656.8231        1.3600
    656.8272        1.3489
    656.8314        1.3372
    656.8355        1.3254
    656.8397        1.3128
    656.8438        1.2995
    656.8480        1.2855
    656.8521        1.2720
    656.8562        1.2600
    656.8604        1.2501
    656.8645        1.2414
    656.8687        1.2325
    656.8728        1.2218
    656.8770        1.2088
    656.8811        1.1944
    656.8853        1.1806
    656.8894        1.1690
    656.8936        1.1602
    656.8977        1.1540
    656.9018        1.1495
    656.9060        1.1457
    656.9101        1.1424
    656.9143        1.1399
    656.9184        1.1390
    656.9226        1.1394
    656.9267        1.1405
    656.9309        1.1416
    656.9350        1.1420
    656.9392        1.1415
    656.9433        1.1408
    656.9475        1.1403
    656.9516        1.1405
    656.9557        1.1410
    656.9599        1.1409
    656.9640        1.1400
    656.9682        1.1377
    656.9723        1.1342
    656.9765        1.1297
    656.9806        1.1245
    656.9848        1.1183
    656.9889        1.1113
    656.9931        1.1030
    656.9972        1.0939
    657.0014        1.0840
    657.0055        1.0745
    657.0096        1.0665
    657.0138        1.0613
    657.0179        1.0594
    657.0221        1.0607
    657.0262        1.0645
    657.0304        1.0697
    657.0345        1.0752
    657.0387        1.0802
    657.0428        1.0844
    657.0470        1.0867
    657.0511        1.0866
    657.0552        1.0828
    657.0594        1.0749
    657.0635        1.0630
    657.0677        1.0485
    657.0718        1.0334
    657.0760        1.0203
    657.0801        1.0113
    657.0843        1.0080
    657.0884        1.0110
    657.0926        1.0193
    657.0967        1.0314
    657.1009        1.0444
    657.1050        1.0561
    657.1091        1.0640
    657.1133        1.0672
    657.1174        1.0654
    657.1216        1.0591
    657.1257        1.0495
    657.1299        1.0381
    657.1340        1.0262
    657.1382        1.0149
    657.1423        1.0042
    657.1465        0.9939
    657.1506        0.9833
    657.1547        0.9722
    657.1589        0.9605
    657.1630        0.9491
    657.1672        0.9390
    657.1713        0.9314
    657.1755        0.9268
    657.1796        0.9254
    657.1838        0.9267
    657.1879        0.9294
    657.1921        0.9326
    657.1962        0.9353
    657.2004        0.9366
    657.2045        0.9368
    657.2086        0.9364
    657.2128        0.9365
    657.2169        0.9379
    657.2211        0.9415
    657.2252        0.9471
    657.2294        0.9538
    657.2335        0.9605
    657.2377        0.9666
    657.2418        0.9714
    657.2460        0.9751
    657.2501        0.9779
    657.2543        0.9800
    657.2584        0.9817
    657.2625        0.9824
    657.2667        0.9817
    657.2708        0.9794
    657.2750        0.9756
    657.2791        0.9712
    657.2833        0.9677
    657.2874        0.9663
    657.2916        0.9681
    657.2957        0.9730
    657.2999        0.9801
    657.3040        0.9879
    657.3081        0.9945
    657.3123        0.9986
    657.3164        0.9994
    657.3206        0.9966
    657.3247        0.9909
    657.3289        0.9832
    657.3330        0.9750
    657.3372        0.9680
    657.3413        0.9635
    657.3455        0.9624
    657.3496        0.9652
    657.3538        0.9718
    657.3579        0.9811
    657.3620        0.9912
    657.3662        0.9994
    657.3703        1.0032
    657.3745        1.0014
    657.3786        0.9947
    657.3828        0.9852
    657.3869        0.9759
    657.3911        0.9692
    657.3952        0.9663
    657.3994        0.9669
    657.4035        0.9697
    657.4076        0.9733
    657.4118        0.9765
    657.4159        0.9787
    657.4201        0.9805
    657.4242        0.9820
    657.4284        0.9839
    657.4325        0.9862
    657.4367        0.9881
    657.4408        0.9883
    657.4450        0.9856
    657.4491        0.9789
    657.4533        0.9688
    657.4574        0.9565
    657.4615        0.9434
    657.4657        0.9314
    657.4698        0.9217
    657.4740        0.9149
    657.4781        0.9112
    657.4823        0.9107
    657.4864        0.9132
    657.4906        0.9184
    657.4947        0.9255
    657.4989        0.9336
    657.5030        0.9414
    657.5072        0.9483
    657.5113        0.9542
    657.5154        0.9593
    657.5196        0.9643
    657.5237        0.9698
    657.5279        0.9755
    657.5320        0.9811
    657.5362        0.9868
    657.5403        0.9924
    657.5445        0.9985
    657.5486        1.0049
    657.5528        1.0114
    657.5569        1.0169
    657.5610        1.0204
    657.5652        1.0206
    657.5693        1.0173
    657.5735        1.0104
    657.5776        1.0008
    657.5818        0.9896
    657.5859        0.9780
    657.5901        0.9675
    657.5942        0.9593
    657.5984        0.9546
    657.6025        0.9537
    657.6067        0.9565
    657.6108        0.9618
    657.6149        0.9685
    657.6191        0.9757
    657.6232        0.9824
    657.6274        0.9886
    657.6315        0.9941
    657.6357        0.9990
    657.6398        1.0024
    657.6440        1.0041
    657.6481        1.0037
    657.6523        1.0021
    657.6564        1.0000
    657.6606        0.9984
    657.6647        0.9981
    657.6688        0.9993
    657.6730        1.0015
    657.6771        1.0036
    657.6813        1.0047
    657.6854        1.0039
    657.6896        1.0006
    657.6937        0.9951
    657.6979        0.9885
    657.7020        0.9822
    657.7062        0.9783
    657.7103        0.9774
    657.7144        0.9797
    657.7186        0.9838
    657.7227        0.9880
    657.7269        0.9903
    657.7310        0.9898
    657.7352        0.9866
    657.7393        0.9820
    657.7435        0.9778
    657.7476        0.9758
    657.7518        0.9767
    657.7559        0.9803
    657.7601        0.9852
    657.7642        0.9905
    657.7683        0.9951
    657.7725        0.9988
    657.7766        1.0017
    657.7808        1.0034
    657.7849        1.0037
    657.7891        1.0021
    657.7932        0.9982
    657.7974        0.9928
    657.8015        0.9869
    657.8057        0.9820
    657.8098        0.9793
    657.8139        0.9797
    657.8181        0.9828
    657.8222        0.9875
    657.8264        0.9920
    657.8305        0.9948
    657.8347        0.9948
    657.8388        0.9922
    657.8430        0.9882
    657.8471        0.9838
    657.8513        0.9803
    657.8554        0.9782
    657.8596        0.9770
    657.8637        0.9760
    657.8678        0.9748
    657.8720        0.9734
    657.8761        0.9724
    657.8803        0.9727
    657.8844        0.9751
    657.8886        0.9797
    657.8927        0.9856
    657.8969        0.9920
    657.9010        0.9979
    657.9052        1.0036
    657.9093        1.0102
    657.9135        1.0186
    657.9176        1.0292
    657.9217        1.0411
    657.9259        1.0524
    657.9300        1.0603
    657.9342        1.0634
    657.9383        1.0614
    657.9425        1.0559
    657.9466        1.0489
    657.9508        1.0427
    657.9549        1.0379
    657.9591        1.0341
    657.9632        1.0303
    657.9673        1.0255
    657.9715        1.0194
    657.9756        1.0126
    657.9798        1.0057
    657.9839        0.9986
    657.9881        0.9912
    657.9922        0.9831
    657.9964        0.9750
    658.0005        0.9678
    658.0047        0.9635
    658.0088        0.9636
    658.0130        0.9681
    658.0171        0.9758
    658.0212        0.9844
    658.0254        0.9912
    658.0295        0.9944
    658.0337        0.9933
    658.0378        0.9882
    658.0420        0.9807
    658.0461        0.9728
    658.0503        0.9663
    658.0544        0.9628
    658.0586        0.9626
    658.0627        0.9658
    658.0669        0.9715
    658.0710        0.9787
    658.0751        0.9863
    658.0793        0.9927
    658.0834        0.9972
    658.0876        0.9991
    658.0917        0.9980
    658.0959        0.9945
    658.1000        0.9892
    658.1042        0.9830
    658.1083        0.9769
    658.1125        0.9717
    658.1166        0.9688
    658.1207        0.9691
    658.1249        0.9730
    658.1290        0.9799
    658.1332        0.9876
    658.1373        0.9938
    658.1415        0.9963
    658.1456        0.9941
    658.1498        0.9880
    658.1539        0.9799
    658.1581        0.9723
    658.1622        0.9673
    658.1664        0.9656
    658.1705        0.9669
    658.1746        0.9700
    658.1788        0.9740
    658.1829        0.9781
    658.1871        0.9824
    658.1912        0.9870
    658.1954        0.9927
    658.1995        0.9996
    658.2037        1.0071
    658.2078        1.0144
    658.2120        1.0202
    658.2161        1.0229
    658.2202        1.0215
    658.2244        1.0155
    658.2285        1.0053
    658.2327        0.9927
    658.2368        0.9798
    658.2410        0.9687
    658.2451        0.9614
    658.2493        0.9588
    658.2534        0.9612
    658.2576        0.9681
    658.2617        0.9781
    658.2659        0.9894
    658.2700        1.0000
    658.2741        1.0083
    658.2783        1.0136
    658.2824        1.0163
    658.2866        1.0178
    658.2907        1.0192
    658.2949        1.0215
    658.2990        1.0249
    658.3032        1.0285
    658.3073        1.0310
    658.3115        1.0314
    658.3156        1.0292
    658.3198        1.0246
    658.3239        1.0183
    658.3280        1.0110
    658.3322        1.0038
    658.3363        0.9970
    658.3405        0.9907
    658.3446        0.9849
    658.3488        0.9793
    658.3529        0.9740
    658.3571        0.9689
    658.3612        0.9649
    658.3654        0.9633
    658.3695        0.9653
    658.3736        0.9720
    658.3778        0.9837
    658.3819        0.9991
    658.3861        1.0162
    658.3902        1.0323
    658.3944        1.0446
    658.3985        1.0516
    658.4027        1.0528
    658.4068        1.0494
    658.4110        1.0431
    658.4151        1.0356
    658.4193        1.0278
    658.4234        1.0205
    658.4275        1.0135
    658.4317        1.0076
    658.4358        1.0032
    658.4400        1.0010
    658.4441        1.0011
    658.4483        1.0025
    658.4524        1.0036
    658.4566        1.0026
    658.4607        0.9983
    658.4649        0.9907
    658.4690        0.9810
    658.4732        0.9708
    658.4773        0.9613
    658.4814        0.9530
    658.4856        0.9457
    658.4897        0.9391
    658.4939        0.9329
    658.4980        0.9284
    658.5022        0.9264
    658.5063        0.9277
    658.5105        0.9321
    658.5146        0.9380
    658.5188        0.9435
    658.5229        0.9465
    658.5270        0.9468
    658.5312        0.9453
    658.5353        0.9443
    658.5395        0.9459
    658.5436        0.9514
    658.5478        0.9607
    658.5519        0.9722
    658.5561        0.9834
    658.5602        0.9918
    658.5644        0.9960
    658.5685        0.9958
    658.5727        0.9925
    658.5768        0.9879
    658.5809        0.9838
    658.5851        0.9812
    658.5892        0.9801
    658.5934        0.9797
    658.5975        0.9794
    658.6017        0.9783
    658.6058        0.9765
    658.6100        0.9743
    658.6141        0.9722
    658.6183        0.9700
    658.6224        0.9674
    658.6265        0.9640
    658.6307        0.9597
    658.6348        0.9549
    658.6390        0.9509
    658.6431        0.9491
    658.6473        0.9505
    658.6514        0.9555
    658.6556        0.9631
    658.6597        0.9718
    658.6639        0.9796
    658.6680        0.9845
    658.6722        0.9854
    658.6763        0.9822
    658.6804        0.9760
    658.6846        0.9687
    658.6887        0.9631
    658.6929        0.9610
    658.6970        0.9632
    658.7012        0.9697
    658.7053        0.9795
    658.7095        0.9908
    658.7136        1.0023
    658.7178        1.0128
    658.7219        1.0217
    658.7261        1.0286
    658.7302        1.0340
    658.7343        1.0385
    658.7385        1.0425
    658.7426        1.0461
    658.7468        1.0495
    658.7509        1.0521
    658.7551        1.0534
    658.7592        1.0530
    658.7634        1.0503
    658.7675        1.0454
    658.7717        1.0390
    658.7758        1.0323
    658.7799        1.0264
    658.7841        1.0222
    658.7882        1.0195
    658.7924        1.0178
    658.7965        1.0165
    658.8007        1.0151
    658.8048        1.0139
    658.8090        1.0130
    658.8131        1.0129
    658.8173        1.0134
    658.8214        1.0144
    658.8256        1.0152
    658.8297        1.0158
    658.8338        1.0162
    658.8380        1.0162
    658.8421        1.0161
    658.8463        1.0164
    658.8504        1.0172
    658.8546        1.0192
    658.8587        1.0230
    658.8629        1.0287
    658.8670        1.0362
    658.8712        1.0452
    658.8753        1.0546
    658.8795        1.0629
    658.8836        1.0690
    658.8877        1.0716
    658.8919        1.0701
    658.8960        1.0644
    658.9002        1.0546
    658.9043        1.0418
    658.9085        1.0275
    658.9126        1.0136
    658.9168        1.0024
    658.9209        0.9956
    658.9251        0.9942
    658.9292        0.9981
    658.9333        1.0058
    658.9375        1.0154
    658.9416        1.0248
    658.9458        1.0326
    658.9499        1.0381
    658.9541        1.0412
    658.9582        1.0424
    658.9624        1.0420
    658.9665        1.0399
    658.9707        1.0363
    658.9748        1.0316
    658.9790        1.0266
    658.9831        1.0221
    658.9872        1.0189
    658.9914        1.0171
    658.9955        1.0164
    658.9997        1.0156
    659.0038        1.0138
    659.0080        1.0100
    659.0121        1.0044
    659.0163        0.9978
    659.0204        0.9919
    659.0246        0.9887
    659.0287        0.9893
    659.0328        0.9935
    659.0370        0.9999
    659.0411        1.0061
    659.0453        1.0094
    659.0494        1.0084
    659.0536        1.0032
    659.0577        0.9949
    659.0619        0.9856
    659.0660        0.9778
    659.0702        0.9732
    659.0743        0.9729
    659.0785        0.9763
    659.0826        0.9824
    659.0867        0.9893
    659.0909        0.9957
    659.0950        1.0010
    659.0992        1.0048
    659.1033        1.0079
    659.1075        1.0102
    659.1116        1.0123
    659.1158        1.0144
    659.1199        1.0168
    659.1241        1.0193
    659.1282        1.0220
    659.1324        1.0244
    659.1365        1.0261
    659.1406        1.0272
    659.1448        1.0280
    659.1489        1.0294
    659.1531        1.0320
    659.1572        1.0361
    659.1614        1.0416
    659.1655        1.0475
    659.1697        1.0530
    659.1738        1.0572
    659.1780        1.0598
    659.1821        1.0605
    659.1862        1.0596
    659.1904        1.0576
    659.1945        1.0547
    659.1987        1.0511
    659.2028        1.0469
    659.2070        1.0423
    659.2111        1.0376
    659.2153        1.0331
    659.2194        1.0299
    659.2236        1.0284
    659.2277        1.0291
    659.2319        1.0315
    659.2360        1.0349
    659.2401        1.0379
    659.2443        1.0394
    659.2484        1.0386
    659.2526        1.0352
    659.2567        1.0302
    659.2609        1.0243
    659.2650        1.0190
    659.2692        1.0151
    659.2733        1.0128
    659.2775        1.0120
    659.2816        1.0117
    659.2858        1.0107
    659.2899        1.0083
    659.2940        1.0049
    659.2982        1.0014
    659.3023        0.9997
    659.3065        1.0012
    659.3106        1.0065
    659.3148        1.0149
    659.3189        1.0250
    659.3231        1.0353
    659.3272        1.0440
    659.3314        1.0499
    659.3355        1.0525
    659.3396        1.0518
    659.3438        1.0487
    659.3479        1.0443
    659.3521        1.0400
    659.3562        1.0366
    659.3604        1.0349
    659.3645        1.0349
    659.3687        1.0358
    659.3728        1.0367
    659.3770        1.0365
    659.3811        1.0341
    659.3853        1.0295
    659.3894        1.0233
    659.3935        1.0166
    659.3977        1.0114
    659.4018        1.0087
    659.4060        1.0092
    659.4101        1.0125
    659.4143        1.0176
    659.4184        1.0227
    659.4226        1.0266
    659.4267        1.0285
    659.4309        1.0282
    659.4350        1.0264
    659.4391        1.0238
    659.4433        1.0215
    659.4474        1.0200
    659.4516        1.0197
    659.4557        1.0204
    659.4599        1.0219
    659.4640        1.0242
    659.4682        1.0274
    659.4723        1.0312
    659.4765        1.0352
    659.4806        1.0384
    659.4848        1.0401
    659.4889        1.0402
    659.4930        1.0386
    659.4972        1.0362
    659.5013        1.0338
    659.5055        1.0324
    659.5096        1.0323
    659.5138        1.0339
    659.5179        1.0368
    659.5221        1.0406
    659.5262        1.0445
    659.5304        1.0479
    659.5345        1.0504
    659.5387        1.0518
    659.5428        1.0520
    659.5469        1.0516
    659.5511        1.0507
    659.5552        1.0497
    659.5594        1.0485
    659.5635        1.0474
    659.5677        1.0465
    659.5718        1.0456
    659.5760        1.0448
    659.5801        1.0439
    659.5843        1.0429
    659.5884        1.0418
    659.5925        1.0407
    659.5967        1.0396
    659.6008        1.0381
    659.6050        1.0357
    659.6091        1.0318
    659.6133        1.0266
    659.6174        1.0206
    659.6216        1.0151
    659.6257        1.0112
    659.6299        1.0093
    659.6340        1.0091
    659.6382        1.0097
    659.6423        1.0100
    659.6464        1.0097
    659.6506        1.0082
    659.6547        1.0052
    659.6589        1.0007
    659.6630        0.9949
    659.6672        0.9882
    659.6713        0.9820
    659.6755        0.9777
    659.6796        0.9761
    659.6838        0.9770
    659.6879        0.9799
    659.6921        0.9829
    659.6962        0.9849
    659.7003        0.9850
    659.7045        0.9836
    659.7086        0.9812
    659.7128        0.9791
    659.7169        0.9785
    659.7211        0.9802
    659.7252        0.9848
    659.7294        0.9924
    659.7335        1.0023
    659.7377        1.0130
    659.7418        1.0228
    659.7459        1.0300
    659.7501        1.0335
    659.7542        1.0336
    659.7584        1.0313
    659.7625        1.0284
    659.7667        1.0266
    659.7708        1.0272
    659.7750        1.0302
    659.7791        1.0351
    659.7833        1.0404
    659.7874        1.0447
    659.7916        1.0471
    659.7957        1.0472
    659.7998        1.0456
    659.8040        1.0436
    659.8081        1.0422
    659.8123        1.0423
    659.8164        1.0439
    659.8206        1.0459
    659.8247        1.0471
    659.8289        1.0463
    659.8330        1.0430
    659.8372        1.0378
    659.8413        1.0321
    659.8454        1.0281
    659.8496        1.0273
    659.8537        1.0298
    659.8579        1.0349
    659.8620        1.0407
    659.8662        1.0451
    659.8703        1.0473
    659.8745        1.0473
    659.8786        1.0463
    659.8828        1.0460
    659.8869        1.0470
    659.8911        1.0492
    659.8952        1.0518
    659.8993        1.0541
    659.9035        1.0553
    659.9076        1.0553
    659.9118        1.0540
    659.9159        1.0513
    659.9201        1.0468
    659.9242        1.0405
    659.9284        1.0325
    659.9325        1.0234
    659.9367        1.0138
    659.9408        1.0051
    659.9450        0.9978
    659.9491        0.9934
    659.9532        0.9928
    659.9574        0.9962
    659.9615        1.0035
    659.9657        1.0132
    659.9698        1.0233
    659.9740        1.0315
    659.9781        1.0362
    659.9823        1.0371
    659.9864        1.0350
    659.9906        1.0317
    659.9947        1.0287
    659.9988        1.0262
    660.0030        1.0240
    660.0071        1.0214
    660.0113        1.0182
    660.0154        1.0148
    660.0196        1.0123
    660.0237        1.0111
    660.0279        1.0121
    660.0320        1.0147
    660.0362        1.0187
    660.0403        1.0235
    660.0445        1.0286
    660.0486        1.0330
    660.0527        1.0358
    660.0569        1.0361
    660.0610        1.0333
    660.0652        1.0274
    660.0693        1.0189
    660.0735        1.0091
    660.0776        1.0000
    660.0818        0.9934
    660.0859        0.9909
    660.0901        0.9930
    660.0942        0.9990
    660.0983        1.0067
    660.1025        1.0138
    660.1066        1.0187
    660.1108        1.0201
    660.1149        1.0184
    660.1191        1.0140
    660.1232        1.0076
    660.1274        1.0003
    660.1315        0.9927
    660.1357        0.9863
    660.1398        0.9821
    660.1440        0.9814
    660.1481        0.9842
    660.1522        0.9898
    660.1564        0.9965
    660.1605        1.0025
    660.1647        1.0066
    660.1688        1.0084
    660.1730        1.0086
    660.1771        1.0084
    660.1813        1.0086
    660.1854        1.0097
    660.1896        1.0117
    660.1937        1.0142
    660.1979        1.0170
    660.2020        1.0200
    660.2061        1.0232
    660.2103        1.0266
    660.2144        1.0300
    660.2186        1.0330
    660.2227        1.0350
    660.2269        1.0354
    660.2310        1.0340
    660.2352        1.0312
    660.2393        1.0280
    660.2435        1.0251
    660.2476        1.0232
    660.2517        1.0224
    660.2559        1.0224
    660.2600        1.0225
    660.2642        1.0219
    660.2683        1.0203
    660.2725        1.0176
    660.2766        1.0140
    660.2808        1.0098
    660.2849        1.0058
    660.2891        1.0021
    660.2932        0.9991
    660.2974        0.9966
    660.3015        0.9942
    660.3056        0.9914
    660.3098        0.9884
    660.3139        0.9851
    660.3181        0.9821
    660.3222        0.9801
    660.3264        0.9796
    660.3305        0.9809
    660.3347        0.9836
    660.3388        0.9873
    660.3430        0.9915
    660.3471        0.9961
    660.3513        1.0009
    660.3554        1.0065
    660.3595        1.0128
    660.3637        1.0200
    660.3678        1.0279
    660.3720        1.0361
    660.3761        1.0440
    660.3803        1.0512
    660.3844        1.0566
    660.3886        1.0601
    660.3927        1.0617
    660.3969        1.0618
    660.4010        1.0617
    660.4051        1.0622
    660.4093        1.0635
    660.4134        1.0654
    660.4176        1.0670
    660.4217        1.0667
    660.4259        1.0635
    660.4300        1.0563
    660.4342        1.0453
    660.4383        1.0312
    660.4425        1.0155
    660.4466        1.0005
    660.4508        0.9881
    660.4549        0.9799
    660.4590        0.9763
    660.4632        0.9774
    660.4673        0.9819
    660.4715        0.9884
    660.4756        0.9956
    660.4798        1.0019
    660.4839        1.0061
    660.4881        1.0075
    660.4922        1.0055
    660.4964        1.0005
    660.5005        0.9932
    660.5046        0.9852
    660.5088        0.9782
    660.5129        0.9737
    660.5171        0.9724
    660.5212        0.9740
    660.5254        0.9771
    660.5295        0.9802
    660.5337        0.9821
    660.5378        0.9829
    660.5420        0.9830
    660.5461        0.9836
    660.5503        0.9850
    660.5544        0.9868
    660.5585        0.9883
    660.5627        0.9891
    660.5668        0.9893
    660.5710        0.9895
    660.5751        0.9910
    660.5793        0.9940
    660.5834        0.9986
    660.5876        1.0040
    660.5917        1.0093
    660.5959        1.0143
    660.6000        1.0189
    660.6042        1.0239
    660.6083        1.0292
    660.6124        1.0347
    660.6166        1.0397
    660.6207        1.0428
    660.6249        1.0419
    660.6290        1.0345
    660.6332        1.0166
    660.6373        0.9824
    660.6415        0.9258
    660.6456        0.8422
    660.6498        0.7312
    660.6539        0.5995
    660.6580        0.0000
