    648.2516        0.9912
    648.2760        0.9647
    648.3003        0.9579
    648.3246        0.9664
    648.3490        0.9557
    648.3733        0.9748
    648.3976        0.9877
    648.4219        1.0010
    648.4462        0.9932
    648.4705        1.0075
    648.4947        1.0032
    648.5191        0.9966
    648.5433        1.0054
    648.5676        1.0084
    648.5919        1.0115
    648.6161        0.9984
    648.6404        0.9945
    648.6647        0.9964
    648.6888        1.0013
    648.7131        1.0030
    648.7374        1.0006
    648.7616        1.0068
    648.7858        1.0112
    648.8100        1.0106
    648.8342        1.0092
    648.8584        1.0085
    648.8826        1.0118
    648.9068        1.0098
    648.9310        1.0168
    648.9551        1.0118
    648.9793        1.0205
    649.0034        1.0092
    649.0276        0.9891
    649.0518        0.9588
    649.0759        0.9897
    649.1000        0.9989
    649.1241        1.0098
    649.1482        1.0055
    649.1724        1.0225
    649.1965        1.0177
    649.2206        1.0009
    649.2447        0.9941
    649.2688        0.9655
    649.2929        0.9837
    649.3170        0.9951
    649.3410        1.0188
    649.3651        1.0126
    649.3892        1.0052
    649.4132        1.0123
    649.4373        1.0193
    649.4613        1.0206
    649.4853        1.0231
    649.5093        1.0048
    649.5333        0.9829
    649.5574        0.9647
    649.5814        0.9807
    649.6054        1.0033
    649.6294        1.0045
    649.6534        1.0168
    649.6774        1.0131
    649.7014        1.0092
    649.7253        1.0036
    649.7493        1.0094
    649.7732        1.0155
    649.7972        1.0223
    649.8212        1.0213
    649.8451        1.0152
    649.8690        1.0118
    649.8929        1.0147
    649.9169        1.0114
    649.9408        1.0129
    649.9647        1.0225
    649.9887        1.0175
    650.0126        1.0113
    650.0364        1.0146
    650.0603        1.0101
    650.0842        1.0169
    650.1080        1.0152
    650.1320        1.0078
    650.1558        1.0070
    650.1796        1.0117
    650.2035        1.0094
    650.2274        1.0126
    650.2512        1.0104
    650.2750        1.0056
    650.2988        1.0037
    650.3226        1.0034
    650.3464        0.9975
    650.3702        0.9969
    650.3940        1.0037
    650.4179        0.9996
    650.4416        0.9999
    650.4655        1.0014
    650.4892        1.0088
    650.5129        0.9981
    650.5367        1.0032
    650.5605        1.0091
    650.5842        1.0094
    650.6080        0.9977
    650.6317        1.0043
    650.6554        1.0095
    650.6791        1.0018
    650.7029        1.0066
    650.7266        0.9988
    650.7503        1.0010
    650.7740        0.9931
    650.7977        1.0001
    650.8214        0.9898
    650.8451        0.9855
    650.8688        0.9906
    650.8925        1.0043
    650.9161        1.0026
    650.9398        1.0035
    650.9634        0.9998
    650.9870        1.0080
    651.0106        0.9974
    651.0343        1.0022
    651.0579        1.0002
    651.0815        1.0032
    651.1052        0.9990
    651.1288        0.9988
    651.1523        0.9895
    651.1760        0.9839
    651.1996        0.9821
    651.2231        0.9976
    651.2467        1.0037
    651.2703        1.0059
    651.2938        0.9982
    651.3174        0.9967
    651.3409        1.0013
    651.3645        1.0005
    651.3881        0.9928
    651.4116        0.9827
    651.4351        0.9581
    651.4586        0.9579
    651.4821        0.9671
    651.5056        0.9895
    651.5292        0.9782
    651.5526        0.9778
    651.5761        0.9731
    651.5996        0.9524
    651.6231        0.9229
    651.6466        0.9169
    651.6700        0.9387
    651.6935        0.9665
    651.7169        0.9840
    651.7404        0.9813
    651.7638        0.9851
    651.7872        0.9784
    651.8107        0.9856
    651.8341        0.9940
    651.8575        0.9864
    651.8809        0.9837
    651.9043        0.9679
    651.9277        0.9704
    651.9511        0.9738
    651.9745        0.9892
    651.9979        0.9967
    652.0212        1.0001
    652.0446        0.9963
    652.0680        0.9971
    652.0913        0.9981
    652.1146        0.9989
    652.1380        0.9983
    652.1613        0.9955
    652.1847        0.9942
    652.2079        0.9929
    652.2313        1.0021
    652.2546        0.9865
    652.2779        0.9898
    652.3012        0.9871
    652.3245        0.9742
    652.3478        0.9705
    652.3710        0.9634
    652.3944        0.9850
    652.4176        0.9945
    652.4408        0.9928
    652.4641        0.9913
    652.4874        0.9987
    652.5106        0.9994
    652.5338        0.9886
    652.5570        0.9880
    652.5803        0.9904
    652.6034        0.9921
    652.6267        0.9941
    652.6499        0.9856
    652.6731        0.9973
    652.6963        0.9910
    652.7195        0.9902
    652.7426        0.9976
    652.7658        0.9984
    652.7889        0.9887
    652.8121        0.9931
    652.8353        0.9945
    652.8585        0.9945
    652.8816        0.9904
    652.9047        0.9904
    652.9279        0.9965
    652.9510        0.9836
    652.9741        0.9916
    652.9972        0.9850
    653.0203        0.9838
    653.0434        0.9878
    653.0665        0.9869
    653.0896        0.9888
    653.1127        0.9880
    653.1357        0.9841
    653.1588        0.9827
    653.1819        0.9628
    653.2050        0.9630
    653.2280        0.9641
    653.2510        0.9724
    653.2740        0.9833
    653.2971        0.9850
    653.3201        0.9873
    653.3431        0.9827
    653.3661        0.9702
    653.3891        0.9752
    653.4121        0.9715
    653.4351        0.9735
    653.4581        0.9716
    653.4811        0.9914
    653.5040        0.9842
    653.5270        0.9853
    653.5500        0.9916
    653.5729        0.9889
    653.5959        0.9838
    653.6188        0.9774
    653.6417        0.9806
    653.6647        0.9766
    653.6876        0.9825
    653.7106        0.9776
    653.7335        0.9899
    653.7563        0.9889
    653.7792        0.9856
    653.8021        0.9875
    653.8251        0.9857
    653.8479        0.9791
    653.8708        0.9771
    653.8937        0.9854
    653.9165        0.9740
    653.9394        0.9764
    653.9622        0.9820
    653.9851        0.9812
    654.0079        0.9825
    654.0308        0.9775
    654.0536        0.9760
    654.0764        0.9790
    654.0992        0.9767
    654.1220        0.9737
    654.1448        0.9681
    654.1676        0.9594
    654.1904        0.9573
    654.2132        0.9573
    654.2360        0.9605
    654.2587        0.9675
    654.2815        0.9636
    654.3043        0.9572
    654.3270        0.9471
    654.3497        0.9317
    654.3724        0.9257
    654.3952        0.9329
    654.4179        0.9419
    654.4406        0.9552
    654.4633        0.9520
    654.4861        0.9522
    654.5087        0.9528
    654.5314        0.9448
    654.5541        0.9485
    654.5768        0.9419
    654.5995        0.9452
    654.6222        0.9456
    654.6448        0.9469
    654.6675        0.9465
    654.6901        0.9417
    654.7128        0.9368
    654.7355        0.9219
    654.7581        0.9235
    654.7806        0.9312
    654.8033        0.9269
    654.8259        0.9114
    654.8485        0.9115
    654.8711        0.9164
    654.8937        0.9271
    654.9163        0.9325
    654.9389        0.9379
    654.9615        0.9281
    654.9840        0.9297
    655.0066        0.9236
    655.0292        0.9231
    655.0517        0.9229
    655.0743        0.9206
    655.0968        0.9206
    655.1193        0.9140
    655.1418        0.9091
    655.1644        0.9025
    655.1869        0.8981
    655.2094        0.8798
    655.2319        0.8659
    655.2544        0.8639
    655.2769        0.8713
    655.2994        0.8762
    655.3218        0.8786
    655.3444        0.8724
    655.3668        0.8674
    655.3893        0.8515
    655.4117        0.8630
    655.4341        0.8542
    655.4566        0.8470
    655.4790        0.8513
    655.5015        0.8458
    655.5239        0.8451
    655.5463        0.8371
    655.5687        0.8294
    655.5911        0.8255
    655.6135        0.8274
    655.6359        0.8082
    655.6583        0.7948
    655.6807        0.7847
    655.7030        0.7816
    655.7254        0.7833
    655.7477        0.7743
    655.7701        0.7738
    655.7924        0.7673
    655.8148        0.7643
    655.8371        0.7655
    655.8594        0.7693
    655.8818        0.7771
    655.9041        0.7971
    655.9264        0.8270
    655.9487        0.8667
    655.9710        0.9197
    655.9933        0.9635
    656.0156        1.0282
    656.0378        1.0786
    656.0601        1.1311
    656.0824        1.1752
    656.1046        1.2272
    656.1269        1.2615
    656.1491        1.2916
    656.1714        1.2936
    656.1936        1.2769
    656.2159        1.2477
    656.2381        1.2407
    656.2603        1.2577
    656.2825        1.2742
    656.3047        1.3013
    656.3269        1.2893
    656.3491        1.2577
    656.3713        1.2072
    656.3934        1.1610
    656.4157        1.1329
    656.4378        1.0891
    656.4600        1.0466
    656.4821        0.9884
    656.5043        0.9423
    656.5264        0.8888
    656.5485        0.8454
    656.5707        0.8170
    656.5928        0.8028
    656.6149        0.7907
    656.6370        0.7807
    656.6591        0.7784
    656.6812        0.7773
    656.7033        0.7849
    656.7254        0.7858
    656.7474        0.7908
    656.7695        0.7949
    656.7916        0.8045
    656.8137        0.8086
    656.8357        0.8089
    656.8578        0.8205
    656.8798        0.8210
    656.9019        0.8311
    656.9239        0.8374
    656.9459        0.8434
    656.9679        0.8591
    656.9899        0.8531
    657.0120        0.8551
    657.0339        0.8607
    657.0560        0.8674
    657.0779        0.8703
    657.0999        0.8814
    657.1219        0.8851
    657.1439        0.8902
    657.1658        0.8821
    657.1878        0.8804
    657.2097        0.8745
    657.2317        0.8991
    657.2536        0.9157
    657.2755        0.9100
    657.2975        0.9128
    657.3194        0.9155
    657.3413        0.9227
    657.3632        0.9270
    657.3851        0.9335
    657.4070        0.9268
    657.4288        0.9221
    657.4508        0.9117
    657.4727        0.9024
    657.4945        0.9119
    657.5164        0.9373
    657.5382        0.9305
    657.5601        0.9536
    657.5819        0.9473
    657.6038        0.9528
    657.6256        0.9589
    657.6474        0.9541
    657.6693        0.9643
    657.6910        0.9602
    657.7128        0.9573
    657.7347        0.9598
    657.7565        0.9715
    657.7782        0.9730
    657.8000        0.9624
    657.8218        0.9736
    657.8436        0.9724
    657.8654        0.9743
    657.8871        0.9694
    657.9088        0.9752
    657.9305        0.9758
    657.9523        0.9847
    657.9741        0.9895
    657.9957        0.9775
    658.0175        0.9820
    658.0392        0.9690
    658.0609        0.9773
    658.0826        0.9710
    658.1043        0.9917
    658.1260        0.9945
    658.1477        0.9934
    658.1694        0.9952
    658.1910        0.9893
    658.2127        0.9925
    658.2344        0.9866
    658.2560        0.9864
    658.2776        0.9922
    658.2993        0.9827
    658.3209        1.0038
    658.3425        0.9932
    658.3641        0.9944
    658.3858        1.0069
    658.4073        1.0017
    658.4290        1.0001
    658.4506        1.0018
    658.4722        1.0104
    658.4938        0.9999
    658.5153        0.9962
    658.5369        0.9923
    658.5585        0.9922
    658.5800        1.0030
    658.6016        0.9995
    658.6232        0.9855
    658.6446        0.9909
    658.6662        0.9953
    658.6877        1.0029
    658.7093        1.0129
    658.7308        1.0102
    658.7523        1.0172
    658.7738        0.9971
    658.7953        1.0128
    658.8168        1.0041
    658.8383        1.0044
    658.8597        1.0151
    658.8812        1.0032
    658.9027        1.0029
    658.9241        1.0092
    658.9456        1.0133
    658.9670        1.0137
    658.9885        1.0151
    659.0099        0.9994
    659.0314        1.0116
    659.0527        1.0094
    659.0742        1.0052
    659.0956        1.0103
    659.1170        1.0074
    659.1384        1.0103
    659.1598        1.0101
    659.1812        0.9963
    659.2025        1.0176
    659.2239        1.0125
    659.2452        1.0147
    659.2667        1.0037
    659.2880        1.0138
    659.3093        1.0109
    659.3307        1.0085
    659.3520        1.0014
    659.3733        1.0026
    659.3946        0.9974
    659.4159        1.0014
    659.4373        0.9857
    659.4586        0.9915
    659.4799        1.0087
    659.5012        0.9991
    659.5225        0.9976
    659.5438        1.0004
    659.5651        1.0132
    659.5863        1.0042
    659.6075        1.0055
    659.6288        1.0007
    659.6500        0.9975
    659.6713        1.0002
    659.6925        0.9832
    659.7138        1.0013
    659.7350        0.9807
    659.7562        0.9990
    659.7774        1.0018
    659.7986        0.9879
    659.8198        1.0148
    659.8410        0.9482
    659.8622        0.9478
    659.8834        0.9475
