    648.2516        1.0089
    648.2760        1.0145
    648.3003        0.9905
    648.3246        0.9867
    648.3490        0.9867
    648.3733        0.9765
    648.3976        0.9823
    648.4219        0.9921
    648.4462        1.0109
    648.4705        1.0035
    648.4947        1.0166
    648.5191        1.0108
    648.5433        1.0004
    648.5676        1.0103
    648.5919        1.0015
    648.6161        1.0102
    648.6404        1.0010
    648.6647        0.9914
    648.6888        0.9862
    648.7131        1.0000
    648.7374        1.0137
    648.7616        1.0125
    648.7858        1.0067
    648.8100        1.0033
    648.8342        1.0112
    648.8584        1.0167
    648.8826        1.0157
    648.9068        1.0182
    648.9310        1.0167
    648.9551        1.0162
    648.9793        1.0256
    649.0034        1.0260
    649.0276        1.0146
    649.0518        1.0010
    649.0759        0.9856
    649.1000        0.9902
    649.1241        1.0013
    649.1482        1.0109
    649.1724        1.0157
    649.1965        1.0190
    649.2206        1.0156
    649.2447        1.0080
    649.2688        0.9923
    649.2929        0.9822
    649.3170        0.9923
    649.3410        1.0090
    649.3651        1.0127
    649.3892        1.0221
    649.4132        1.0133
    649.4373        1.0094
    649.4613        1.0152
    649.4853        1.0165
    649.5093        1.0131
    649.5333        1.0183
    649.5574        0.9941
    649.5814        0.9778
    649.6054        0.9823
    649.6294        1.0014
    649.6534        1.0146
    649.6774        1.0116
    649.7014        1.0132
    649.7253        1.0108
    649.7493        1.0028
    649.7732        1.0040
    649.7972        1.0068
    649.8212        0.9982
    649.8451        1.0090
    649.8690        1.0041
    649.8929        1.0062
    649.9169        1.0033
    649.9408        1.0077
    649.9647        1.0061
    649.9887        0.9945
    650.0126        1.0003
    650.0364        1.0011
    650.0603        1.0081
    650.0842        1.0106
    650.1080        0.9922
    650.1320        1.0055
    650.1558        0.9902
    650.1796        0.9938
    650.2035        0.9932
    650.2274        0.9952
    650.2512        1.0010
    650.2750        1.0072
    650.2988        1.0030
    650.3226        0.9999
    650.3464        0.9979
    650.3702        0.9999
    650.3940        0.9910
    650.4179        1.0004
    650.4416        1.0028
    650.4655        0.9949
    650.4892        1.0086
    650.5129        1.0132
    650.5367        1.0090
    650.5605        1.0174
    650.5842        1.0047
    650.6080        0.9918
    650.6317        1.0049
    650.6554        1.0095
    650.6791        1.0086
    650.7029        1.0121
    650.7266        1.0064
    650.7503        1.0079
    650.7740        1.0080
    650.7977        1.0126
    650.8214        1.0109
    650.8451        1.0012
    650.8688        0.9805
    650.8925        1.0026
    650.9161        1.0074
    650.9398        1.0051
    650.9634        1.0108
    650.9870        1.0139
    651.0106        1.0061
    651.0343        1.0085
    651.0579        1.0144
    651.0815        1.0098
    651.1052        1.0216
    651.1288        1.0194
    651.1523        1.0205
    651.1760        1.0248
    651.1996        1.0156
    651.2231        1.0061
    651.2467        1.0156
    651.2703        1.0273
    651.2938        1.0282
    651.3174        1.0262
    651.3409        1.0323
    651.3645        1.0310
    651.3881        1.0321
    651.4116        1.0270
    651.4351        1.0210
    651.4586        1.0008
    651.4821        0.9903
    651.5056        1.0043
    651.5292        1.0146
    651.5526        1.0153
    651.5761        1.0102
    651.5996        1.0044
    651.6231        1.0096
    651.6466        0.9755
    651.6700        0.9569
    651.6935        0.9783
    651.7169        0.9914
    651.7404        1.0027
    651.7638        1.0132
    651.7872        1.0112
    651.8107        1.0102
    651.8341        1.0108
    651.8575        1.0187
    651.8809        1.0150
    651.9043        1.0184
    651.9277        1.0073
    651.9511        1.0105
    651.9745        1.0193
    651.9979        1.0302
    652.0212        1.0417
    652.0446        1.0505
    652.0680        1.0551
    652.0913        1.0497
    652.1146        1.0506
    652.1380        1.0530
    652.1613        1.0503
    652.1847        1.0533
    652.2079        1.0252
    652.2313        1.0276
    652.2546        1.0171
    652.2779        1.0248
    652.3012        1.0244
    652.3245        1.0157
    652.3478        1.0085
    652.3710        0.9958
    652.3944        1.0010
    652.4176        0.9931
    652.4408        1.0038
    652.4641        1.0055
    652.4874        1.0178
    652.5106        1.0107
    652.5338        1.0069
    652.5570        1.0129
    652.5803        1.0121
    652.6034        1.0029
    652.6267        1.0149
    652.6499        1.0121
    652.6731        1.0083
    652.6963        1.0094
    652.7195        1.0161
    652.7426        1.0085
    652.7658        1.0154
    652.7889        1.0086
    652.8121        1.0059
    652.8353        1.0075
    652.8585        0.9997
    652.8816        1.0118
    652.9047        1.0006
    652.9279        0.9987
    652.9510        1.0032
    652.9741        0.9994
    652.9972        0.9972
    653.0203        0.9998
    653.0434        1.0005
    653.0665        1.0039
    653.0896        1.0054
    653.1127        1.0067
    653.1357        0.9976
    653.1588        1.0093
    653.1819        1.0089
    653.2050        1.0009
    653.2280        0.9862
    653.2510        0.9856
    653.2740        0.9874
    653.2971        1.0053
    653.3201        0.9968
    653.3431        0.9975
    653.3661        0.9997
    653.3891        0.9945
    653.4121        0.9915
    653.4351        0.9910
    653.4581        0.9936
    653.4811        0.9981
    653.5040        1.0024
    653.5270        0.9954
    653.5500        1.0032
    653.5729        1.0034
    653.5959        1.0012
    653.6188        0.9967
    653.6417        1.0011
    653.6647        0.9959
    653.6876        1.0012
    653.7106        0.9973
    653.7335        1.0028
    653.7563        1.0033
    653.7792        1.0019
    653.8021        1.0056
    653.8251        0.9990
    653.8479        1.0005
    653.8708        0.9944
    653.8937        0.9922
    653.9165        0.9917
    653.9394        1.0009
    653.9622        0.9965
    653.9851        1.0000
    654.0079        1.0063
    654.0308        0.9897
    654.0536        0.9977
    654.0764        0.9976
    654.0992        0.9947
    654.1220        0.9973
    654.1448        0.9907
    654.1676        0.9847
    654.1904        0.9879
    654.2132        0.9756
    654.2360        0.9868
    654.2587        0.9796
    654.2815        0.9866
    654.3043        0.9944
    654.3270        0.9861
    654.3497        0.9865
    654.3724        0.9702
    654.3952        0.9727
    654.4179        0.9727
    654.4406        0.9785
    654.4633        0.9829
    654.4861        0.9899
    654.5087        0.9908
    654.5314        0.9892
    654.5541        0.9863
    654.5768        0.9889
    654.5995        0.9851
    654.6222        0.9858
    654.6448        0.9952
    654.6675        0.9872
    654.6901        0.9917
    654.7128        0.9997
    654.7355        0.9832
    654.7581        0.9848
    654.7806        0.9846
    654.8033        0.9916
    654.8259        0.9727
    654.8485        0.9710
    654.8711        0.9765
    654.8937        0.9728
    654.9163        0.9856
    654.9389        0.9898
    654.9615        0.9922
    654.9840        0.9962
    655.0066        0.9995
    655.0292        0.9931
    655.0517        0.9922
    655.0743        0.9971
    655.0968        1.0024
    655.1193        1.0028
    655.1418        1.0012
    655.1644        1.0013
    655.1869        0.9960
    655.2094        1.0095
    655.2319        0.9958
    655.2544        0.9918
    655.2769        0.9935
    655.2994        1.0037
    655.3218        1.0105
    655.3444        1.0127
    655.3668        1.0279
    655.3893        1.0246
    655.4117        1.0392
    655.4341        1.0474
    655.4566        1.0644
    655.4790        1.0791
    655.5015        1.0865
    655.5239        1.0844
    655.5463        1.1162
    655.5687        1.1354
    655.5911        1.1488
    655.6135        1.1643
    655.6359        1.1881
    655.6583        1.2119
    655.6807        1.2388
    655.7030        1.2626
    655.7254        1.2993
    655.7477        1.3298
    655.7701        1.3864
    655.7924        1.4367
    655.8148        1.5136
    655.8371        1.5629
    655.8594        1.6486
    655.8818        1.7368
    655.9041        1.8611
    655.9264        1.9554
    655.9487        2.0863
    655.9710        2.2086
    655.9933        2.3888
    656.0156        2.5399
    656.0378        2.7336
    656.0601        2.9294
    656.0824        3.1223
    656.1046        3.3104
    656.1269        3.5060
    656.1491        3.6534
    656.1714        3.7146
    656.1936        3.7814
    656.2159        3.7366
    656.2381        3.6739
    656.2603        3.5474
    656.2825        3.2791
    656.3047        2.8584
    656.3269        2.3102
    656.3491        1.8602
    656.3713        1.6057
    656.3934        1.6997
    656.4157        2.0719
    656.4378        2.6108
    656.4600        3.0699
    656.4821        3.4176
    656.5043        3.6371
    656.5264        3.7236
    656.5485        3.7578
    656.5707        3.7532
    656.5928        3.6630
    656.6149        3.5358
    656.6370        3.3687
    656.6591        3.1698
    656.6812        3.0002
    656.7033        2.7926
    656.7254        2.6136
    656.7474        2.4445
    656.7695        2.2723
    656.7916        2.1408
    656.8137        2.0022
    656.8357        1.8813
    656.8578        1.7875
    656.8798        1.6849
    656.9019        1.6068
    656.9239        1.5279
    656.9459        1.4637
    656.9679        1.4190
    656.9899        1.3648
    657.0120        1.3328
    657.0339        1.2905
    657.0560        1.2642
    657.0779        1.2178
    657.0999        1.1946
    657.1219        1.1814
    657.1439        1.1522
    657.1658        1.1335
    657.1878        1.1175
    657.2097        1.0877
    657.2317        1.0751
    657.2536        1.0824
    657.2755        1.0672
    657.2975        1.0611
    657.3194        1.0694
    657.3413        1.0436
    657.3632        1.0379
    657.3851        1.0292
    657.4070        1.0194
    657.4288        1.0139
    657.4508        1.0085
    657.4727        0.9956
    657.4945        0.9744
    657.5164        0.9854
    657.5382        0.9926
    657.5601        0.9949
    657.5819        1.0018
    657.6038        0.9948
    657.6256        0.9912
    657.6474        0.9926
    657.6693        1.0065
    657.6910        0.9941
    657.7128        0.9880
    657.7347        0.9871
    657.7565        0.9790
    657.7782        0.9887
    657.8000        0.9793
    657.8218        0.9823
    657.8436        0.9735
    657.8654        0.9778
    657.8871        0.9736
    657.9088        0.9814
    657.9305        0.9730
    657.9523        0.9909
    657.9741        0.9793
    657.9957        0.9843
    658.0175        0.9906
    658.0392        0.9731
    658.0609        0.9921
    658.0826        0.9828
    658.1043        0.9745
    658.1260        0.9838
    658.1477        0.9815
    658.1694        0.9922
    658.1910        0.9926
    658.2127        0.9851
    658.2344        0.9936
    658.2560        0.9847
    658.2776        0.9867
    658.2993        0.9900
    658.3209        0.9906
    658.3425        0.9963
    658.3641        0.9966
    658.3858        0.9893
    658.4073        1.0063
    658.4290        1.0068
    658.4506        1.0043
    658.4722        0.9806
    658.4938        0.9958
    658.5153        0.9924
    658.5369        0.9835
    658.5585        0.9829
    658.5800        0.9909
    658.6016        0.9922
    658.6232        0.9996
    658.6446        0.9925
    658.6662        0.9916
    658.6877        0.9938
    658.7093        0.9986
    658.7308        1.0149
    658.7523        1.0018
    658.7738        0.9925
    658.7953        0.9940
    658.8168        1.0000
    658.8383        1.0037
    658.8597        1.0088
    658.8812        1.0175
    658.9027        0.9939
    658.9241        1.0030
    658.9456        0.9919
    658.9670        1.0143
    658.9885        1.0154
    659.0099        1.0174
    659.0314        1.0247
    659.0527        1.0026
    659.0742        1.0188
    659.0956        1.0204
    659.1170        1.0109
    659.1384        1.0031
    659.1598        0.9995
    659.1812        1.0031
    659.2025        1.0126
    659.2239        0.9774
    659.2452        1.0031
    659.2667        0.9907
    659.2880        0.9979
    659.3093        1.0133
    659.3307        0.9948
    659.3520        1.0022
    659.3733        0.9968
    659.3946        1.0139
    659.4159        0.9999
    659.4373        0.9874
    659.4586        0.9973
    659.4799        0.9967
    659.5012        0.9947
    659.5225        0.9844
    659.5438        0.9971
    659.5651        0.9900
    659.5863        0.9979
    659.6075        0.9936
    659.6288        1.0095
    659.6500        0.9885
    659.6713        1.0000
    659.6925        0.9970
    659.7138        1.0167
    659.7350        0.9924
    659.7562        0.9945
    659.7774        1.0035
    659.7986        0.9898
    659.8198        0.9909
    659.8410        0.9409
    659.8622        0.9400
    659.8834        0.9398
