%\*l[nm]	Flux relative to continuum flux
648.85840   0.97508529
648.88257   0.97800370
648.90680   0.98148267
648.93097   0.99244035
648.95514   0.98536105
648.97931   0.98802252
649.00342   0.98032245
649.02759   0.97388218
649.05176   0.94848908
649.07587   0.97425370
649.09998   0.99488513
649.12415   1.00269460
649.14825   1.00464440
649.17236   1.00280140
649.19647   1.00199420
649.22058   0.99647618
649.24469   0.97865914
649.26880   0.96742043
649.29285   0.98151985
649.31696   1.00378070
649.34100   1.00719500
649.36511   1.01093090
649.38916   1.00484030
649.41321   0.99769069
649.43726   1.00252640
649.46130   1.00596980
649.48529   1.01115640
649.50934   0.99511169
649.53333   0.98236298
649.55737   0.96026621
649.58142   0.97620450
649.60541   0.99468415
649.62939   1.00484020
649.65344   1.00621610
649.67737   1.00677260
649.70135   0.99936633
649.72534   0.99089459
649.74933   0.99149723
649.77325   0.99867933
649.79724   1.01425560
649.82117   1.01215500
649.84509   1.00274240
649.86902   1.00740430
649.89294   1.00976510
649.91687   0.99950807
649.94080   0.99501514
649.96472   1.00160290
649.98865   0.99942508
650.01257   0.99766538
650.03644   1.00075390
650.06030   1.00446100
650.08417   0.99707979
650.10803   0.99871461
650.13196   0.99564197
650.15582   0.99700039
650.17963   0.99939892
650.20349   0.99808303
650.22736   0.99512928
650.25116   0.99961954
650.27502   0.99182400
650.29883   0.99680299
650.32263   0.99541359
650.34644   0.98678875
650.37024   0.99162355
650.39404   0.98693165
650.41785   0.98824603
650.44165   0.98597598
650.46545   0.99780908
650.48920   0.99124159
650.51294   0.99192847
650.53674   1.00001860
650.56049   0.99429518
650.58423   0.99510536
650.60797   0.99157250
650.63171   1.00159380
650.65540   0.99432196
650.67914   1.00054630
650.70288   0.99835131
650.72662   0.99343164
650.75031   0.99147995
650.77405   0.99566688
650.79773   0.98814241
650.82141   0.97628321
650.84509   0.98407431
650.86877   0.98144772
650.89246   0.99809696
650.91608   0.99930231
650.93976   0.99938383
650.96338   1.00417950
650.98700   1.00756410
651.01062   0.99384286
651.03430   0.99723776
651.05792   1.00472360
651.08154   1.00128270
651.10516   0.99899381
651.12878   1.00229600
651.15234   0.99622303
651.17596   0.99618524
651.19958   1.00317160
651.22314   1.02274920
651.24670   1.02693100
651.27026   1.03627230
651.29382   1.03500600
651.31738   1.02143770
651.34094   1.02653570
651.36450   1.02559290
651.38806   1.02017940
651.41156   1.00017660
651.43512   0.98327101
651.45862   0.99178883
651.48212   0.99133889
651.50562   1.01061160
651.52917   1.01152910
651.55261   0.99875277
651.57611   1.00007630
651.59961   0.97902554
651.62311   0.95592278
651.64655   0.95248105
651.67004   0.97778806
651.69348   1.03483100
651.71692   1.02115080
651.74036   1.02174570
651.76379   1.01026780
651.78723   1.00596450
651.81067   1.00311110
651.83411   1.00601020
651.85754   1.00452930
651.88092   0.98395270
651.90430   0.98025063
651.92767   0.97192817
651.95105   0.98122133
651.97449   0.99701829
651.99786   1.00015730
652.02124   1.00638550
652.04456   1.00816980
652.06799   1.00302960
652.09131   1.00195110
652.11462   0.99952742
652.13800   1.00254510
652.16132   0.99993207
652.18469   1.00012570
652.20795   0.99823537
652.23132   1.00661990
652.25458   1.00610840
652.27789   1.00043900
652.30115   0.99718944
652.32446   0.98234131
652.34778   0.96917170
652.37103   0.97675654
652.39435   0.98396839
652.41760   0.99730842
652.44080   1.00455320
652.46411   1.00132300
652.48737   1.00413230
652.51062   1.00080760
652.53381   0.99675971
652.55701   1.00207430
652.58026   0.99947597
652.60345   0.99979316
652.62671   0.99955034
652.64990   0.99793968
652.67310   1.00425180
652.69629   1.00057130
652.71948   0.99899402
652.74261   0.99818781
652.76581   1.00311150
652.78894   0.99885175
652.81213   0.99641830
652.83533   1.00235820
652.85846   1.00093060
652.88159   1.00227150
652.90472   0.99746767
652.92786   1.00110850
652.95099   1.00156330
652.97406   1.00053420
652.99719   0.99464740
653.02032   0.98649762
653.04340   0.99450757
653.06653   0.99851793
653.08960   0.99245105
653.11267   0.99782600
653.13574   0.99234649
653.15881   0.99378186
653.18188   0.97855763
653.20496   0.97108588
653.22797   0.97520179
653.25104   0.97877144
653.27405   0.99207803
653.29706   1.00365380
653.32013   0.99190681
653.34314   0.99166554
653.36609   0.98487606
653.38910   0.97714680
653.41211   0.98689017
653.43512   0.98924480
653.45813   0.98569748
653.48108   0.99745432
653.50403   0.98981036
653.52704   0.99882958
653.54999   0.99286994
653.57294   1.00030190
653.59589   0.99453082
653.61884   0.99149255
653.64172   0.99028413
653.66467   0.99225577
653.68762   0.98693137
653.71057   0.99314991
653.73346   0.99875773
653.75635   0.99140701
653.77924   0.99423592
653.80212   0.99699085
653.82507   1.00215200
653.84790   0.99193952
653.87079   0.98577948
653.89368   0.98851864
653.91650   0.98624202
653.93939   0.98704566
653.96222   0.98689921
653.98505   0.98897859
654.00793   0.99181475
654.03076   0.98229717
654.05359   0.98489280
654.07635   0.98335428
654.09924   0.98129826
654.12201   0.98088104
654.14484   0.97926879
654.16760   0.96935932
654.19037   0.96964557
654.21320   0.96795408
654.23596   0.97067350
654.25867   0.97424159
654.28149   0.96535380
654.30426   0.96032391
654.32703   0.95412070
654.34973   0.93386287
654.37244   0.92857971
654.39520   0.94001906
654.41791   0.95690413
654.44061   0.95307528
654.46332   0.96295955
654.48608   0.96293968
654.50873   0.96574882
654.53143   0.96296956
654.55414   0.95937326
654.57678   0.95519507
654.59949   0.96020196
654.62219   0.96476207
654.64484   0.95321855
654.66748   0.95622297
654.69012   0.95937194
654.71277   0.94969470
654.73547   0.94108673
654.75806   0.94228745
654.78064   0.94753248
654.80334   0.94535166
654.82593   0.92412249
654.84851   0.93065790
654.87115   0.93242035
654.89368   0.94282262
654.91632   0.94570530
654.93890   0.95212433
654.96149   0.95084474
654.98401   0.94887122
655.00659   0.95135607
655.02917   0.95076919
655.05170   0.94779044
655.07428   0.94239685
655.09680   0.94450824
655.11932   0.94205546
655.14185   0.93928023
655.16437   0.92827261
655.18689   0.92229145
655.20941   0.91773403
655.23187   0.90048782
655.25439   0.89651907
655.27692   0.91155701
655.29938   0.91772890
655.32184   0.92281349
655.34436   0.90919009
655.36682   0.91650595
655.38928   0.91111947
655.41174   0.91939024
655.43414   0.91665438
655.45660   0.91548558
655.47900   0.91702517
655.50146   0.92065755
655.52386   0.92399980
655.54626   0.93903035
655.56873   0.93601090
655.59113   0.94402413
655.61346   0.95616309
655.63586   0.95696242
655.65826   0.96996847
655.68066   0.97736998
655.70300   0.99699458
655.72540   1.03118020
655.74774   1.06246890
655.77008   1.09921140
655.79242   1.14695820
655.81482   1.20552030
655.83710   1.26698460
655.85944   1.33639360
655.88177   1.42130570
655.90411   1.49507350
655.92639   1.57615760
655.94867   1.66091300
655.97101   1.74422300
655.99329   1.82272490
656.01556   1.90848800
656.03784   1.99880340
656.06012   2.07005300
656.08240   2.10833170
656.10461   2.10024780
656.12689   2.07306300
656.14911   2.05826540
656.17139   2.04277560
656.19360   2.05942310
656.21588   2.07549780
656.23810   2.11502540
656.26031   2.09688370
656.28253   2.04853110
656.30469   1.95835360
656.32690   1.86798880
656.34906   1.77629390
656.37128   1.67779170
656.39343   1.58207850
656.41565   1.51723390
656.43781   1.44064970
656.45996   1.37981640
656.48212   1.30895670
656.50427   1.25999930
656.52643   1.20076520
656.54852   1.14077850
656.57068   1.10350020
656.59277   1.07159020
656.61487   1.03444500
656.63702   1.01350880
656.65912   0.98632051
656.68121   0.97219811
656.70331   0.95435030
656.72540   0.94842490
656.74744   0.93567583
656.76953   0.93692054
656.79163   0.93803948
656.81366   0.92375765
656.83575   0.92201163
656.85779   0.91750372
656.87982   0.91758534
656.90186   0.91525417
656.92389   0.92215524
656.94592   0.92292970
656.96790   0.92174915
656.98993   0.92655699
657.01196   0.92811752
657.03394   0.92388399
657.05597   0.92816457
657.07794   0.93201467
657.09991   0.93193757
657.12189   0.93393848
657.14386   0.92994332
657.16583   0.92381974
657.18781   0.91510714
657.20972   0.92694608
657.23169   0.93644229
657.25360   0.95530702
657.27551   0.94203137
657.29749   0.95101238
657.31940   0.95558800
657.34131   0.94777062
657.36316   0.94873399
657.38513   0.96180994
657.40698   0.95164765
657.42883   0.94653386
657.45081   0.92913661
657.47266   0.92124395
657.49451   0.93303029
657.51636   0.94632256
657.53821   0.95133994
657.56006   0.96344887
657.58191   0.96747320
657.60376   0.96545226
657.62561   0.96306011
657.64740   0.96590988
657.66925   0.96961521
657.69104   0.97029270
657.71283   0.96563744
657.73468   0.96836100
657.75647   0.97748508
657.77820   0.96681397
657.79999   0.97560405
657.82178   0.98652545
657.84357   0.97401650
657.86536   0.97867194
657.88708   0.97666586
657.90881   0.97751623
657.93054   0.97537423
657.95227   0.98657319
657.97406   0.98335641
657.99573   0.98063409
658.01746   0.99038504
658.03918   0.96889282
658.06091   0.98103147
658.08264   0.97666506
658.10431   0.98512428
658.12604   0.98399822
658.14771   0.98949374
658.16937   0.99297167
658.19104   0.98769618
658.21271   0.98992125
658.23438   0.98986215
658.25598   0.99385699
658.27765   0.99261277
658.29926   0.98873856
658.32092   0.99293401
658.34253   0.99855065
658.36414   0.99067866
658.38580   0.99159909
658.40735   1.00282570
658.42902   0.99829152
658.45056   0.99323907
658.47217   0.99233002
658.49377   0.99811439
658.51532   0.99190283
658.53693   0.98768911
658.55847   0.98812636
658.58002   0.99800658
658.60162   0.98738802
658.62317   0.99647196
658.64465   0.98752775
658.66620   0.99268029
658.68774   1.00102070
658.70929   1.02151330
658.73077   1.00739910
658.75232   1.00294460
658.77380   0.99853206
658.79529   1.00553900
658.81677   1.00026420
658.83826   1.00605680
658.85974   1.00518590
658.88123   1.01790090
658.90271   1.00663250
658.92413   1.01623240
658.94556   1.00980470
658.96704   1.00622800
658.98846   1.01207950
659.00989   1.00380010
659.03137   1.01722920
659.05273   1.00373120
659.07416   1.01858090
659.09558   1.00035170
659.11700   1.01120290
659.13837   1.00864700
659.15979   1.00458680
659.18115   1.00787340
659.20251   1.01537640
659.22394   1.01000110
659.24524   1.00144750
659.26666   1.00177840
659.28796   1.00561910
659.30933   0.99993497
659.33069   0.99681656
659.35199   1.01275850
659.37335   1.00272060
659.39465   0.99573034
659.41595   0.99902850
659.43732   1.00467970
659.45862   1.01472620
659.47986   1.01596980
659.50116   1.01156360
659.52246   1.00325150
659.54376   0.99873518
659.56506   1.00491330
659.58630   1.00676560
659.60754   0.99705571
659.62878   1.00219760
659.65002   0.99485157
659.67126   1.00101620
659.69250   0.98395777
659.71375   0.99679107
659.73499   0.98543373
659.75623   1.02741750
659.77740   0.98185447
659.79865   0.97424446
659.81982   1.01055570
659.84100   0.95246996
659.86218   0.95203865
659.88336   0.95067398
