    648.2516        1.0744
    648.2760        0.9899
    648.3003        0.9601
    648.3246        0.9576
    648.3490        0.9568
    648.3733        0.9604
    648.3976        0.9679
    648.4219        0.9990
    648.4462        0.9940
    648.4705        0.9986
    648.4947        1.0030
    648.5191        1.0021
    648.5433        0.9978
    648.5676        1.0003
    648.5919        1.0006
    648.6161        1.0100
    648.6404        0.9897
    648.6647        0.9899
    648.6888        0.9978
    648.7131        1.0077
    648.7374        1.0073
    648.7616        1.0051
    648.7858        1.0092
    648.8100        1.0092
    648.8342        1.0134
    648.8584        1.0024
    648.8826        1.0114
    648.9068        1.0010
    648.9310        1.0140
    648.9551        1.0172
    648.9793        1.0243
    649.0034        1.0076
    649.0276        0.9993
    649.0518        0.9503
    649.0759        0.9608
    649.1000        0.9820
    649.1241        1.0135
    649.1482        1.0139
    649.1724        1.0103
    649.1965        1.0142
    649.2206        1.0108
    649.2447        1.0053
    649.2688        0.9580
    649.2929        0.9607
    649.3170        0.9821
    649.3410        1.0070
    649.3651        1.0118
    649.3892        1.0021
    649.4132        1.0030
    649.4373        1.0014
    649.4613        1.0028
    649.4853        1.0126
    649.5093        1.0108
    649.5333        0.9872
    649.5574        0.9595
    649.5814        0.9447
    649.6054        0.9701
    649.6294        1.0074
    649.6534        1.0091
    649.6774        1.0159
    649.7014        1.0053
    649.7253        0.9986
    649.7493        0.9883
    649.7732        0.9867
    649.7972        1.0091
    649.8212        1.0011
    649.8451        1.0058
    649.8690        1.0078
    649.8929        1.0115
    649.9169        0.9906
    649.9408        1.0159
    649.9647        1.0026
    649.9887        0.9972
    650.0126        1.0069
    650.0364        1.0049
    650.0603        0.9983
    650.0842        1.0058
    650.1080        1.0005
    650.1320        1.0119
    650.1558        0.9945
    650.1796        1.0030
    650.2035        1.0018
    650.2274        1.0041
    650.2512        0.9979
    650.2750        0.9973
    650.2988        0.9979
    650.3226        0.9994
    650.3464        0.9904
    650.3702        0.9912
    650.3940        0.9929
    650.4179        0.9944
    650.4416        0.9913
    650.4655        0.9984
    650.4892        1.0117
    650.5129        0.9959
    650.5367        1.0092
    650.5605        0.9997
    650.5842        1.0087
    650.6080        1.0030
    650.6317        0.9990
    650.6554        1.0036
    650.6791        0.9984
    650.7029        0.9980
    650.7266        0.9825
    650.7503        1.0033
    650.7740        0.9821
    650.7977        0.9998
    650.8214        0.9809
    650.8451        0.9706
    650.8688        0.9768
    650.8925        0.9944
    650.9161        1.0004
    650.9398        0.9948
    650.9634        1.0045
    650.9870        1.0077
    651.0106        0.9919
    651.0343        0.9959
    651.0579        1.0018
    651.0815        1.0070
    651.1052        1.0065
    651.1288        1.0044
    651.1523        1.0022
    651.1760        0.9897
    651.1996        0.9917
    651.2231        0.9942
    651.2467        1.0002
    651.2703        1.0170
    651.2938        1.0215
    651.3174        1.0085
    651.3409        1.0132
    651.3645        1.0020
    651.3881        1.0049
    651.4116        0.9874
    651.4351        0.9650
    651.4586        0.9400
    651.4821        0.9449
    651.5056        0.9800
    651.5292        0.9881
    651.5526        0.9715
    651.5761        0.9797
    651.5996        0.9572
    651.6231        0.9603
    651.6466        0.8914
    651.6700        0.9122
    651.6935        0.9448
    651.7169        0.9647
    651.7404        0.9742
    651.7638        0.9880
    651.7872        0.9696
    651.8107        0.9806
    651.8341        0.9975
    651.8575        0.9972
    651.8809        0.9837
    651.9043        0.9755
    651.9277        0.9591
    651.9511        0.9664
    651.9745        0.9900
    651.9979        1.0064
    652.0212        1.0092
    652.0446        1.0138
    652.0680        1.0101
    652.0913        1.0098
    652.1146        1.0132
    652.1380        1.0042
    652.1613        1.0039
    652.1847        1.0053
    652.2079        0.9832
    652.2313        0.9997
    652.2546        0.9876
    652.2779        1.0039
    652.3012        0.9945
    652.3245        0.9742
    652.3478        0.9633
    652.3710        0.9488
    652.3944        0.9609
    652.4176        0.9811
    652.4408        0.9843
    652.4641        0.9943
    652.4874        0.9944
    652.5106        0.9948
    652.5338        0.9948
    652.5570        0.9891
    652.5803        0.9848
    652.6034        0.9879
    652.6267        0.9897
    652.6499        0.9915
    652.6731        0.9956
    652.6963        0.9918
    652.7195        0.9959
    652.7426        0.9852
    652.7658        0.9934
    652.7889        0.9892
    652.8121        0.9934
    652.8353        0.9850
    652.8585        0.9799
    652.8816        0.9931
    652.9047        0.9926
    652.9279        0.9880
    652.9510        0.9889
    652.9741        0.9858
    652.9972        0.9840
    653.0203        0.9682
    653.0434        0.9751
    653.0665        0.9837
    653.0896        0.9792
    653.1127        0.9847
    653.1357        0.9879
    653.1588        0.9897
    653.1819        0.9758
    653.2050        0.9588
    653.2280        0.9525
    653.2510        0.9613
    653.2740        0.9711
    653.2971        0.9915
    653.3201        0.9792
    653.3431        0.9733
    653.3661        0.9636
    653.3891        0.9664
    653.4121        0.9603
    653.4351        0.9626
    653.4581        0.9698
    653.4811        0.9758
    653.5040        0.9776
    653.5270        0.9747
    653.5500        0.9771
    653.5729        0.9775
    653.5959        0.9763
    653.6188        0.9711
    653.6417        0.9753
    653.6647        0.9716
    653.6876        0.9660
    653.7106        0.9792
    653.7335        0.9737
    653.7563        0.9717
    653.7792        0.9767
    653.8021        0.9741
    653.8251        0.9705
    653.8479        0.9843
    653.8708        0.9652
    653.8937        0.9756
    653.9165        0.9742
    653.9394        0.9662
    653.9622        0.9710
    653.9851        0.9600
    654.0079        0.9724
    654.0308        0.9627
    654.0536        0.9609
    654.0764        0.9676
    654.0992        0.9628
    654.1220        0.9573
    654.1448        0.9612
    654.1676        0.9561
    654.1904        0.9409
    654.2132        0.9394
    654.2360        0.9345
    654.2587        0.9474
    654.2815        0.9499
    654.3043        0.9510
    654.3270        0.9489
    654.3497        0.9196
    654.3724        0.9050
    654.3952        0.8997
    654.4179        0.9267
    654.4406        0.9372
    654.4633        0.9444
    654.4861        0.9462
    654.5087        0.9497
    654.5314        0.9359
    654.5541        0.9407
    654.5768        0.9269
    654.5995        0.9309
    654.6222        0.9380
    654.6448        0.9361
    654.6675        0.9312
    654.6901        0.9261
    654.7128        0.9298
    654.7355        0.9160
    654.7581        0.9116
    654.7806        0.9088
    654.8033        0.9108
    654.8259        0.8952
    654.8485        0.8912
    654.8711        0.8863
    654.8937        0.8940
    654.9163        0.9042
    654.9389        0.9234
    654.9615        0.9164
    654.9840        0.9110
    655.0066        0.9050
    655.0292        0.9072
    655.0517        0.9164
    655.0743        0.9138
    655.0968        0.8980
    655.1193        0.9007
    655.1418        0.8969
    655.1644        0.9015
    655.1869        0.8819
    655.2094        0.8738
    655.2319        0.8492
    655.2544        0.8391
    655.2769        0.8485
    655.2994        0.8563
    655.3218        0.8714
    655.3444        0.8643
    655.3668        0.8606
    655.3893        0.8500
    655.4117        0.8597
    655.4341        0.8614
    655.4566        0.8568
    655.4790        0.8630
    655.5015        0.8660
    655.5239        0.8614
    655.5463        0.8601
    655.5687        0.8639
    655.5911        0.8733
    655.6135        0.8676
    655.6359        0.8678
    655.6583        0.8740
    655.6807        0.8779
    655.7030        0.8749
    655.7254        0.8947
    655.7477        0.9040
    655.7701        0.9219
    655.7924        0.9466
    655.8148        0.9811
    655.8371        1.0002
    655.8594        1.0470
    655.8818        1.0848
    655.9041        1.1247
    655.9264        1.1730
    655.9487        1.2207
    655.9710        1.2644
    655.9933        1.3210
    656.0156        1.3620
    656.0378        1.4220
    656.0601        1.4690
    656.0824        1.5064
    656.1046        1.5362
    656.1269        1.5633
    656.1491        1.5521
    656.1714        1.5314
    656.1936        1.4912
    656.2159        1.4172
    656.2381        1.3609
    656.2603        1.3039
    656.2825        1.2630
    656.3047        1.2260
    656.3269        1.2096
    656.3491        1.2229
    656.3713        1.2403
    656.3934        1.2718
    656.4157        1.3392
    656.4378        1.4070
    656.4600        1.4809
    656.4821        1.5506
    656.5043        1.5496
    656.5264        1.5599
    656.5485        1.5428
    656.5707        1.5121
    656.5928        1.4771
    656.6149        1.4182
    656.6370        1.3586
    656.6591        1.3112
    656.6812        1.2489
    656.7033        1.2021
    656.7254        1.1550
    656.7474        1.1227
    656.7695        1.0881
    656.7916        1.0417
    656.8137        1.0145
    656.8357        0.9849
    656.8578        0.9477
    656.8798        0.9290
    656.9019        0.9228
    656.9239        0.8998
    656.9459        0.9042
    656.9679        0.8943
    656.9899        0.8980
    657.0120        0.8887
    657.0339        0.8779
    657.0560        0.8750
    657.0779        0.8713
    657.0999        0.8768
    657.1219        0.8759
    657.1439        0.8741
    657.1658        0.8650
    657.1878        0.8456
    657.2097        0.8533
    657.2317        0.8613
    657.2536        0.8739
    657.2755        0.8795
    657.2975        0.9003
    657.3194        0.8952
    657.3413        0.8897
    657.3632        0.8925
    657.3851        0.9103
    657.4070        0.9029
    657.4288        0.8923
    657.4508        0.8811
    657.4727        0.8706
    657.4945        0.8687
    657.5164        0.8991
    657.5382        0.9037
    657.5601        0.9198
    657.5819        0.9204
    657.6038        0.9254
    657.6256        0.9257
    657.6474        0.9375
    657.6693        0.9248
    657.6910        0.9375
    657.7128        0.9425
    657.7347        0.9372
    657.7565        0.9524
    657.7782        0.9457
    657.8000        0.9422
    657.8218        0.9551
    657.8436        0.9413
    657.8654        0.9463
    657.8871        0.9547
    657.9088        0.9447
    657.9305        0.9804
    657.9523        0.9465
    657.9741        0.9604
    657.9957        0.9487
    658.0175        0.9666
    658.0392        0.9486
    658.0609        0.9517
    658.0826        0.9425
    658.1043        0.9563
    658.1260        0.9726
    658.1477        0.9832
    658.1694        0.9730
    658.1910        0.9633
    658.2127        0.9774
    658.2344        0.9701
    658.2560        0.9623
    658.2776        0.9797
    658.2993        0.9712
    658.3209        0.9841
    658.3425        0.9820
    658.3641        0.9671
    658.3858        0.9799
    658.4073        0.9812
    658.4290        0.9858
    658.4506        0.9871
    658.4722        0.9779
    658.4938        0.9739
    658.5153        0.9980
    658.5369        0.9745
    658.5585        0.9753
    658.5800        0.9751
    658.6016        0.9762
    658.6232        0.9839
    658.6446        0.9754
    658.6662        0.9756
    658.6877        0.9789
    658.7093        0.9900
    658.7308        1.0117
    658.7523        1.0012
    658.7738        0.9980
    658.7953        1.0128
    658.8168        1.0000
    658.8383        0.9890
    658.8597        1.0104
    658.8812        1.0007
    658.9027        1.0130
    658.9241        0.9999
    658.9456        1.0088
    658.9670        1.0055
    658.9885        1.0071
    659.0099        1.0109
    659.0314        1.0120
    659.0527        1.0256
    659.0742        1.0435
    659.0956        1.0296
    659.1170        1.0502
    659.1384        1.0541
    659.1598        1.0376
    659.1812        1.0255
    659.2025        1.0280
    659.2239        1.0299
    659.2452        1.0011
    659.2667        1.0177
    659.2880        1.0029
    659.3093        1.0044
    659.3307        1.0088
    659.3520        0.9996
    659.3733        1.0025
    659.3946        1.0088
    659.4159        1.0010
    659.4373        0.9894
    659.4586        0.9976
    659.4799        1.0051
    659.5012        1.0049
    659.5225        0.9992
    659.5438        1.0062
    659.5651        1.0001
    659.5863        0.9921
    659.6075        1.0090
    659.6288        1.0112
    659.6500        1.0008
    659.6713        0.9976
    659.6925        0.9864
    659.7138        1.0144
    659.7350        0.9916
    659.7562        1.0016
    659.7774        0.9905
    659.7986        0.9934
    659.8198        1.0138
    659.8410        0.9520
    659.8622        0.9513
    659.8834        0.9507
